Germany, Period fertility rates by calendar year, age reached during the year (ARDY) and birth cohort (vertical parallelograms)
Last modified: 04/02/2019
Year    ARDY   Cohort        ASFR
1956     12-    1944+     0.00000
1956     13     1943      0.00000
1956     14     1942      0.00003
1956     15     1941      0.00047
1956     16     1940      0.00241
1956     17     1939      0.01059
1956     18     1938      0.03106
1956     19     1937      0.06163
1956     20     1936      0.09026
1956     21     1935      0.11516
1956     22     1934      0.13525
1956     23     1933      0.14734
1956     24     1932      0.15042
1956     25     1931      0.15085
1956     26     1930      0.14493
1956     27     1929      0.13926
1956     28     1928      0.13216
1956     29     1927      0.12346
1956     30     1926      0.11341
1956     31     1925      0.10057
1956     32     1924      0.09433
1956     33     1923      0.08391
1956     34     1922      0.07364
1956     35     1921      0.06469
1956     36     1920      0.05483
1956     37     1919      0.04758
1956     38     1918      0.03927
1956     39     1917      0.03297
1956     40     1916      0.02592
1956     41     1915      0.01962
1956     42     1914      0.01425
1956     43     1913      0.00950
1956     44     1912      0.00598
1956     45     1911      0.00329
1956     46     1910      0.00133
1956     47     1909      0.00068
1956     48     1908      0.00033
1956     49     1907      0.00016
1956     50     1906      0.00008
1956     51     1905      0.00004
1956     52     1904      0.00002
1956     53     1903      0.00001
1956     54     1902      0.00000
1956     55+    1901-     0.00000
1957     12-    1945+     0.00000
1957     13     1944      0.00000
1957     14     1943      0.00004
1957     15     1942      0.00056
1957     16     1941      0.00247
1957     17     1940      0.01167
1957     18     1939      0.03179
1957     19     1938      0.06192
1957     20     1937      0.09292
1957     21     1936      0.11651
1957     22     1935      0.13723
1957     23     1934      0.15057
1957     24     1933      0.15711
1957     25     1932      0.15783
1957     26     1931      0.15446
1957     27     1930      0.14386
1957     28     1929      0.13635
1957     29     1928      0.12583
1957     30     1927      0.11572
1957     31     1926      0.10455
1957     32     1925      0.09240
1957     33     1924      0.08505
1957     34     1923      0.07541
1957     35     1922      0.06556
1957     36     1921      0.05677
1957     37     1920      0.04679
1957     38     1919      0.04010
1957     39     1918      0.03181
1957     40     1917      0.02600
1957     41     1916      0.01938
1957     42     1915      0.01370
1957     43     1914      0.00941
1957     44     1913      0.00578
1957     45     1912      0.00314
1957     46     1911      0.00141
1957     47     1910      0.00075
1957     48     1909      0.00037
1957     49     1908      0.00018
1957     50     1907      0.00008
1957     51     1906      0.00004
1957     52     1905      0.00002
1957     53     1904      0.00001
1957     54     1903      0.00000
1957     55+    1902-     0.00000
1958     12-    1946+     0.00000
1958     13     1945      0.00000
1958     14     1944      0.00004
1958     15     1943      0.00055
1958     16     1942      0.00270
1958     17     1941      0.01120
1958     18     1940      0.03219
1958     19     1939      0.06083
1958     20     1938      0.09086
1958     21     1937      0.11577
1958     22     1936      0.13683
1958     23     1935      0.15101
1958     24     1934      0.15827
1958     25     1933      0.16028
1958     26     1932      0.15441
1958     27     1931      0.14954
1958     28     1930      0.13636
1958     29     1929      0.12804
1958     30     1928      0.11561
1958     31     1927      0.10510
1958     32     1926      0.09457
1958     33     1925      0.08211
1958     34     1924      0.07471
1958     35     1923      0.06579
1958     36     1922      0.05590
1958     37     1921      0.04717
1958     38     1920      0.03825
1958     39     1919      0.03196
1958     40     1918      0.02475
1958     41     1917      0.01873
1958     42     1916      0.01343
1958     43     1915      0.00855
1958     44     1914      0.00526
1958     45     1913      0.00302
1958     46     1912      0.00128
1958     47     1911      0.00067
1958     48     1910      0.00033
1958     49     1909      0.00016
1958     50     1908      0.00008
1958     51     1907      0.00004
1958     52     1906      0.00002
1958     53     1905      0.00001
1958     54     1904      0.00000
1958     55+    1903-     0.00000
1959     12-    1947+     0.00000
1959     13     1946      0.00000
1959     14     1945      0.00005
1959     15     1944      0.00071
1959     16     1943      0.00305
1959     17     1942      0.01336
1959     18     1941      0.03508
1959     19     1940      0.06716
1959     20     1939      0.09720
1959     21     1938      0.12188
1959     22     1937      0.14354
1959     23     1936      0.15570
1959     24     1935      0.16444
1959     25     1934      0.16620
1959     26     1933      0.16393
1959     27     1932      0.15483
1959     28     1931      0.14520
1959     29     1930      0.13074
1959     30     1929      0.11862
1959     31     1928      0.10747
1959     32     1927      0.09618
1959     33     1926      0.08479
1959     34     1925      0.07387
1959     35     1924      0.06599
1959     36     1923      0.05807
1959     37     1922      0.04900
1959     38     1921      0.04078
1959     39     1920      0.03179
1959     40     1919      0.02572
1959     41     1918      0.01907
1959     42     1917      0.01333
1959     43     1916      0.00899
1959     44     1915      0.00515
1959     45     1914      0.00307
1959     46     1913      0.00127
1959     47     1912      0.00066
1959     48     1911      0.00032
1959     49     1910      0.00016
1959     50     1909      0.00008
1959     51     1908      0.00004
1959     52     1907      0.00002
1959     53     1906      0.00001
1959     54     1905      0.00000
1959     55+    1904-     0.00000
1960     12-    1948+     0.00000
1960     13     1947      0.00000
1960     14     1946      0.00005
1960     15     1945      0.00091
1960     16     1944      0.00394
1960     17     1943      0.01507
1960     18     1942      0.03764
1960     19     1941      0.06974
1960     20     1940      0.09976
1960     21     1939      0.12245
1960     22     1938      0.14089
1960     23     1937      0.15650
1960     24     1936      0.16278
1960     25     1935      0.16655
1960     26     1934      0.16202
1960     27     1933      0.15545
1960     28     1932      0.14362
1960     29     1931      0.13335
1960     30     1930      0.11837
1960     31     1929      0.10781
1960     32     1928      0.09572
1960     33     1927      0.08395
1960     34     1926      0.07379
1960     35     1925      0.06344
1960     36     1924      0.05674
1960     37     1923      0.04861
1960     38     1922      0.04013
1960     39     1921      0.03219
1960     40     1920      0.02409
1960     41     1919      0.01939
1960     42     1918      0.01308
1960     43     1917      0.00860
1960     44     1916      0.00530
1960     45     1915      0.00275
1960     46     1914      0.00120
1960     47     1913      0.00064
1960     48     1912      0.00032
1960     49     1911      0.00016
1960     50     1910      0.00008
1960     51     1909      0.00004
1960     52     1908      0.00002
1960     53     1907      0.00001
1960     54     1906      0.00000
1960     55+    1905-     0.00000
1961     12-    1949+     0.00000
1961     13     1948      0.00000
1961     14     1947      0.00006
1961     15     1946      0.00104
1961     16     1945      0.00505
1961     17     1944      0.01793
1961     18     1943      0.04199
1961     19     1942      0.07445
1961     20     1941      0.10664
1961     21     1940      0.13153
1961     22     1939      0.14920
1961     23     1938      0.16234
1961     24     1937      0.16907
1961     25     1936      0.16907
1961     26     1935      0.16673
1961     27     1934      0.15842
1961     28     1933      0.14846
1961     29     1932      0.13575
1961     30     1931      0.12287
1961     31     1930      0.10776
1961     32     1929      0.09665
1961     33     1928      0.08454
1961     34     1927      0.07471
1961     35     1926      0.06476
1961     36     1925      0.05563
1961     37     1924      0.04836
1961     38     1923      0.04037
1961     39     1922      0.03285
1961     40     1921      0.02507
1961     41     1920      0.01838
1961     42     1919      0.01327
1961     43     1918      0.00863
1961     44     1917      0.00490
1961     45     1916      0.00292
1961     46     1915      0.00112
1961     47     1914      0.00056
1961     48     1913      0.00027
1961     49     1912      0.00013
1961     50     1911      0.00007
1961     51     1910      0.00003
1961     52     1909      0.00002
1961     53     1908      0.00001
1961     54     1907      0.00000
1961     55+    1906-     0.00000
1962     12-    1950+     0.00000
1962     13     1949      0.00000
1962     14     1948      0.00006
1962     15     1947      0.00109
1962     16     1946      0.00508
1962     17     1945      0.01969
1962     18     1944      0.04537
1962     19     1943      0.07784
1962     20     1942      0.10876
1962     21     1941      0.13196
1962     22     1940      0.15336
1962     23     1939      0.16557
1962     24     1938      0.17086
1962     25     1937      0.17046
1962     26     1936      0.16625
1962     27     1935      0.15587
1962     28     1934      0.14620
1962     29     1933      0.13398
1962     30     1932      0.12176
1962     31     1931      0.10817
1962     32     1930      0.09360
1962     33     1929      0.08336
1962     34     1928      0.07228
1962     35     1927      0.06279
1962     36     1926      0.05391
1962     37     1925      0.04586
1962     38     1924      0.03857
1962     39     1923      0.03145
1962     40     1922      0.02446
1962     41     1921      0.01805
1962     42     1920      0.01272
1962     43     1919      0.00879
1962     44     1918      0.00499
1962     45     1917      0.00267
1962     46     1916      0.00102
1962     47     1915      0.00050
1962     48     1914      0.00024
1962     49     1913      0.00012
1962     50     1912      0.00006
1962     51     1911      0.00003
1962     52     1910      0.00002
1962     53     1909      0.00001
1962     54     1908      0.00000
1962     55+    1907-     0.00000
1963     12-    1951+     0.00000
1963     13     1950      0.00000
1963     14     1949      0.00006
1963     15     1948      0.00103
1963     16     1947      0.00532
1963     17     1946      0.02131
1963     18     1945      0.05101
1963     19     1944      0.08541
1963     20     1943      0.11415
1963     21     1942      0.13610
1963     22     1941      0.15704
1963     23     1940      0.16822
1963     24     1939      0.17471
1963     25     1938      0.17499
1963     26     1937      0.17035
1963     27     1936      0.16076
1963     28     1935      0.14850
1963     29     1934      0.13695
1963     30     1933      0.12477
1963     31     1932      0.11127
1963     32     1931      0.09798
1963     33     1930      0.08480
1963     34     1929      0.07371
1963     35     1928      0.06394
1963     36     1927      0.05521
1963     37     1926      0.04646
1963     38     1925      0.03846
1963     39     1924      0.03162
1963     40     1923      0.02502
1963     41     1922      0.01878
1963     42     1921      0.01278
1963     43     1920      0.00816
1963     44     1919      0.00534
1963     45     1918      0.00280
1963     46     1917      0.00100
1963     47     1916      0.00047
1963     48     1915      0.00023
1963     49     1914      0.00011
1963     50     1913      0.00006
1963     51     1912      0.00003
1963     52     1911      0.00002
1963     53     1910      0.00001
1963     54     1909      0.00000
1963     55+    1908-     0.00000
1964     12-    1952+     0.00000
1964     13     1951      0.00000
1964     14     1950      0.00006
1964     15     1949      0.00099
1964     16     1948      0.00520
1964     17     1947      0.02207
1964     18     1946      0.05290
1964     19     1945      0.09266
1964     20     1944      0.12127
1964     21     1943      0.14011
1964     22     1942      0.15585
1964     23     1941      0.16800
1964     24     1940      0.17423
1964     25     1939      0.17400
1964     26     1938      0.17030
1964     27     1937      0.16162
1964     28     1936      0.14896
1964     29     1935      0.13656
1964     30     1934      0.12458
1964     31     1933      0.11228
1964     32     1932      0.09921
1964     33     1931      0.08716
1964     34     1930      0.07455
1964     35     1929      0.06439
1964     36     1928      0.05506
1964     37     1927      0.04686
1964     38     1926      0.03882
1964     39     1925      0.03073
1964     40     1924      0.02472
1964     41     1923      0.01865
1964     42     1922      0.01314
1964     43     1921      0.00871
1964     44     1920      0.00498
1964     45     1919      0.00291
1964     46     1918      0.00108
1964     47     1917      0.00051
1964     48     1916      0.00025
1964     49     1915      0.00012
1964     50     1914      0.00006
1964     51     1913      0.00003
1964     52     1912      0.00002
1964     53     1911      0.00001
1964     54     1910      0.00000
1964     55+    1909-     0.00000
1965     12-    1953+     0.00000
1965     13     1952      0.00000
1965     14     1951      0.00005
1965     15     1950      0.00096
1965     16     1949      0.00541
1965     17     1948      0.02205
1965     18     1947      0.05541
1965     19     1946      0.09439
1965     20     1945      0.12694
1965     21     1944      0.14504
1965     22     1943      0.15812
1965     23     1942      0.16356
1965     24     1941      0.16899
1965     25     1940      0.17032
1965     26     1939      0.16680
1965     27     1938      0.15789
1965     28     1937      0.14696
1965     29     1936      0.13289
1965     30     1935      0.12117
1965     31     1934      0.10829
1965     32     1933      0.09668
1965     33     1932      0.08472
1965     34     1931      0.07329
1965     35     1930      0.06238
1965     36     1929      0.05356
1965     37     1928      0.04470
1965     38     1927      0.03731
1965     39     1926      0.03005
1965     40     1925      0.02373
1965     41     1924      0.01813
1965     42     1923      0.01245
1965     43     1922      0.00821
1965     44     1921      0.00482
1965     45     1920      0.00265
1965     46     1919      0.00109
1965     47     1918      0.00055
1965     48     1917      0.00027
1965     49     1916      0.00014
1965     50     1915      0.00007
1965     51     1914      0.00003
1965     52     1913      0.00002
1965     53     1912      0.00001
1965     54     1911      0.00000
1965     55+    1910-     0.00000
1966     12-    1954+     0.00000
1966     13     1953      0.00000
1966     14     1952      0.00005
1966     15     1951      0.00092
1966     16     1950      0.00530
1966     17     1949      0.02267
1966     18     1948      0.05562
1966     19     1947      0.09946
1966     20     1946      0.13355
1966     21     1945      0.15171
1966     22     1944      0.16321
1966     23     1943      0.16733
1966     24     1942      0.16918
1966     25     1941      0.16856
1966     26     1940      0.16501
1966     27     1939      0.15737
1966     28     1938      0.14622
1966     29     1937      0.13277
1966     30     1936      0.11986
1966     31     1935      0.10636
1966     32     1934      0.09427
1966     33     1933      0.08401
1966     34     1932      0.07254
1966     35     1931      0.06186
1966     36     1930      0.05303
1966     37     1929      0.04389
1966     38     1928      0.03628
1966     39     1927      0.02891
1966     40     1926      0.02229
1966     41     1925      0.01632
1966     42     1924      0.01186
1966     43     1923      0.00766
1966     44     1922      0.00465
1966     45     1921      0.00252
1966     46     1920      0.00098
1966     47     1919      0.00052
1966     48     1918      0.00026
1966     49     1917      0.00013
1966     50     1916      0.00006
1966     51     1915      0.00003
1966     52     1914      0.00002
1966     53     1913      0.00001
1966     54     1912      0.00000
1966     55+    1911-     0.00000
1967     12-    1955+     0.00000
1967     13     1954      0.00000
1967     14     1953      0.00005
1967     15     1952      0.00091
1967     16     1951      0.00495
1967     17     1950      0.02172
1967     18     1949      0.05586
1967     19     1948      0.09923
1967     20     1947      0.13572
1967     21     1946      0.15710
1967     22     1945      0.16689
1967     23     1944      0.16720
1967     24     1943      0.16574
1967     25     1942      0.16230
1967     26     1941      0.15771
1967     27     1940      0.14999
1967     28     1939      0.14041
1967     29     1938      0.12865
1967     30     1937      0.11585
1967     31     1936      0.10238
1967     32     1935      0.08960
1967     33     1934      0.07953
1967     34     1933      0.07033
1967     35     1932      0.06043
1967     36     1931      0.05127
1967     37     1930      0.04204
1967     38     1929      0.03480
1967     39     1928      0.02759
1967     40     1927      0.02126
1967     41     1926      0.01557
1967     42     1925      0.01041
1967     43     1924      0.00727
1967     44     1923      0.00439
1967     45     1922      0.00253
1967     46     1921      0.00093
1967     47     1920      0.00049
1967     48     1919      0.00025
1967     49     1918      0.00012
1967     50     1917      0.00006
1967     51     1916      0.00003
1967     52     1915      0.00002
1967     53     1914      0.00001
1967     54     1913      0.00000
1967     55+    1912-     0.00000
1968     12-    1956+     0.00000
1968     13     1955      0.00000
1968     14     1954      0.00006
1968     15     1953      0.00099
1968     16     1952      0.00502
1968     17     1951      0.02214
1968     18     1950      0.05568
1968     19     1949      0.09877
1968     20     1948      0.13402
1968     21     1947      0.15699
1968     22     1946      0.16540
1968     23     1945      0.16200
1968     24     1944      0.15825
1968     25     1943      0.15347
1968     26     1942      0.14857
1968     27     1941      0.14149
1968     28     1940      0.13206
1968     29     1939      0.12209
1968     30     1938      0.10970
1968     31     1937      0.09757
1968     32     1936      0.08586
1968     33     1935      0.07422
1968     34     1934      0.06642
1968     35     1933      0.05853
1968     36     1932      0.05012
1968     37     1931      0.04141
1968     38     1930      0.03358
1968     39     1929      0.02713
1968     40     1928      0.02054
1968     41     1927      0.01498
1968     42     1926      0.01036
1968     43     1925      0.00675
1968     44     1924      0.00422
1968     45     1923      0.00235
1968     46     1922      0.00088
1968     47     1921      0.00047
1968     48     1920      0.00024
1968     49     1919      0.00012
1968     50     1918      0.00006
1968     51     1917      0.00003
1968     52     1916      0.00001
1968     53     1915      0.00001
1968     54     1914      0.00000
1968     55+    1913-     0.00000
1969     12-    1957+     0.00000
1969     13     1956      0.00000
1969     14     1955      0.00005
1969     15     1954      0.00101
1969     16     1953      0.00530
1969     17     1952      0.02341
1969     18     1951      0.05775
1969     19     1950      0.09870
1969     20     1949      0.13072
1969     21     1948      0.14663
1969     22     1947      0.15384
1969     23     1946      0.15143
1969     24     1945      0.14371
1969     25     1944      0.14166
1969     26     1943      0.13683
1969     27     1942      0.12827
1969     28     1941      0.12072
1969     29     1940      0.11151
1969     30     1939      0.10223
1969     31     1938      0.09117
1969     32     1937      0.08055
1969     33     1936      0.07059
1969     34     1935      0.06117
1969     35     1934      0.05430
1969     36     1933      0.04718
1969     37     1932      0.03943
1969     38     1931      0.03267
1969     39     1930      0.02539
1969     40     1929      0.01891
1969     41     1928      0.01405
1969     42     1927      0.00980
1969     43     1926      0.00630
1969     44     1925      0.00378
1969     45     1924      0.00214
1969     46     1923      0.00082
1969     47     1922      0.00044
1969     48     1921      0.00023
1969     49     1920      0.00011
1969     50     1919      0.00006
1969     51     1918      0.00003
1969     52     1917      0.00001
1969     53     1916      0.00001
1969     54     1915      0.00000
1969     55+    1914-     0.00000
1970     12-    1958+     0.00000
1970     13     1957      0.00000
1970     14     1956      0.00006
1970     15     1955      0.00117
1970     16     1954      0.00599
1970     17     1953      0.02460
1970     18     1952      0.05734
1970     19     1951      0.09841
1970     20     1950      0.12454
1970     21     1949      0.13696
1970     22     1948      0.14109
1970     23     1947      0.13969
1970     24     1946      0.13430
1970     25     1945      0.12735
1970     26     1944      0.12243
1970     27     1943      0.11581
1970     28     1942      0.10747
1970     29     1941      0.09956
1970     30     1940      0.09044
1970     31     1939      0.08161
1970     32     1938      0.07173
1970     33     1937      0.06259
1970     34     1936      0.05494
1970     35     1935      0.04794
1970     36     1934      0.04180
1970     37     1933      0.03665
1970     38     1932      0.03024
1970     39     1931      0.02358
1970     40     1930      0.01766
1970     41     1929      0.01305
1970     42     1928      0.00906
1970     43     1927      0.00587
1970     44     1926      0.00339
1970     45     1925      0.00189
1970     46     1924      0.00081
1970     47     1923      0.00045
1970     48     1922      0.00024
1970     49     1921      0.00012
1970     50     1920      0.00006
1970     51     1919      0.00003
1970     52     1918      0.00001
1970     53     1917      0.00001
1970     54     1916      0.00000
1970     55+    1915-     0.00000
1971     12-    1959+     0.00000
1971     13     1958      0.00000
1971     14     1957      0.00007
1971     15     1956      0.00137
1971     16     1955      0.00680
1971     17     1954      0.02626
1971     18     1953      0.05942
1971     19     1952      0.09581
1971     20     1951      0.12110
1971     21     1950      0.13441
1971     22     1949      0.13903
1971     23     1948      0.13636
1971     24     1947      0.13322
1971     25     1946      0.12858
1971     26     1945      0.12002
1971     27     1944      0.11158
1971     28     1943      0.10375
1971     29     1942      0.09415
1971     30     1941      0.08537
1971     31     1940      0.07541
1971     32     1939      0.06634
1971     33     1938      0.05895
1971     34     1937      0.05114
1971     35     1936      0.04429
1971     36     1935      0.03844
1971     37     1934      0.03316
1971     38     1933      0.02829
1971     39     1932      0.02292
1971     40     1931      0.01709
1971     41     1930      0.01260
1971     42     1929      0.00871
1971     43     1928      0.00584
1971     44     1927      0.00332
1971     45     1926      0.00179
1971     46     1925      0.00072
1971     47     1924      0.00039
1971     48     1923      0.00020
1971     49     1922      0.00010
1971     50     1921      0.00005
1971     51     1920      0.00003
1971     52     1919      0.00001
1971     53     1918      0.00001
1971     54     1917      0.00000
1971     55+    1916-     0.00000
1972     12-    1960+     0.00000
1972     13     1959      0.00000
1972     14     1958      0.00007
1972     15     1957      0.00141
1972     16     1956      0.00675
1972     17     1955      0.02484
1972     18     1954      0.05266
1972     19     1953      0.08385
1972     20     1952      0.10609
1972     21     1951      0.11659
1972     22     1950      0.12263
1972     23     1949      0.12306
1972     24     1948      0.12063
1972     25     1947      0.11597
1972     26     1946      0.10921
1972     27     1945      0.10017
1972     28     1944      0.09161
1972     29     1943      0.08447
1972     30     1942      0.07448
1972     31     1941      0.06526
1972     32     1940      0.05719
1972     33     1939      0.05048
1972     34     1938      0.04368
1972     35     1937      0.03773
1972     36     1936      0.03230
1972     37     1935      0.02766
1972     38     1934      0.02297
1972     39     1933      0.01985
1972     40     1932      0.01525
1972     41     1931      0.01120
1972     42     1930      0.00754
1972     43     1929      0.00503
1972     44     1928      0.00282
1972     45     1927      0.00161
1972     46     1926      0.00068
1972     47     1925      0.00037
1972     48     1924      0.00019
1972     49     1923      0.00010
1972     50     1922      0.00005
1972     51     1921      0.00002
1972     52     1920      0.00001
1972     53     1919      0.00001
1972     54     1918      0.00000
1972     55+    1917-     0.00000
1973     12-    1961+     0.00000
1973     13     1960      0.00000
1973     14     1959      0.00007
1973     15     1958      0.00139
1973     16     1957      0.00629
1973     17     1956      0.02124
1973     18     1955      0.04598
1973     19     1954      0.07309
1973     20     1953      0.09299
1973     21     1952      0.10409
1973     22     1951      0.10996
1973     23     1950      0.11358
1973     24     1949      0.11136
1973     25     1948      0.10848
1973     26     1947      0.10176
1973     27     1946      0.09497
1973     28     1945      0.08400
1973     29     1944      0.07505
1973     30     1943      0.06722
1973     31     1942      0.05854
1973     32     1941      0.04984
1973     33     1940      0.04259
1973     34     1939      0.03750
1973     35     1938      0.03242
1973     36     1937      0.02762
1973     37     1936      0.02352
1973     38     1935      0.01893
1973     39     1934      0.01629
1973     40     1933      0.01302
1973     41     1932      0.00971
1973     42     1931      0.00671
1973     43     1930      0.00441
1973     44     1929      0.00261
1973     45     1928      0.00137
1973     46     1927      0.00058
1973     47     1926      0.00031
1973     48     1925      0.00016
1973     49     1924      0.00008
1973     50     1923      0.00004
1973     51     1922      0.00002
1973     52     1921      0.00001
1973     53     1920      0.00001
1973     54     1919      0.00000
1973     55+    1918-     0.00000
1974     12-    1962+     0.00000
1974     13     1961      0.00000
1974     14     1960      0.00006
1974     15     1959      0.00111
1974     16     1958      0.00572
1974     17     1957      0.01990
1974     18     1956      0.04235
1974     19     1955      0.06986
1974     20     1954      0.08846
1974     21     1953      0.10131
1974     22     1952      0.10720
1974     23     1951      0.11220
1974     24     1950      0.11437
1974     25     1949      0.11039
1974     26     1948      0.10476
1974     27     1947      0.09590
1974     28     1946      0.08795
1974     29     1945      0.07580
1974     30     1944      0.06579
1974     31     1943      0.05776
1974     32     1942      0.04897
1974     33     1941      0.04105
1974     34     1940      0.03527
1974     35     1939      0.02952
1974     36     1938      0.02504
1974     37     1937      0.02088
1974     38     1936      0.01706
1974     39     1935      0.01382
1974     40     1934      0.01126
1974     41     1933      0.00875
1974     42     1932      0.00621
1974     43     1931      0.00402
1974     44     1930      0.00234
1974     45     1929      0.00124
1974     46     1928      0.00054
1974     47     1927      0.00029
1974     48     1926      0.00015
1974     49     1925      0.00008
1974     50     1924      0.00004
1974     51     1923      0.00002
1974     52     1922      0.00001
1974     53     1921      0.00001
1974     54     1920      0.00000
1974     55+    1919-     0.00000
1975     12-    1963+     0.00000
1975     13     1962      0.00000
1975     14     1961      0.00005
1975     15     1960      0.00101
1975     16     1959      0.00502
1975     17     1958      0.01652
1975     18     1957      0.03724
1975     19     1956      0.06339
1975     20     1955      0.08456
1975     21     1954      0.09433
1975     22     1953      0.10532
1975     23     1952      0.10974
1975     24     1951      0.11156
1975     25     1950      0.11219
1975     26     1949      0.10564
1975     27     1948      0.09698
1975     28     1947      0.08762
1975     29     1946      0.07771
1975     30     1945      0.06760
1975     31     1944      0.05649
1975     32     1943      0.04762
1975     33     1942      0.04081
1975     34     1941      0.03316
1975     35     1940      0.02740
1975     36     1939      0.02289
1975     37     1938      0.01885
1975     38     1937      0.01515
1975     39     1936      0.01238
1975     40     1935      0.00952
1975     41     1934      0.00731
1975     42     1933      0.00550
1975     43     1932      0.00359
1975     44     1931      0.00211
1975     45     1930      0.00112
1975     46     1929      0.00048
1975     47     1928      0.00025
1975     48     1927      0.00013
1975     49     1926      0.00007
1975     50     1925      0.00003
1975     51     1924      0.00002
1975     52     1923      0.00001
1975     53     1922      0.00000
1975     54     1921      0.00000
1975     55+    1920-     0.00000
1976     12-    1964+     0.00000
1976     13     1963      0.00000
1976     14     1962      0.00005
1976     15     1961      0.00090
1976     16     1960      0.00465
1976     17     1959      0.01547
1976     18     1958      0.03439
1976     19     1957      0.06140
1976     20     1956      0.08336
1976     21     1955      0.09784
1976     22     1954      0.10592
1976     23     1953      0.11334
1976     24     1952      0.11705
1976     25     1951      0.11438
1976     26     1950      0.11067
1976     27     1949      0.10253
1976     28     1948      0.09187
1976     29     1947      0.08141
1976     30     1946      0.07102
1976     31     1945      0.05889
1976     32     1944      0.04887
1976     33     1943      0.04111
1976     34     1942      0.03377
1976     35     1941      0.02689
1976     36     1940      0.02183
1976     37     1939      0.01762
1976     38     1938      0.01449
1976     39     1937      0.01162
1976     40     1936      0.00860
1976     41     1935      0.00646
1976     42     1934      0.00464
1976     43     1933      0.00328
1976     44     1932      0.00208
1976     45     1931      0.00106
1976     46     1930      0.00044
1976     47     1929      0.00024
1976     48     1928      0.00013
1976     49     1927      0.00006
1976     50     1926      0.00003
1976     51     1925      0.00002
1976     52     1924      0.00001
1976     53     1923      0.00000
1976     54     1922      0.00000
1976     55+    1921-     0.00000
1977     12-    1965+     0.00000
1977     13     1964      0.00000
1977     14     1963      0.00004
1977     15     1962      0.00079
1977     16     1961      0.00405
1977     17     1960      0.01441
1977     18     1959      0.03261
1977     19     1958      0.05807
1977     20     1957      0.07975
1977     21     1956      0.09660
1977     22     1955      0.10804
1977     23     1954      0.11338
1977     24     1953      0.11922
1977     25     1952      0.11757
1977     26     1951      0.11283
1977     27     1950      0.10593
1977     28     1949      0.09498
1977     29     1948      0.08451
1977     30     1947      0.07180
1977     31     1946      0.06150
1977     32     1945      0.05001
1977     33     1944      0.04000
1977     34     1943      0.03325
1977     35     1942      0.02728
1977     36     1941      0.02080
1977     37     1940      0.01689
1977     38     1939      0.01329
1977     39     1938      0.01039
1977     40     1937      0.00785
1977     41     1936      0.00572
1977     42     1935      0.00395
1977     43     1934      0.00279
1977     44     1933      0.00183
1977     45     1932      0.00105
1977     46     1931      0.00045
1977     47     1930      0.00024
1977     48     1929      0.00013
1977     49     1928      0.00007
1977     50     1927      0.00003
1977     51     1926      0.00002
1977     52     1925      0.00001
1977     53     1924      0.00000
1977     54     1923      0.00000
1977     55+    1922-     0.00000
1978     12-    1966+     0.00000
1978     13     1965      0.00000
1978     14     1964      0.00004
1978     15     1963      0.00072
1978     16     1962      0.00375
1978     17     1961      0.01293
1978     18     1960      0.03176
1978     19     1959      0.05684
1978     20     1958      0.07812
1978     21     1957      0.09321
1978     22     1956      0.10603
1978     23     1955      0.11489
1978     24     1954      0.11589
1978     25     1953      0.11739
1978     26     1952      0.11410
1978     27     1951      0.10541
1978     28     1950      0.09657
1978     29     1949      0.08622
1978     30     1948      0.07473
1978     31     1947      0.06173
1978     32     1946      0.05147
1978     33     1945      0.04228
1978     34     1944      0.03267
1978     35     1943      0.02658
1978     36     1942      0.02096
1978     37     1941      0.01593
1978     38     1940      0.01226
1978     39     1939      0.00948
1978     40     1938      0.00711
1978     41     1937      0.00492
1978     42     1936      0.00351
1978     43     1935      0.00234
1978     44     1934      0.00134
1978     45     1933      0.00091
1978     46     1932      0.00039
1978     47     1931      0.00022
1978     48     1930      0.00011
1978     49     1929      0.00006
1978     50     1928      0.00003
1978     51     1927      0.00002
1978     52     1926      0.00001
1978     53     1925      0.00000
1978     54     1924      0.00000
1978     55+    1923-     0.00000
1979     12-    1967+     0.00000
1979     13     1966      0.00000
1979     14     1965      0.00005
1979     15     1964      0.00082
1979     16     1963      0.00348
1979     17     1962      0.01257
1979     18     1961      0.02875
1979     19     1960      0.05539
1979     20     1959      0.07757
1979     21     1958      0.09160
1979     22     1957      0.10262
1979     23     1956      0.11223
1979     24     1955      0.11681
1979     25     1954      0.11606
1979     26     1953      0.11321
1979     27     1952      0.10632
1979     28     1951      0.09752
1979     29     1950      0.08737
1979     30     1949      0.07682
1979     31     1948      0.06452
1979     32     1947      0.05279
1979     33     1946      0.04310
1979     34     1945      0.03488
1979     35     1944      0.02669
1979     36     1943      0.02093
1979     37     1942      0.01643
1979     38     1941      0.01196
1979     39     1940      0.00922
1979     40     1939      0.00662
1979     41     1938      0.00481
1979     42     1937      0.00311
1979     43     1936      0.00198
1979     44     1935      0.00122
1979     45     1934      0.00071
1979     46     1933      0.00039
1979     47     1932      0.00023
1979     48     1931      0.00013
1979     49     1930      0.00007
1979     50     1929      0.00004
1979     51     1928      0.00002
1979     52     1927      0.00001
1979     53     1926      0.00001
1979     54     1925      0.00000
1979     55+    1924-     0.00000
1980     12-    1968+     0.00000
1980     13     1967      0.00000
1980     14     1966      0.00005
1980     15     1965      0.00082
1980     16     1964      0.00376
1980     17     1963      0.01209
1980     18     1962      0.02916
1980     19     1961      0.05596
1980     20     1960      0.08095
1980     21     1959      0.09671
1980     22     1958      0.10648
1980     23     1957      0.11446
1980     24     1956      0.12032
1980     25     1955      0.12182
1980     26     1954      0.11787
1980     27     1953      0.11056
1980     28     1952      0.10226
1980     29     1951      0.09036
1980     30     1950      0.08026
1980     31     1949      0.06788
1980     32     1948      0.05692
1980     33     1947      0.04544
1980     34     1946      0.03705
1980     35     1945      0.02977
1980     36     1944      0.02233
1980     37     1943      0.01713
1980     38     1942      0.01325
1980     39     1941      0.00908
1980     40     1940      0.00673
1980     41     1939      0.00456
1980     42     1938      0.00318
1980     43     1937      0.00202
1980     44     1936      0.00118
1980     45     1935      0.00067
1980     46     1934      0.00038
1980     47     1933      0.00023
1980     48     1932      0.00013
1980     49     1931      0.00007
1980     50     1930      0.00004
1980     51     1929      0.00002
1980     52     1928      0.00001
1980     53     1927      0.00001
1980     54     1926      0.00000
1980     55+    1925-     0.00000
1981     12-    1969+     0.00000
1981     13     1968      0.00000
1981     14     1967      0.00004
1981     15     1966      0.00067
1981     16     1965      0.00335
1981     17     1964      0.01075
1981     18     1963      0.02589
1981     19     1962      0.05192
1981     20     1961      0.07574
1981     21     1960      0.09206
1981     22     1959      0.10382
1981     23     1958      0.11082
1981     24     1957      0.11575
1981     25     1956      0.11942
1981     26     1955      0.11731
1981     27     1954      0.10855
1981     28     1953      0.10062
1981     29     1952      0.09083
1981     30     1951      0.07947
1981     31     1950      0.06844
1981     32     1949      0.05808
1981     33     1948      0.04701
1981     34     1947      0.03740
1981     35     1946      0.03058
1981     36     1945      0.02338
1981     37     1944      0.01721
1981     38     1943      0.01277
1981     39     1942      0.00959
1981     40     1941      0.00664
1981     41     1940      0.00462
1981     42     1939      0.00306
1981     43     1938      0.00195
1981     44     1937      0.00111
1981     45     1936      0.00067
1981     46     1935      0.00035
1981     47     1934      0.00022
1981     48     1933      0.00012
1981     49     1932      0.00007
1981     50     1931      0.00004
1981     51     1930      0.00002
1981     52     1929      0.00001
1981     53     1928      0.00001
1981     54     1927      0.00000
1981     55+    1926-     0.00000
1982     12-    1970+     0.00000
1982     13     1969      0.00000
1982     14     1968      0.00004
1982     15     1967      0.00068
1982     16     1966      0.00300
1982     17     1965      0.00968
1982     18     1964      0.02419
1982     19     1963      0.04726
1982     20     1962      0.07179
1982     21     1961      0.08766
1982     22     1960      0.10064
1982     23     1959      0.10886
1982     24     1958      0.11444
1982     25     1957      0.11745
1982     26     1956      0.11603
1982     27     1955      0.10990
1982     28     1954      0.10048
1982     29     1953      0.09071
1982     30     1952      0.08068
1982     31     1951      0.06754
1982     32     1950      0.05767
1982     33     1949      0.04699
1982     34     1948      0.03795
1982     35     1947      0.03026
1982     36     1946      0.02357
1982     37     1945      0.01808
1982     38     1944      0.01303
1982     39     1943      0.00943
1982     40     1942      0.00686
1982     41     1941      0.00432
1982     42     1940      0.00295
1982     43     1939      0.00181
1982     44     1938      0.00107
1982     45     1937      0.00064
1982     46     1936      0.00029
1982     47     1935      0.00017
1982     48     1934      0.00010
1982     49     1933      0.00005
1982     50     1932      0.00003
1982     51     1931      0.00002
1982     52     1930      0.00001
1982     53     1929      0.00000
1982     54     1928      0.00000
1982     55+    1927-     0.00000
1983     12-    1971+     0.00000
1983     13     1970      0.00000
1983     14     1969      0.00004
1983     15     1968      0.00063
1983     16     1967      0.00244
1983     17     1966      0.00807
1983     18     1965      0.02031
1983     19     1964      0.04161
1983     20     1963      0.06369
1983     21     1962      0.07970
1983     22     1961      0.09250
1983     23     1960      0.10324
1983     24     1959      0.11005
1983     25     1958      0.11290
1983     26     1957      0.11191
1983     27     1956      0.10592
1983     28     1955      0.09778
1983     29     1954      0.08702
1983     30     1953      0.07740
1983     31     1952      0.06602
1983     32     1951      0.05505
1983     33     1950      0.04612
1983     34     1949      0.03705
1983     35     1948      0.02989
1983     36     1947      0.02286
1983     37     1946      0.01789
1983     38     1945      0.01324
1983     39     1944      0.00896
1983     40     1943      0.00644
1983     41     1942      0.00446
1983     42     1941      0.00277
1983     43     1940      0.00171
1983     44     1939      0.00099
1983     45     1938      0.00058
1983     46     1937      0.00027
1983     47     1936      0.00016
1983     48     1935      0.00009
1983     49     1934      0.00005
1983     50     1933      0.00003
1983     51     1932      0.00001
1983     52     1931      0.00001
1983     53     1930      0.00000
1983     54     1929      0.00000
1983     55+    1928-     0.00000
1984     12-    1972+     0.00000
1984     13     1971      0.00000
1984     14     1970      0.00004
1984     15     1969      0.00061
1984     16     1968      0.00249
1984     17     1967      0.00744
1984     18     1966      0.01795
1984     19     1965      0.03799
1984     20     1964      0.05792
1984     21     1963      0.07257
1984     22     1962      0.08572
1984     23     1961      0.09624
1984     24     1960      0.10429
1984     25     1959      0.10986
1984     26     1958      0.10986
1984     27     1957      0.10508
1984     28     1956      0.09774
1984     29     1955      0.08790
1984     30     1954      0.07692
1984     31     1953      0.06709
1984     32     1952      0.05542
1984     33     1951      0.04534
1984     34     1950      0.03734
1984     35     1949      0.03025
1984     36     1948      0.02370
1984     37     1947      0.01787
1984     38     1946      0.01317
1984     39     1945      0.00957
1984     40     1944      0.00631
1984     41     1943      0.00439
1984     42     1942      0.00271
1984     43     1941      0.00162
1984     44     1940      0.00091
1984     45     1939      0.00052
1984     46     1938      0.00023
1984     47     1937      0.00014
1984     48     1936      0.00008
1984     49     1935      0.00004
1984     50     1934      0.00002
1984     51     1933      0.00001
1984     52     1932      0.00001
1984     53     1931      0.00000
1984     54     1930      0.00000
1984     55+    1929-     0.00000
1985     12-    1973+     0.00000
1985     13     1972      0.00000
1985     14     1971      0.00005
1985     15     1970      0.00068
1985     16     1969      0.00249
1985     17     1968      0.00712
1985     18     1967      0.01708
1985     19     1966      0.03470
1985     20     1965      0.05329
1985     21     1964      0.06756
1985     22     1963      0.08019
1985     23     1962      0.09218
1985     24     1961      0.10154
1985     25     1960      0.10808
1985     26     1959      0.10975
1985     27     1958      0.10620
1985     28     1957      0.09837
1985     29     1956      0.08955
1985     30     1955      0.07966
1985     31     1954      0.06817
1985     32     1953      0.05704
1985     33     1952      0.04727
1985     34     1951      0.03811
1985     35     1950      0.03134
1985     36     1949      0.02433
1985     37     1948      0.01841
1985     38     1947      0.01327
1985     39     1946      0.00966
1985     40     1945      0.00678
1985     41     1944      0.00438
1985     42     1943      0.00284
1985     43     1942      0.00170
1985     44     1941      0.00094
1985     45     1940      0.00051
1985     46     1939      0.00022
1985     47     1938      0.00013
1985     48     1937      0.00007
1985     49     1936      0.00004
1985     50     1935      0.00002
1985     51     1934      0.00001
1985     52     1933      0.00001
1985     53     1932      0.00000
1985     54     1931      0.00000
1985     55+    1930-     0.00000
1986     12-    1974+     0.00000
1986     13     1973      0.00000
1986     14     1972      0.00004
1986     15     1971      0.00064
1986     16     1970      0.00249
1986     17     1969      0.00721
1986     18     1968      0.01638
1986     19     1967      0.03320
1986     20     1966      0.05105
1986     21     1965      0.06513
1986     22     1964      0.07841
1986     23     1963      0.09056
1986     24     1962      0.10114
1986     25     1961      0.11080
1986     26     1960      0.11296
1986     27     1959      0.11053
1986     28     1958      0.10479
1986     29     1957      0.09520
1986     30     1956      0.08546
1986     31     1955      0.07355
1986     32     1954      0.06162
1986     33     1953      0.05045
1986     34     1952      0.04069
1986     35     1951      0.03275
1986     36     1950      0.02568
1986     37     1949      0.01997
1986     38     1948      0.01447
1986     39     1947      0.01029
1986     40     1946      0.00738
1986     41     1945      0.00465
1986     42     1944      0.00301
1986     43     1943      0.00164
1986     44     1942      0.00102
1986     45     1941      0.00044
1986     46     1940      0.00020
1986     47     1939      0.00013
1986     48     1938      0.00007
1986     49     1937      0.00004
1986     50     1936      0.00002
1986     51     1935      0.00001
1986     52     1934      0.00001
1986     53     1933      0.00000
1986     54     1932      0.00000
1986     55+    1931-     0.00000
1987     12-    1975+     0.00000
1987     13     1974      0.00000
1987     14     1973      0.00005
1987     15     1972      0.00067
1987     16     1971      0.00259
1987     17     1970      0.00755
1987     18     1969      0.01659
1987     19     1968      0.03254
1987     20     1967      0.04922
1987     21     1966      0.06327
1987     22     1965      0.07603
1987     23     1964      0.08856
1987     24     1963      0.10052
1987     25     1962      0.10916
1987     26     1961      0.11258
1987     27     1960      0.11241
1987     28     1959      0.10727
1987     29     1958      0.09848
1987     30     1957      0.08819
1987     31     1956      0.07671
1987     32     1955      0.06513
1987     33     1954      0.05314
1987     34     1953      0.04387
1987     35     1952      0.03511
1987     36     1951      0.02698
1987     37     1950      0.02089
1987     38     1949      0.01530
1987     39     1948      0.01096
1987     40     1947      0.00759
1987     41     1946      0.00528
1987     42     1945      0.00327
1987     43     1944      0.00180
1987     44     1943      0.00091
1987     45     1942      0.00054
1987     46     1941      0.00023
1987     47     1940      0.00014
1987     48     1939      0.00008
1987     49     1938      0.00004
1987     50     1937      0.00002
1987     51     1936      0.00001
1987     52     1935      0.00001
1987     53     1934      0.00000
1987     54     1933      0.00000
1987     55+    1932-     0.00000
1988     12-    1976+     0.00000
1988     13     1975      0.00000
1988     14     1974      0.00006
1988     15     1973      0.00087
1988     16     1972      0.00297
1988     17     1971      0.00790
1988     18     1970      0.01740
1988     19     1969      0.03331
1988     20     1968      0.04868
1988     21     1967      0.06073
1988     22     1966      0.07384
1988     23     1965      0.08665
1988     24     1964      0.09903
1988     25     1963      0.10936
1988     26     1962      0.11560
1988     27     1961      0.11401
1988     28     1960      0.10956
1988     29     1959      0.10151
1988     30     1958      0.09292
1988     31     1957      0.08065
1988     32     1956      0.06881
1988     33     1955      0.05638
1988     34     1954      0.04603
1988     35     1953      0.03694
1988     36     1952      0.02851
1988     37     1951      0.02120
1988     38     1950      0.01621
1988     39     1949      0.01153
1988     40     1948      0.00806
1988     41     1947      0.00515
1988     42     1946      0.00344
1988     43     1945      0.00198
1988     44     1944      0.00100
1988     45     1943      0.00053
1988     46     1942      0.00023
1988     47     1941      0.00013
1988     48     1940      0.00007
1988     49     1939      0.00004
1988     50     1938      0.00002
1988     51     1937      0.00001
1988     52     1936      0.00001
1988     53     1935      0.00000
1988     54     1934      0.00000
1988     55+    1933-     0.00000
1989     12-    1977+     0.00000
1989     13     1976      0.00000
1989     14     1975      0.00005
1989     15     1974      0.00079
1989     16     1973      0.00295
1989     17     1972      0.00717
1989     18     1971      0.01473
1989     19     1970      0.02922
1989     20     1969      0.04444
1989     21     1968      0.05673
1989     22     1967      0.06662
1989     23     1966      0.07978
1989     24     1965      0.09338
1989     25     1964      0.10426
1989     26     1963      0.11256
1989     27     1962      0.11198
1989     28     1961      0.10846
1989     29     1960      0.10191
1989     30     1959      0.09197
1989     31     1958      0.08158
1989     32     1957      0.06867
1989     33     1956      0.05804
1989     34     1955      0.04655
1989     35     1954      0.03763
1989     36     1953      0.02988
1989     37     1952      0.02282
1989     38     1951      0.01668
1989     39     1950      0.01167
1989     40     1949      0.00852
1989     41     1948      0.00557
1989     42     1947      0.00332
1989     43     1946      0.00213
1989     44     1945      0.00120
1989     45     1944      0.00054
1989     46     1943      0.00026
1989     47     1942      0.00015
1989     48     1941      0.00008
1989     49     1940      0.00005
1989     50     1939      0.00002
1989     51     1938      0.00001
1989     52     1937      0.00001
1989     53     1936      0.00000
1989     54     1935      0.00000
1989     55+    1934-     0.00000
1990     12-    1978+     0.00000
1990     13     1977      0.00001
1990     14     1976      0.00037
1990     15     1975      0.00080
1990     16     1974      0.00330
1990     17     1973      0.00860
1990     18     1972      0.01898
1990     19     1971      0.03470
1990     20     1970      0.05082
1990     21     1969      0.06083
1990     22     1968      0.06899
1990     23     1967      0.07887
1990     24     1966      0.09154
1990     25     1965      0.10264
1990     26     1964      0.10983
1990     27     1963      0.11096
1990     28     1962      0.10935
1990     29     1961      0.10253
1990     30     1960      0.09383
1990     31     1959      0.08299
1990     32     1958      0.07125
1990     33     1957      0.05985
1990     34     1956      0.04877
1990     35     1955      0.03960
1990     36     1954      0.03028
1990     37     1953      0.02242
1990     38     1952      0.01736
1990     39     1951      0.01191
1990     40     1950      0.00889
1990     41     1949      0.00562
1990     42     1948      0.00358
1990     43     1947      0.00203
1990     44     1946      0.00124
1990     45     1945      0.00065
1990     46     1944      0.00027
1990     47     1943      0.00013
1990     48     1942      0.00010
1990     49     1941      0.00005
1990     50     1940      0.00001
1990     51     1939      0.00001
1990     52     1938      0.00000
1990     53     1937      0.00000
1990     54     1936      0.00000
1990     55+    1935-     0.00000
1991     12-    1979+     0.00000
1991     13     1978      0.00004
1991     14     1977      0.00015
1991     15     1976      0.00087
1991     16     1975      0.00346
1991     17     1974      0.00899
1991     18     1973      0.01903
1991     19     1972      0.03332
1991     20     1971      0.04638
1991     21     1970      0.05572
1991     22     1969      0.06144
1991     23     1968      0.06774
1991     24     1967      0.07615
1991     25     1966      0.08672
1991     26     1965      0.09622
1991     27     1964      0.10009
1991     28     1963      0.09950
1991     29     1962      0.09473
1991     30     1961      0.08856
1991     31     1960      0.07876
1991     32     1959      0.06784
1991     33     1958      0.05763
1991     34     1957      0.04712
1991     35     1956      0.03834
1991     36     1955      0.02996
1991     37     1954      0.02318
1991     38     1953      0.01676
1991     39     1952      0.01220
1991     40     1951      0.00843
1991     41     1950      0.00593
1991     42     1949      0.00350
1991     43     1948      0.00214
1991     44     1947      0.00112
1991     45     1946      0.00057
1991     46     1945      0.00030
1991     47     1944      0.00012
1991     48     1943      0.00007
1991     49     1942      0.00006
1991     50     1941      0.00003
1991     51     1940      0.00002
1991     52     1939      0.00001
1991     53     1938      0.00001
1991     54     1937      0.00000
1991     55+    1936-     0.00000
1992     12-    1980+     0.00000
1992     13     1979      0.00004
1992     14     1978      0.00020
1992     15     1977      0.00084
1992     16     1976      0.00336
1992     17     1975      0.00853
1992     18     1974      0.01840
1992     19     1973      0.03165
1992     20     1972      0.04320
1992     21     1971      0.05206
1992     22     1970      0.05920
1992     23     1969      0.06516
1992     24     1968      0.07214
1992     25     1967      0.08064
1992     26     1966      0.09028
1992     27     1965      0.09608
1992     28     1964      0.09744
1992     29     1963      0.09351
1992     30     1962      0.08768
1992     31     1961      0.07883
1992     32     1960      0.06922
1992     33     1959      0.05697
1992     34     1958      0.04849
1992     35     1957      0.03889
1992     36     1956      0.03074
1992     37     1955      0.02316
1992     38     1954      0.01738
1992     39     1953      0.01244
1992     40     1952      0.00900
1992     41     1951      0.00568
1992     42     1950      0.00370
1992     43     1949      0.00216
1992     44     1948      0.00118
1992     45     1947      0.00055
1992     46     1946      0.00027
1992     47     1945      0.00015
1992     48     1944      0.00007
1992     49     1943      0.00005
1992     50     1942      0.00004
1992     51     1941      0.00002
1992     52     1940      0.00001
1992     53     1939      0.00001
1992     54     1938      0.00000
1992     55+    1937-     0.00000
1993     12-    1981+     0.00000
1993     13     1980      0.00001
1993     14     1979      0.00020
1993     15     1978      0.00090
1993     16     1977      0.00287
1993     17     1976      0.00759
1993     18     1975      0.01623
1993     19     1974      0.02850
1993     20     1973      0.04100
1993     21     1972      0.04963
1993     22     1971      0.05607
1993     23     1970      0.06318
1993     24     1969      0.07031
1993     25     1968      0.07954
1993     26     1967      0.08719
1993     27     1966      0.09434
1993     28     1965      0.09749
1993     29     1964      0.09416
1993     30     1963      0.09036
1993     31     1962      0.08050
1993     32     1961      0.06884
1993     33     1960      0.05877
1993     34     1959      0.04867
1993     35     1958      0.03977
1993     36     1957      0.03113
1993     37     1956      0.02373
1993     38     1955      0.01724
1993     39     1954      0.01254
1993     40     1953      0.00876
1993     41     1952      0.00572
1993     42     1951      0.00355
1993     43     1950      0.00223
1993     44     1949      0.00112
1993     45     1948      0.00064
1993     46     1947      0.00025
1993     47     1946      0.00015
1993     48     1945      0.00005
1993     49     1944      0.00004
1993     50     1943      0.00003
1993     51     1942      0.00002
1993     52     1941      0.00001
1993     53     1940      0.00001
1993     54     1939      0.00000
1993     55+    1938-     0.00000
1994     12-    1982+     0.00000
1994     13     1981      0.00002
1994     14     1980      0.00015
1994     15     1979      0.00087
1994     16     1978      0.00293
1994     17     1977      0.00715
1994     18     1976      0.01426
1994     19     1975      0.02587
1994     20     1974      0.03780
1994     21     1973      0.04829
1994     22     1972      0.05499
1994     23     1971      0.06115
1994     24     1970      0.06801
1994     25     1969      0.07542
1994     26     1968      0.08275
1994     27     1967      0.08873
1994     28     1966      0.09324
1994     29     1965      0.09346
1994     30     1964      0.08905
1994     31     1963      0.07934
1994     32     1962      0.06920
1994     33     1961      0.05880
1994     34     1960      0.04875
1994     35     1959      0.03920
1994     36     1958      0.03123
1994     37     1957      0.02399
1994     38     1956      0.01777
1994     39     1955      0.01287
1994     40     1954      0.00901
1994     41     1953      0.00584
1994     42     1952      0.00375
1994     43     1951      0.00207
1994     44     1950      0.00126
1994     45     1949      0.00057
1994     46     1948      0.00032
1994     47     1947      0.00011
1994     48     1946      0.00005
1994     49     1945      0.00004
1994     50     1944      0.00003
1994     51     1943      0.00002
1994     52     1942      0.00001
1994     53     1941      0.00001
1994     54     1940      0.00000
1994     55+    1939-     0.00000
1995     12-    1983+     0.00000
1995     13     1982      0.00003
1995     14     1981      0.00015
1995     15     1980      0.00074
1995     16     1979      0.00282
1995     17     1978      0.00684
1995     18     1977      0.01346
1995     19     1976      0.02421
1995     20     1975      0.03573
1995     21     1974      0.04632
1995     22     1973      0.05523
1995     23     1972      0.06062
1995     24     1971      0.06718
1995     25     1970      0.07522
1995     26     1969      0.08268
1995     27     1968      0.08792
1995     28     1967      0.09292
1995     29     1966      0.09406
1995     30     1965      0.09029
1995     31     1964      0.08188
1995     32     1963      0.07206
1995     33     1962      0.06097
1995     34     1961      0.05048
1995     35     1960      0.04148
1995     36     1959      0.03253
1995     37     1958      0.02460
1995     38     1957      0.01866
1995     39     1956      0.01352
1995     40     1955      0.00908
1995     41     1954      0.00600
1995     42     1953      0.00371
1995     43     1952      0.00218
1995     44     1951      0.00113
1995     45     1950      0.00067
1995     46     1949      0.00025
1995     47     1948      0.00011
1995     48     1947      0.00004
1995     49     1946      0.00003
1995     50     1945      0.00003
1995     51     1944      0.00002
1995     52     1943      0.00001
1995     53     1942      0.00001
1995     54     1941      0.00000
1995     55+    1940-     0.00000
1996     12-    1984+     0.00000
1996     13     1983      0.00003
1996     14     1982      0.00021
1996     15     1981      0.00086
1996     16     1980      0.00294
1996     17     1979      0.00701
1996     18     1978      0.01392
1996     19     1977      0.02445
1996     20     1976      0.03591
1996     21     1975      0.04753
1996     22     1974      0.05763
1996     23     1973      0.06590
1996     24     1972      0.07144
1996     25     1971      0.07867
1996     26     1970      0.08738
1996     27     1969      0.09231
1996     28     1968      0.09632
1996     29     1967      0.09843
1996     30     1966      0.09561
1996     31     1965      0.08858
1996     32     1964      0.07766
1996     33     1963      0.06560
1996     34     1962      0.05397
1996     35     1961      0.04413
1996     36     1960      0.03537
1996     37     1959      0.02657
1996     38     1958      0.01991
1996     39     1957      0.01439
1996     40     1956      0.01023
1996     41     1955      0.00646
1996     42     1954      0.00402
1996     43     1953      0.00221
1996     44     1952      0.00127
1996     45     1951      0.00057
1996     46     1950      0.00027
1996     47     1949      0.00013
1996     48     1948      0.00004
1996     49     1947      0.00003
1996     50     1946      0.00002
1996     51     1945      0.00001
1996     52     1944      0.00001
1996     53     1943      0.00000
1996     54     1942      0.00000
1996     55+    1941-     0.00000
1997     12-    1985+     0.00000
1997     13     1984      0.00002
1997     14     1983      0.00016
1997     15     1982      0.00078
1997     16     1981      0.00269
1997     17     1980      0.00703
1997     18     1979      0.01407
1997     19     1978      0.02460
1997     20     1977      0.03528
1997     21     1976      0.04628
1997     22     1975      0.05771
1997     23     1974      0.06587
1997     24     1973      0.07438
1997     25     1972      0.08157
1997     26     1971      0.08838
1997     27     1970      0.09553
1997     28     1969      0.09974
1997     29     1968      0.10075
1997     30     1967      0.09954
1997     31     1966      0.09363
1997     32     1965      0.08320
1997     33     1964      0.06996
1997     34     1963      0.05844
1997     35     1962      0.04815
1997     36     1961      0.03817
1997     37     1960      0.02924
1997     38     1959      0.02166
1997     39     1958      0.01587
1997     40     1957      0.01086
1997     41     1956      0.00725
1997     42     1955      0.00440
1997     43     1954      0.00257
1997     44     1953      0.00124
1997     45     1952      0.00066
1997     46     1951      0.00026
1997     47     1950      0.00018
1997     48     1949      0.00006
1997     49     1948      0.00002
1997     50     1947      0.00003
1997     51     1946      0.00002
1997     52     1945      0.00002
1997     53     1944      0.00001
1997     54     1943      0.00000
1997     55+    1942-     0.00000
1998     12-    1986+     0.00000
1998     13     1985      0.00000
1998     14     1984      0.00007
1998     15     1983      0.00092
1998     16     1982      0.00270
1998     17     1981      0.00685
1998     18     1980      0.01417
1998     19     1979      0.02466
1998     20     1978      0.03594
1998     21     1977      0.04588
1998     22     1976      0.05499
1998     23     1975      0.06487
1998     24     1974      0.07259
1998     25     1973      0.08131
1998     26     1972      0.08705
1998     27     1971      0.09213
1998     28     1970      0.09623
1998     29     1969      0.09898
1998     30     1968      0.09766
1998     31     1967      0.09172
1998     32     1966      0.08297
1998     33     1965      0.07197
1998     34     1964      0.05979
1998     35     1963      0.04921
1998     36     1962      0.03900
1998     37     1961      0.02982
1998     38     1960      0.02210
1998     39     1959      0.01586
1998     40     1958      0.01129
1998     41     1957      0.00733
1998     42     1956      0.00443
1998     43     1955      0.00252
1998     44     1954      0.00136
1998     45     1953      0.00070
1998     46     1952      0.00027
1998     47     1951      0.00012
1998     48     1950      0.00009
1998     49     1949      0.00003
1998     50     1948      0.00003
1998     51     1947      0.00002
1998     52     1946      0.00001
1998     53     1945      0.00001
1998     54     1944      0.00000
1998     55+    1943-     0.00000
1999     12-    1987+     0.00000
1999     13     1986      0.00000
1999     14     1985      0.00006
1999     15     1984      0.00091
1999     16     1983      0.00284
1999     17     1982      0.00691
1999     18     1981      0.01411
1999     19     1980      0.02454
1999     20     1979      0.03565
1999     21     1978      0.04519
1999     22     1977      0.05484
1999     23     1976      0.06268
1999     24     1975      0.07123
1999     25     1974      0.08068
1999     26     1973      0.08867
1999     27     1972      0.09176
1999     28     1971      0.09575
1999     29     1970      0.09851
1999     30     1969      0.09682
1999     31     1968      0.09223
1999     32     1967      0.08451
1999     33     1966      0.07319
1999     34     1965      0.06251
1999     35     1964      0.05099
1999     36     1963      0.04061
1999     37     1962      0.03064
1999     38     1961      0.02262
1999     39     1960      0.01688
1999     40     1959      0.01172
1999     41     1958      0.00758
1999     42     1957      0.00493
1999     43     1956      0.00275
1999     44     1955      0.00137
1999     45     1954      0.00060
1999     46     1953      0.00029
1999     47     1952      0.00010
1999     48     1951      0.00009
1999     49     1950      0.00005
1999     50     1949      0.00002
1999     51     1948      0.00002
1999     52     1947      0.00001
1999     53     1946      0.00001
1999     54     1945      0.00000
1999     55+    1944-     0.00000
2000     12-    1988+     0.00000
2000     13     1987      0.00000
2000     14     1986      0.00014
2000     15     1985      0.00093
2000     16     1984      0.00287
2000     17     1983      0.00709
2000     18     1982      0.01419
2000     19     1981      0.02533
2000     20     1980      0.03581
2000     21     1979      0.04575
2000     22     1978      0.05434
2000     23     1977      0.06271
2000     24     1976      0.07013
2000     25     1975      0.08048
2000     26     1974      0.08860
2000     27     1973      0.09382
2000     28     1972      0.09699
2000     29     1971      0.09862
2000     30     1970      0.09809
2000     31     1969      0.09325
2000     32     1968      0.08616
2000     33     1967      0.07596
2000     34     1966      0.06527
2000     35     1965      0.05357
2000     36     1964      0.04238
2000     37     1963      0.03247
2000     38     1962      0.02431
2000     39     1961      0.01795
2000     40     1960      0.01272
2000     41     1959      0.00810
2000     42     1958      0.00494
2000     43     1957      0.00301
2000     44     1956      0.00149
2000     45     1955      0.00069
2000     46     1954      0.00032
2000     47     1953      0.00010
2000     48     1952      0.00006
2000     49     1951      0.00003
2000     50     1950      0.00003
2000     51     1949      0.00001
2000     52     1948      0.00000
2000     53     1947      0.00000
2000     54     1946      0.00000
2000     55+    1945-     0.00000
2001     12-    1989+     0.00000
2001     13     1988      0.00000
2001     14     1987      0.00021
2001     15     1986      0.00101
2001     16     1985      0.00319
2001     17     1984      0.00763
2001     18     1983      0.01433
2001     19     1982      0.02506
2001     20     1981      0.03483
2001     21     1980      0.04417
2001     22     1979      0.05257
2001     23     1978      0.06007
2001     24     1977      0.06771
2001     25     1976      0.07580
2001     26     1975      0.08397
2001     27     1974      0.08973
2001     28     1973      0.09364
2001     29     1972      0.09580
2001     30     1971      0.09506
2001     31     1970      0.09090
2001     32     1969      0.08435
2001     33     1968      0.07521
2001     34     1967      0.06532
2001     35     1966      0.05416
2001     36     1965      0.04368
2001     37     1964      0.03333
2001     38     1963      0.02506
2001     39     1962      0.01788
2001     40     1961      0.01272
2001     41     1960      0.00832
2001     42     1959      0.00492
2001     43     1958      0.00296
2001     44     1957      0.00147
2001     45     1956      0.00079
2001     46     1955      0.00034
2001     47     1954      0.00016
2001     48     1953      0.00003
2001     49     1952      0.00002
2001     50     1951      0.00002
2001     51     1950      0.00002
2001     52     1949      0.00002
2001     53     1948      0.00001
2001     54     1947      0.00000
2001     55+    1946-     0.00000
2002     12-    1990+     0.00000
2002     13     1989      0.00000
2002     14     1988      0.00021
2002     15     1987      0.00100
2002     16     1986      0.00323
2002     17     1985      0.00781
2002     18     1984      0.01390
2002     19     1983      0.02354
2002     20     1982      0.03278
2002     21     1981      0.04242
2002     22     1980      0.04969
2002     23     1979      0.05824
2002     24     1978      0.06551
2002     25     1977      0.07363
2002     26     1976      0.08093
2002     27     1975      0.08762
2002     28     1974      0.09283
2002     29     1973      0.09612
2002     30     1972      0.09482
2002     31     1971      0.09207
2002     32     1970      0.08470
2002     33     1969      0.07663
2002     34     1968      0.06657
2002     35     1967      0.05680
2002     36     1966      0.04568
2002     37     1965      0.03559
2002     38     1964      0.02586
2002     39     1963      0.01895
2002     40     1962      0.01348
2002     41     1961      0.00883
2002     42     1960      0.00530
2002     43     1959      0.00304
2002     44     1958      0.00171
2002     45     1957      0.00081
2002     46     1956      0.00032
2002     47     1955      0.00014
2002     48     1954      0.00006
2002     49     1953      0.00004
2002     50     1952      0.00001
2002     51     1951      0.00001
2002     52     1950      0.00001
2002     53     1949      0.00000
2002     54     1948      0.00000
2002     55+    1947-     0.00000
2003     12-    1991+     0.00000
2003     13     1990      0.00000
2003     14     1989      0.00018
2003     15     1988      0.00087
2003     16     1987      0.00301
2003     17     1986      0.00721
2003     18     1985      0.01339
2003     19     1984      0.02254
2003     20     1983      0.03116
2003     21     1982      0.03990
2003     22     1981      0.04876
2003     23     1980      0.05554
2003     24     1979      0.06325
2003     25     1978      0.07261
2003     26     1977      0.08035
2003     27     1976      0.08648
2003     28     1975      0.09217
2003     29     1974      0.09570
2003     30     1973      0.09606
2003     31     1972      0.09295
2003     32     1971      0.08599
2003     33     1970      0.07837
2003     34     1969      0.06807
2003     35     1968      0.05900
2003     36     1967      0.04782
2003     37     1966      0.03696
2003     38     1965      0.02756
2003     39     1964      0.02009
2003     40     1963      0.01393
2003     41     1962      0.00917
2003     42     1961      0.00551
2003     43     1960      0.00327
2003     44     1959      0.00166
2003     45     1958      0.00080
2003     46     1957      0.00038
2003     47     1956      0.00017
2003     48     1955      0.00007
2003     49     1954      0.00004
2003     50     1953      0.00001
2003     51     1952      0.00001
2003     52     1951      0.00001
2003     53     1950      0.00000
2003     54     1949      0.00000
2003     55+    1948-     0.00000
2004     12-    1992+     0.00000
2004     13     1991      0.00000
2004     14     1990      0.00019
2004     15     1989      0.00084
2004     16     1988      0.00283
2004     17     1987      0.00659
2004     18     1986      0.01252
2004     19     1985      0.02140
2004     20     1984      0.02993
2004     21     1983      0.03837
2004     22     1982      0.04673
2004     23     1981      0.05415
2004     24     1980      0.06327
2004     25     1979      0.07176
2004     26     1978      0.07989
2004     27     1977      0.08675
2004     28     1976      0.09184
2004     29     1975      0.09680
2004     30     1974      0.09712
2004     31     1973      0.09572
2004     32     1972      0.08964
2004     33     1971      0.08191
2004     34     1970      0.07193
2004     35     1969      0.06146
2004     36     1968      0.05059
2004     37     1967      0.03967
2004     38     1966      0.02960
2004     39     1965      0.02201
2004     40     1964      0.01536
2004     41     1963      0.00960
2004     42     1962      0.00589
2004     43     1961      0.00336
2004     44     1960      0.00177
2004     45     1959      0.00087
2004     46     1958      0.00040
2004     47     1957      0.00015
2004     48     1956      0.00009
2004     49     1955      0.00003
2004     50     1954      0.00001
2004     51     1953      0.00001
2004     52     1952      0.00001
2004     53     1951      0.00001
2004     54     1950      0.00000
2004     55+    1949-     0.00000
2005     12-    1993+     0.00000
2005     13     1992      0.00000
2005     14     1991      0.00017
2005     15     1990      0.00083
2005     16     1989      0.00265
2005     17     1988      0.00638
2005     18     1987      0.01144
2005     19     1986      0.02065
2005     20     1985      0.02973
2005     21     1984      0.03743
2005     22     1983      0.04401
2005     23     1982      0.05200
2005     24     1981      0.05966
2005     25     1980      0.06882
2005     26     1979      0.07742
2005     27     1978      0.08479
2005     28     1977      0.08915
2005     29     1976      0.09356
2005     30     1975      0.09564
2005     31     1974      0.09549
2005     32     1973      0.08981
2005     33     1972      0.08217
2005     34     1971      0.07290
2005     35     1970      0.06208
2005     36     1969      0.05177
2005     37     1968      0.04027
2005     38     1967      0.03125
2005     39     1966      0.02305
2005     40     1965      0.01624
2005     41     1964      0.01017
2005     42     1963      0.00622
2005     43     1962      0.00368
2005     44     1961      0.00191
2005     45     1960      0.00088
2005     46     1959      0.00042
2005     47     1958      0.00019
2005     48     1957      0.00013
2005     49     1956      0.00006
2005     50     1955      0.00001
2005     51     1954      0.00001
2005     52     1953      0.00001
2005     53     1952      0.00001
2005     54     1951      0.00000
2005     55+    1950-     0.00000
2006     12-    1994+     0.00000
2006     13     1993      0.00000
2006     14     1992      0.00018
2006     15     1991      0.00077
2006     16     1990      0.00264
2006     17     1989      0.00592
2006     18     1988      0.01082
2006     19     1987      0.01953
2006     20     1986      0.02826
2006     21     1985      0.03573
2006     22     1984      0.04263
2006     23     1983      0.04953
2006     24     1982      0.05749
2006     25     1981      0.06646
2006     26     1980      0.07542
2006     27     1979      0.08226
2006     28     1978      0.08863
2006     29     1977      0.09289
2006     30     1976      0.09557
2006     31     1975      0.09502
2006     32     1974      0.09022
2006     33     1973      0.08315
2006     34     1972      0.07330
2006     35     1971      0.06399
2006     36     1970      0.05328
2006     37     1969      0.04202
2006     38     1968      0.03253
2006     39     1967      0.02456
2006     40     1966      0.01726
2006     41     1965      0.01127
2006     42     1964      0.00672
2006     43     1963      0.00397
2006     44     1962      0.00203
2006     45     1961      0.00105
2006     46     1960      0.00047
2006     47     1959      0.00018
2006     48     1958      0.00006
2006     49     1957      0.00006
2006     50     1956      0.00002
2006     51     1955      0.00002
2006     52     1954      0.00001
2006     53     1953      0.00001
2006     54     1952      0.00000
2006     55+    1951-     0.00000
2007     12-    1995+     0.00000
2007     13     1994      0.00000
2007     14     1993      0.00018
2007     15     1992      0.00084
2007     16     1991      0.00253
2007     17     1990      0.00561
2007     18     1989      0.01058
2007     19     1988      0.01873
2007     20     1987      0.02709
2007     21     1986      0.03443
2007     22     1985      0.04160
2007     23     1984      0.04888
2007     24     1983      0.05568
2007     25     1982      0.06557
2007     26     1981      0.07498
2007     27     1980      0.08359
2007     28     1979      0.08989
2007     29     1978      0.09553
2007     30     1977      0.09872
2007     31     1976      0.09839
2007     32     1975      0.09412
2007     33     1974      0.08897
2007     34     1973      0.07933
2007     35     1972      0.06946
2007     36     1971      0.05802
2007     37     1970      0.04641
2007     38     1969      0.03504
2007     39     1968      0.02647
2007     40     1967      0.01889
2007     41     1966      0.01245
2007     42     1965      0.00747
2007     43     1964      0.00413
2007     44     1963      0.00224
2007     45     1962      0.00108
2007     46     1961      0.00047
2007     47     1960      0.00024
2007     48     1959      0.00013
2007     49     1958      0.00005
2007     50     1957      0.00004
2007     51     1956      0.00002
2007     52     1955      0.00001
2007     53     1954      0.00001
2007     54     1953      0.00000
2007     55+    1952-     0.00000
2008     12-    1996+     0.00000
2008     13     1995      0.00000
2008     14     1994      0.00016
2008     15     1993      0.00080
2008     16     1992      0.00262
2008     17     1991      0.00589
2008     18     1990      0.01013
2008     19     1989      0.01765
2008     20     1988      0.02603
2008     21     1987      0.03284
2008     22     1986      0.03937
2008     23     1985      0.04657
2008     24     1984      0.05449
2008     25     1983      0.06337
2008     26     1982      0.07323
2008     27     1981      0.08181
2008     28     1980      0.08953
2008     29     1979      0.09492
2008     30     1978      0.09917
2008     31     1977      0.09981
2008     32     1976      0.09669
2008     33     1975      0.09060
2008     34     1974      0.08217
2008     35     1973      0.07261
2008     36     1972      0.06148
2008     37     1971      0.04826
2008     38     1970      0.03799
2008     39     1969      0.02820
2008     40     1968      0.02071
2008     41     1967      0.01348
2008     42     1966      0.00814
2008     43     1965      0.00458
2008     44     1964      0.00242
2008     45     1963      0.00119
2008     46     1962      0.00055
2008     47     1961      0.00024
2008     48     1960      0.00012
2008     49     1959      0.00006
2008     50     1958      0.00004
2008     51     1957      0.00002
2008     52     1956      0.00001
2008     53     1955      0.00001
2008     54     1954      0.00000
2008     55+    1953-     0.00000
2009     12-    1997+     0.00000
2009     13     1996      0.00000
2009     14     1995      0.00014
2009     15     1994      0.00064
2009     16     1993      0.00232
2009     17     1992      0.00531
2009     18     1991      0.00956
2009     19     1990      0.01662
2009     20     1989      0.02372
2009     21     1988      0.03063
2009     22     1987      0.03711
2009     23     1986      0.04395
2009     24     1985      0.05189
2009     25     1984      0.06139
2009     26     1983      0.07033
2009     27     1982      0.07907
2009     28     1981      0.08634
2009     29     1980      0.09286
2009     30     1979      0.09732
2009     31     1978      0.09853
2009     32     1977      0.09569
2009     33     1976      0.09027
2009     34     1975      0.08320
2009     35     1974      0.07264
2009     36     1973      0.06246
2009     37     1972      0.05009
2009     38     1971      0.03898
2009     39     1970      0.02941
2009     40     1969      0.02118
2009     41     1968      0.01415
2009     42     1967      0.00843
2009     43     1966      0.00484
2009     44     1965      0.00261
2009     45     1964      0.00129
2009     46     1963      0.00056
2009     47     1962      0.00025
2009     48     1961      0.00015
2009     49     1960      0.00008
2009     50     1959      0.00005
2009     51     1958      0.00003
2009     52     1957      0.00002
2009     53     1956      0.00001
2009     54     1955      0.00000
2009     55+    1954-     0.00000
2010     12-    1998+     0.00000
2010     13     1997      0.00000
2010     14     1996      0.00014
2010     15     1995      0.00061
2010     16     1994      0.00227
2010     17     1993      0.00515
2010     18     1992      0.00953
2010     19     1991      0.01660
2010     20     1990      0.02295
2010     21     1989      0.02960
2010     22     1988      0.03618
2010     23     1987      0.04301
2010     24     1986      0.05104
2010     25     1985      0.06131
2010     26     1984      0.07091
2010     27     1983      0.07946
2010     28     1982      0.08808
2010     29     1981      0.09477
2010     30     1980      0.09958
2010     31     1979      0.10170
2010     32     1978      0.09880
2010     33     1977      0.09396
2010     34     1976      0.08609
2010     35     1975      0.07724
2010     36     1974      0.06592
2010     37     1973      0.05380
2010     38     1972      0.04157
2010     39     1971      0.03153
2010     40     1970      0.02310
2010     41     1969      0.01513
2010     42     1968      0.00903
2010     43     1967      0.00505
2010     44     1966      0.00262
2010     45     1965      0.00142
2010     46     1964      0.00063
2010     47     1963      0.00030
2010     48     1962      0.00012
2010     49     1961      0.00009
2010     50     1960      0.00006
2010     51     1959      0.00004
2010     52     1958      0.00003
2010     53     1957      0.00001
2010     54     1956      0.00001
2010     55+    1955-     0.00000
2011     12-    1999+     0.00000
2011     13     1998      0.00000
2011     14     1997      0.00013
2011     15     1996      0.00068
2011     16     1995      0.00210
2011     17     1994      0.00475
2011     18     1993      0.00866
2011     19     1992      0.01566
2011     20     1991      0.02174
2011     21     1990      0.02791
2011     22     1989      0.03326
2011     23     1988      0.03985
2011     24     1987      0.04785
2011     25     1986      0.05781
2011     26     1985      0.06764
2011     27     1984      0.07622
2011     28     1983      0.08551
2011     29     1982      0.09261
2011     30     1981      0.09755
2011     31     1980      0.10025
2011     32     1979      0.09861
2011     33     1978      0.09229
2011     34     1977      0.08578
2011     35     1976      0.07705
2011     36     1975      0.06695
2011     37     1974      0.05494
2011     38     1973      0.04250
2011     39     1972      0.03267
2011     40     1971      0.02368
2011     41     1970      0.01570
2011     42     1969      0.00926
2011     43     1968      0.00534
2011     44     1967      0.00276
2011     45     1966      0.00144
2011     46     1965      0.00062
2011     47     1964      0.00027
2011     48     1963      0.00015
2011     49     1962      0.00009
2011     50     1961      0.00006
2011     51     1960      0.00005
2011     52     1959      0.00003
2011     53     1958      0.00002
2011     54     1957      0.00001
2011     55+    1956-     0.00000
2012     12-    2000+     0.00000
2012     13     1999      0.00000
2012     14     1998      0.00013
2012     15     1997      0.00063
2012     16     1996      0.00204
2012     17     1995      0.00478
2012     18     1994      0.00853
2012     19     1993      0.01484
2012     20     1992      0.02223
2012     21     1991      0.02756
2012     22     1990      0.03262
2012     23     1989      0.03898
2012     24     1988      0.04710
2012     25     1987      0.05655
2012     26     1986      0.06794
2012     27     1985      0.07682
2012     28     1984      0.08588
2012     29     1983      0.09219
2012     30     1982      0.10022
2012     31     1981      0.10237
2012     32     1980      0.10012
2012     33     1979      0.09489
2012     34     1978      0.08774
2012     35     1977      0.07865
2012     36     1976      0.06889
2012     37     1975      0.05653
2012     38     1974      0.04463
2012     39     1973      0.03420
2012     40     1972      0.02515
2012     41     1971      0.01612
2012     42     1970      0.01004
2012     43     1969      0.00563
2012     44     1968      0.00294
2012     45     1967      0.00147
2012     46     1966      0.00074
2012     47     1965      0.00032
2012     48     1964      0.00019
2012     49     1963      0.00010
2012     50     1962      0.00004
2012     51     1961      0.00004
2012     52     1960      0.00003
2012     53     1959      0.00002
2012     54     1958      0.00001
2012     55+    1957-     0.00000
2013     12-    2001+     0.00000
2013     13     2000      0.00000
2013     14     1999      0.00012
2013     15     1998      0.00068
2013     16     1997      0.00196
2013     17     1996      0.00439
2013     18     1995      0.00886
2013     19     1994      0.01460
2013     20     1993      0.02043
2013     21     1992      0.02627
2013     22     1991      0.03147
2013     23     1990      0.03802
2013     24     1989      0.04539
2013     25     1988      0.05567
2013     26     1987      0.06644
2013     27     1986      0.07575
2013     28     1985      0.08557
2013     29     1984      0.09326
2013     30     1983      0.09882
2013     31     1982      0.10360
2013     32     1981      0.10207
2013     33     1980      0.09651
2013     34     1979      0.09007
2013     35     1978      0.08136
2013     36     1977      0.06991
2013     37     1976      0.05848
2013     38     1975      0.04709
2013     39     1974      0.03593
2013     40     1973      0.02650
2013     41     1972      0.01723
2013     42     1971      0.01044
2013     43     1970      0.00599
2013     44     1969      0.00319
2013     45     1968      0.00154
2013     46     1967      0.00073
2013     47     1966      0.00040
2013     48     1965      0.00016
2013     49     1964      0.00010
2013     50     1963      0.00007
2013     51     1962      0.00005
2013     52     1961      0.00003
2013     53     1960      0.00001
2013     54     1959      0.00001
2013     55+    1958-     0.00000
2014     12-    2002+     0.00000
2014     13     2001      0.00000
2014     14     2000      0.00017
2014     15     1999      0.00073
2014     16     1998      0.00208
2014     17     1997      0.00475
2014     18     1996      0.00849
2014     19     1995      0.01449
2014     20     1994      0.02046
2014     21     1993      0.02552
2014     22     1992      0.03172
2014     23     1991      0.03790
2014     24     1990      0.04562
2014     25     1989      0.05567
2014     26     1988      0.06721
2014     27     1987      0.07727
2014     28     1986      0.08772
2014     29     1985      0.09723
2014     30     1984      0.10436
2014     31     1983      0.10809
2014     32     1982      0.10761
2014     33     1981      0.10208
2014     34     1980      0.09439
2014     35     1979      0.08555
2014     36     1978      0.07387
2014     37     1977      0.06138
2014     38     1976      0.04965
2014     39     1975      0.03895
2014     40     1974      0.02859
2014     41     1973      0.01883
2014     42     1972      0.01168
2014     43     1971      0.00656
2014     44     1970      0.00335
2014     45     1969      0.00161
2014     46     1968      0.00084
2014     47     1967      0.00037
2014     48     1966      0.00022
2014     49     1965      0.00010
2014     50     1964      0.00006
2014     51     1963      0.00005
2014     52     1962      0.00003
2014     53     1961      0.00002
2014     54     1960      0.00001
2014     55+    1959-     0.00000
2015     12-    2003+     0.00000
2015     13     2002      0.00000
2015     14     2001      0.00019
2015     15     2000      0.00079
2015     16     1999      0.00216
2015     17     1998      0.00465
2015     18     1997      0.00834
2015     19     1996      0.01447
2015     20     1995      0.02083
2015     21     1994      0.02616
2015     22     1993      0.03156
2015     23     1992      0.03810
2015     24     1991      0.04586
2015     25     1990      0.05567
2015     26     1989      0.06735
2015     27     1988      0.07810
2015     28     1987      0.08932
2015     29     1986      0.09871
2015     30     1985      0.10596
2015     31     1984      0.11011
2015     32     1983      0.10911
2015     33     1982      0.10536
2015     34     1981      0.09714
2015     35     1980      0.08777
2015     36     1979      0.07655
2015     37     1978      0.06258
2015     38     1977      0.05029
2015     39     1976      0.03964
2015     40     1975      0.02996
2015     41     1974      0.02028
2015     42     1973      0.01181
2015     43     1972      0.00657
2015     44     1971      0.00359
2015     45     1970      0.00185
2015     46     1969      0.00087
2015     47     1968      0.00044
2015     48     1967      0.00021
2015     49     1966      0.00014
2015     50     1965      0.00007
2015     51     1964      0.00006
2015     52     1963      0.00004
2015     53     1962      0.00002
2015     54     1961      0.00001
2015     55+    1960-     0.00000
2016     12-    2004+     0.00000
2016     13     2003      0.00000
2016     14     2002      0.00021
2016     15     2001      0.00085
2016     16     2000      0.00243
2016     17     1999      0.00532
2016     18     1998      0.00976
2016     19     1997      0.01696
2016     20     1996      0.02320
2016     21     1995      0.03000
2016     22     1994      0.03560
2016     23     1993      0.04063
2016     24     1992      0.04908
2016     25     1991      0.05814
2016     26     1990      0.06999
2016     27     1989      0.08192
2016     28     1988      0.09335
2016     29     1987      0.10356
2016     30     1986      0.11090
2016     31     1985      0.11617
2016     32     1984      0.11493
2016     33     1983      0.10982
2016     34     1982      0.10249
2016     35     1981      0.09313
2016     36     1980      0.08149
2016     37     1979      0.06762
2016     38     1978      0.05383
2016     39     1977      0.04249
2016     40     1976      0.03195
2016     41     1975      0.02156
2016     42     1974      0.01336
2016     43     1973      0.00776
2016     44     1972      0.00404
2016     45     1971      0.00194
2016     46     1970      0.00110
2016     47     1969      0.00050
2016     48     1968      0.00028
2016     49     1967      0.00016
2016     50     1966      0.00013
2016     51     1965      0.00008
2016     52     1964      0.00004
2016     53     1963      0.00002
2016     54     1962      0.00001
2016     55+    1961-     0.00000
2017     12-    2005+     0.00000
2017     13     2004      0.00000
2017     14     2003      0.00015
2017     15     2002      0.00069
2017     16     2001      0.00210
2017     17     2000      0.00444
2017     18     1999      0.00847
2017     19     1998      0.01485
2017     20     1997      0.02049
2017     21     1996      0.02707
2017     22     1995      0.03306
2017     23     1994      0.03901
2017     24     1993      0.04617
2017     25     1992      0.05672
2017     26     1991      0.06794
2017     27     1990      0.07990
2017     28     1989      0.09057
2017     29     1988      0.10240
2017     30     1987      0.11059
2017     31     1986      0.11566
2017     32     1985      0.11497
2017     33     1984      0.11023
2017     34     1983      0.10156
2017     35     1982      0.09227
2017     36     1981      0.08158
2017     37     1980      0.06758
2017     38     1979      0.05433
2017     39     1978      0.04268
2017     40     1977      0.03216
2017     41     1976      0.02160
2017     42     1975      0.01362
2017     43     1974      0.00797
2017     44     1973      0.00414
2017     45     1972      0.00230
2017     46     1971      0.00107
2017     47     1970      0.00053
2017     48     1969      0.00025
2017     49     1968      0.00015
2017     50     1967      0.00011
2017     51     1966      0.00008
2017     52     1965      0.00005
2017     53     1964      0.00002
2017     54     1963      0.00001
2017     55+    1962-     0.00000
