East Germany, Live births by calendar year, age reached during the year (ARDY) and birth cohort (vertical parallelograms)
Last modified: 04/02/2019
Year  ARDY   Cohort       Total
1956    12-   1944+        0.00
1956    13    1943         0.00
1956    14    1942         0.00
1956    15    1941        55.00
1956    16    1940       467.00
1956    17    1939      2392.00
1956    18    1938      7003.00
1956    19    1937     13084.00
1956    20    1936     18345.00
1956    21    1935     22415.00
1956    22    1934     23283.00
1956    23    1933     19033.00
1956    24    1932     18285.00
1956    25    1931     17801.00
1956    26    1930     17824.00
1956    27    1929     16013.00
1956    28    1928     14809.00
1956    29    1927     12583.00
1956    30    1926     11825.00
1956    31    1925     10466.00
1956    32    1924      9220.00
1956    33    1923      8136.00
1956    34    1922      7855.00
1956    35    1921      7574.00
1956    36    1920      6854.00
1956    37    1919      4368.00
1956    38    1918      2345.00
1956    39    1917      1811.00
1956    40    1916      1545.00
1956    41    1915      1705.00
1956    42    1914      1651.00
1956    43    1913      1211.00
1956    44    1912       713.00
1956    45    1911       387.00
1956    46    1910       113.35
1956    47    1909        56.57
1956    48    1908        27.27
1956    49    1907        13.31
1956    50    1906         6.75
1956    51    1905         3.38
1956    52    1904         1.81
1956    53    1903         0.94
1956    54    1902         0.48
1956    55+   1901-        0.15
1957    12-   1945+        0.00
1957    13    1944         0.00
1957    14    1943         0.00
1957    15    1942        54.09
1957    16    1941       407.69
1957    17    1940      2329.95
1957    18    1939      7015.89
1957    19    1938     13196.35
1957    20    1937     17814.17
1957    21    1936     21288.06
1957    22    1935     22880.75
1957    23    1934     22406.95
1957    24    1933     17501.65
1957    25    1932     16927.67
1957    26    1931     16031.16
1957    27    1930     15870.88
1957    28    1929     14232.11
1957    29    1928     12589.33
1957    30    1927     10720.16
1957    31    1926     10029.99
1957    32    1925      8932.13
1957    33    1924      7512.73
1957    34    1923      6752.43
1957    35    1922      6315.70
1957    36    1921      6133.39
1957    37    1920      5525.36
1957    38    1919      3369.71
1957    39    1918      1671.83
1957    40    1917      1250.11
1957    41    1916      1124.91
1957    42    1915      1097.86
1957    43    1914      1021.73
1957    44    1913       656.11
1957    45    1912       380.65
1957    46    1911       136.69
1957    47    1910        74.16
1957    48    1909        38.09
1957    49    1908        18.63
1957    50    1907         9.12
1957    51    1906         4.61
1957    52    1905         2.28
1957    53    1904         1.18
1957    54    1903         0.56
1957    55+   1902-        0.17
1958    12-   1946+        0.00
1958    13    1945         0.00
1958    14    1944         0.00
1958    15    1943        45.00
1958    16    1942       339.00
1958    17    1941      2119.00
1958    18    1940      7179.00
1958    19    1939     13820.00
1958    20    1938     18514.00
1958    21    1937     20322.00
1958    22    1936     22173.00
1958    23    1935     22550.00
1958    24    1934     20956.00
1958    25    1933     16307.00
1958    26    1932     15189.00
1958    27    1931     14354.00
1958    28    1930     14066.00
1958    29    1929     12529.00
1958    30    1928     11101.00
1958    31    1927      9445.00
1958    32    1926      8640.00
1958    33    1925      7592.00
1958    34    1924      6374.00
1958    35    1923      5754.00
1958    36    1922      5200.00
1958    37    1921      5057.00
1958    38    1920      4363.00
1958    39    1919      2663.00
1958    40    1918      1327.00
1958    41    1917       915.00
1958    42    1916       730.00
1958    43    1915       629.00
1958    44    1914       547.00
1958    45    1913       327.00
1958    46    1912       136.99
1958    47    1911        68.26
1958    48    1910        36.67
1958    49    1909        18.84
1958    50    1908         9.30
1958    51    1907         4.64
1958    52    1906         2.38
1958    53    1905         1.18
1958    54    1904         0.57
1958    55+   1903-        0.16
1959    12-   1947+        0.00
1959    13    1946         0.00
1959    14    1945         0.00
1959    15    1944        79.00
1959    16    1943       408.00
1959    17    1942      2038.00
1959    18    1941      7302.00
1959    19    1940     15606.00
1959    20    1939     21475.00
1959    21    1938     23237.00
1959    22    1937     23316.00
1959    23    1936     23430.00
1959    24    1935     23117.00
1959    25    1934     21184.00
1959    26    1933     16047.00
1959    27    1932     14809.00
1959    28    1931     13802.00
1959    29    1930     13145.00
1959    30    1929     11390.00
1959    31    1928     10221.00
1959    32    1927      8514.00
1959    33    1926      7714.00
1959    34    1925      6902.00
1959    35    1924      5657.00
1959    36    1923      5015.00
1959    37    1922      4539.00
1959    38    1921      4241.00
1959    39    1920      3615.00
1959    40    1919      2173.00
1959    41    1918       886.00
1959    42    1917       658.00
1959    43    1916       487.00
1959    44    1915       402.00
1959    45    1914       303.00
1959    46    1913       128.35
1959    47    1912        69.59
1959    48    1911        33.67
1959    49    1910        17.95
1959    50    1909         9.31
1959    51    1908         4.71
1959    52    1907         2.41
1959    53    1906         1.26
1959    54    1905         0.58
1959    55+   1904-        0.18
1960    12-   1948+        0.00
1960    13    1947         0.00
1960    14    1946         0.00
1960    15    1945        58.00
1960    16    1944       466.00
1960    17    1943      2292.00
1960    18    1942      6499.02
1960    19    1941     15300.05
1960    20    1940     22093.08
1960    21    1939     25018.09
1960    22    1938     24000.08
1960    23    1937     23108.08
1960    24    1936     22459.08
1960    25    1935     21436.08
1960    26    1934     19119.06
1960    27    1933     14504.05
1960    28    1932     12943.04
1960    29    1931     11981.04
1960    30    1930     11574.04
1960    31    1929      9805.04
1960    32    1928      8889.03
1960    33    1927      7200.03
1960    34    1926      6593.02
1960    35    1925      5769.02
1960    36    1924      4808.01
1960    37    1923      4190.01
1960    38    1922      3672.01
1960    39    1921      3211.01
1960    40    1920      2655.01
1960    41    1919      1582.01
1960    42    1918       656.01
1960    43    1917       408.00
1960    44    1916       265.00
1960    45    1915       200.00
1960    46    1914       107.03
1960    47    1913        59.62
1960    48    1912        31.80
1960    49    1911        15.42
1960    50    1910         8.37
1960    51    1909         4.47
1960    52    1908         2.32
1960    53    1907         1.21
1960    54    1906         0.59
1960    55+   1905-        0.17
1961    12-   1949+        0.00
1961    13    1948         0.00
1961    14    1947         0.00
1961    15    1946        70.02
1961    16    1945       412.12
1961    17    1944      2490.72
1961    18    1943      6989.02
1961    19    1942     12917.73
1961    20    1941     21920.34
1961    21    1940     26451.65
1961    22    1939     27044.82
1961    23    1938     25140.27
1961    24    1937     22746.58
1961    25    1936     21519.22
1961    26    1935     20453.92
1961    27    1934     17377.02
1961    28    1933     12785.70
1961    29    1932     11668.37
1961    30    1931     10641.08
1961    31    1930     10134.93
1961    32    1929      8693.52
1961    33    1928      7581.19
1961    34    1927      6264.81
1961    35    1926      5759.66
1961    36    1925      4914.42
1961    37    1924      4020.16
1961    38    1923      3368.98
1961    39    1922      3004.87
1961    40    1921      2476.72
1961    41    1920      1945.57
1961    42    1919      1062.30
1961    43    1918       445.13
1961    44    1917       204.06
1961    45    1916       139.04
1961    46    1915        72.67
1961    47    1914        47.72
1961    48    1913        25.51
1961    49    1912        13.56
1961    50    1911         6.74
1961    51    1910         3.82
1961    52    1909         2.14
1961    53    1908         1.15
1961    54    1907         0.56
1961    55+   1906-        0.18
1962    12-   1950+        0.00
1962    13    1949         0.00
1962    14    1948         0.00
1962    15    1947        89.01
1962    16    1946       374.05
1962    17    1945      1786.24
1962    18    1944      7292.97
1962    19    1943     13527.82
1962    20    1942     17850.40
1962    21    1941     25084.37
1962    22    1940     27522.70
1962    23    1939     26960.62
1962    24    1938     23960.21
1962    25    1937     21336.86
1962    26    1936     19901.68
1962    27    1935     17646.37
1962    28    1934     15396.07
1962    29    1933     11170.50
1962    30    1932     10246.37
1962    31    1931      9058.21
1962    32    1930      8683.17
1962    33    1929      7424.00
1962    34    1928      6376.86
1962    35    1927      5238.70
1962    36    1926      4659.63
1962    37    1925      4059.55
1962    38    1924      3191.43
1962    39    1923      2711.36
1962    40    1922      2192.29
1962    41    1921      1762.23
1962    42    1920      1334.18
1962    43    1919       665.09
1962    44    1918       256.03
1962    45    1917        85.01
1962    46    1916        47.32
1962    47    1915        36.02
1962    48    1914        24.71
1962    49    1913        13.81
1962    50    1912         7.68
1962    51    1911         3.98
1962    52    1910         2.33
1962    53    1909         1.31
1962    54    1908         0.65
1962    55+   1907-        0.20
1963    12-   1951+        0.00
1963    13    1950         0.00
1963    14    1949         0.00
1963    15    1948        93.03
1963    16    1947       524.14
1963    17    1946      1802.49
1963    18    1945      5279.43
1963    19    1944     14010.82
1963    20    1943     19094.19
1963    21    1942     20620.61
1963    22    1941     26800.29
1963    23    1940     27137.38
1963    24    1939     26280.14
1963    25    1938     22745.19
1963    26    1937     19714.36
1963    27    1936     18209.95
1963    28    1935     16352.45
1963    29    1934     14154.85
1963    30    1933     10188.77
1963    31    1932      9138.48
1963    32    1931      8044.19
1963    33    1930      7912.15
1963    34    1929      6391.74
1963    35    1928      5766.57
1963    36    1927      4648.26
1963    37    1926      3984.08
1963    38    1925      3437.93
1963    39    1924      2631.72
1963    40    1923      2067.56
1963    41    1922      1632.44
1963    42    1921      1254.34
1963    43    1920       930.25
1963    44    1919       424.11
1963    45    1918       118.04
1963    46    1917        31.99
1963    47    1916        17.57
1963    48    1915        12.64
1963    49    1914         8.64
1963    50    1913         4.99
1963    51    1912         2.93
1963    52    1911         1.61
1963    53    1910         0.98
1963    54    1909         0.53
1963    55+   1908-        0.16
1964    12-   1952+        0.00
1964    13    1951         0.00
1964    14    1950         0.00
1964    15    1949        82.01
1964    16    1948       490.04
1964    17    1947      2354.21
1964    18    1946      4613.41
1964    19    1945     10030.90
1964    20    1944     19365.73
1964    21    1943     21666.93
1964    22    1942     20699.85
1964    23    1941     25512.27
1964    24    1940     25550.27
1964    25    1939     23555.10
1964    26    1938     20447.82
1964    27    1937     17473.56
1964    28    1936     16001.42
1964    29    1935     14284.27
1964    30    1934     12344.10
1964    31    1933      9031.80
1964    32    1932      7894.70
1964    33    1931      7092.63
1964    34    1930      6702.59
1964    35    1929      5635.50
1964    36    1928      4824.43
1964    37    1927      3878.35
1964    38    1926      3290.29
1964    39    1925      2712.24
1964    40    1924      1975.18
1964    41    1923      1495.13
1964    42    1922      1148.10
1964    43    1921       840.08
1964    44    1920       554.05
1964    45    1919       228.03
1964    46    1918        42.20
1964    47    1917        19.02
1964    48    1916        10.64
1964    49    1915         7.83
1964    50    1914         5.48
1964    51    1913         3.20
1964    52    1912         1.89
1964    53    1911         1.02
1964    54    1910         0.55
1964    55+   1909-        0.18
1965    12-   1953+        0.00
1965    13    1952         0.00
1965    14    1951         0.00
1965    15    1950       101.01
1965    16    1949       602.07
1965    17    1948      2446.28
1965    18    1947      6520.77
1965    19    1946      9003.06
1965    20    1945     13589.60
1965    21    1944     21257.50
1965    22    1943     21776.55
1965    23    1942     20095.36
1965    24    1941     24054.82
1965    25    1940     23752.79
1965    26    1939     21694.54
1965    27    1938     18152.13
1965    28    1937     15453.81
1965    29    1936     13872.62
1965    30    1935     12299.45
1965    31    1934     10635.25
1965    32    1933      7556.89
1965    33    1932      6623.78
1965    34    1931      5992.70
1965    35    1930      5608.66
1965    36    1929      4581.54
1965    37    1928      3887.45
1965    38    1927      3041.36
1965    39    1926      2535.30
1965    40    1925      2045.24
1965    41    1924      1413.16
1965    42    1923       965.11
1965    43    1922       699.08
1965    44    1921       433.05
1965    45    1920       255.03
1965    46    1919        65.18
1965    47    1918        20.17
1965    48    1917         9.82
1965    49    1916         5.77
1965    50    1915         4.39
1965    51    1914         3.13
1965    52    1913         1.84
1965    53    1912         1.04
1965    54    1911         0.51
1965    55+   1910-        0.16
1966    12-   1954+        0.00
1966    13    1953         0.00
1966    14    1952         0.00
1966    15    1951        85.00
1966    16    1950       560.00
1966    17    1949      2562.00
1966    18    1948      6192.00
1966    19    1947     11883.00
1966    20    1946     12056.00
1966    21    1945     14609.00
1966    22    1944     21133.00
1966    23    1943     20959.00
1966    24    1942     19208.00
1966    25    1941     22107.00
1966    26    1940     21641.00
1966    27    1939     19504.00
1966    28    1938     15977.00
1966    29    1937     13166.00
1966    30    1936     12074.00
1966    31    1935     10495.00
1966    32    1934      8884.00
1966    33    1933      6312.00
1966    34    1932      5591.00
1966    35    1931      4976.00
1966    36    1930      4536.00
1966    37    1929      3632.00
1966    38    1928      3019.00
1966    39    1927      2174.00
1966    40    1926      1760.00
1966    41    1925      1146.00
1966    42    1924       726.00
1966    43    1923       441.00
1966    44    1922       285.00
1966    45    1921       152.00
1966    46    1920        65.19
1966    47    1919        26.34
1966    48    1918         8.85
1966    49    1917         4.58
1966    50    1916         2.79
1966    51    1915         2.18
1966    52    1914         1.56
1966    53    1913         0.90
1966    54    1912         0.46
1966    55+   1911-        0.14
1967    12-   1955+        0.00
1967    13    1954         0.00
1967    14    1953         0.00
1967    15    1952        92.00
1967    16    1951       480.00
1967    17    1950      2632.02
1967    18    1949      6908.06
1967    19    1948     11768.09
1967    20    1947     15849.12
1967    21    1946     13261.10
1967    22    1945     14721.11
1967    23    1944     20080.16
1967    24    1943     19429.16
1967    25    1942     17208.13
1967    26    1941     19621.16
1967    27    1940     18464.15
1967    28    1939     16354.13
1967    29    1938     13485.11
1967    30    1937     11268.09
1967    31    1936      9897.07
1967    32    1935      8556.07
1967    33    1934      7186.06
1967    34    1933      5101.04
1967    35    1932      4470.04
1967    36    1931      3703.03
1967    37    1930      3471.03
1967    38    1929      2780.02
1967    39    1928      2145.02
1967    40    1927      1380.01
1967    41    1926      1024.01
1967    42    1925       631.01
1967    43    1924       394.00
1967    44    1923       219.00
1967    45    1922       134.00
1967    46    1921        52.54
1967    47    1920        30.23
1967    48    1919        11.83
1967    49    1918         3.93
1967    50    1917         2.03
1967    51    1916         1.25
1967    52    1915         1.00
1967    53    1914         0.71
1967    54    1913         0.38
1967    55+   1912-        0.12
1968    12-   1956+        0.00
1968    13    1955         0.00
1968    14    1954         0.00
1968    15    1953        83.00
1968    16    1952       467.00
1968    17    1951      2528.02
1968    18    1950      7466.06
1968    19    1949     13286.11
1968    20    1948     16238.14
1968    21    1947     18110.15
1968    22    1946     13463.11
1968    23    1945     13938.12
1968    24    1944     18740.15
1968    25    1943     17381.14
1968    26    1942     15125.12
1968    27    1941     17261.14
1968    28    1940     15753.12
1968    29    1939     13872.11
1968    30    1938     11234.09
1968    31    1937      9380.07
1968    32    1936      8372.06
1968    33    1935      7176.06
1968    34    1934      6047.05
1968    35    1933      4289.03
1968    36    1932      3666.03
1968    37    1931      3029.03
1968    38    1930      2661.03
1968    39    1929      2127.01
1968    40    1928      1377.02
1968    41    1927       798.00
1968    42    1926       552.00
1968    43    1925       351.01
1968    44    1924       193.00
1968    45    1923       111.00
1968    46    1922        31.26
1968    47    1921        18.22
1968    48    1920        10.16
1968    49    1919         4.00
1968    50    1918         1.37
1968    51    1917         0.75
1968    52    1916         0.49
1968    53    1915         0.40
1968    54    1914         0.27
1968    55+   1913-        0.09
1969    12-   1957+        0.00
1969    13    1956         0.00
1969    14    1955         0.00
1969    15    1954        86.00
1969    16    1953       456.00
1969    17    1952      2580.00
1969    18    1951      7655.00
1969    19    1950     15362.00
1969    20    1949     19163.00
1969    21    1948     18308.00
1969    22    1947     17768.00
1969    23    1946     12349.00
1969    24    1945     12399.00
1969    25    1944     16594.00
1969    26    1943     15422.00
1969    27    1942     13016.00
1969    28    1941     14604.00
1969    29    1940     13249.00
1969    30    1939     11684.00
1969    31    1938      9419.00
1969    32    1937      7708.00
1969    33    1936      6766.00
1969    34    1935      5803.00
1969    35    1934      4934.00
1969    36    1933      3401.00
1969    37    1932      2824.00
1969    38    1931      2373.00
1969    39    1930      1915.00
1969    40    1929      1238.00
1969    41    1928       743.00
1969    42    1927       480.00
1969    43    1926       280.00
1969    44    1925       157.00
1969    45    1924        99.00
1969    46    1923        32.63
1969    47    1922        19.39
1969    48    1921        11.66
1969    49    1920         6.63
1969    50    1919         2.64
1969    51    1918         0.91
1969    52    1917         0.49
1969    53    1916         0.31
1969    54    1915         0.23
1969    55+   1914-        0.09
1970    12-   1958+        0.00
1970    13    1957         0.00
1970    14    1956         0.00
1970    15    1955        74.00
1970    16    1954       456.01
1970    17    1953      2602.02
1970    18    1952      7855.07
1970    19    1951     16303.14
1970    20    1950     22033.18
1970    21    1949     21386.18
1970    22    1948     18079.15
1970    23    1947     16064.13
1970    24    1946     11142.10
1970    25    1945     11061.09
1970    26    1944     14235.12
1970    27    1943     13006.11
1970    28    1942     10957.10
1970    29    1941     12274.10
1970    30    1940     11237.09
1970    31    1939      9837.08
1970    32    1938      7879.07
1970    33    1937      6426.05
1970    34    1936      5693.05
1970    35    1935      4861.04
1970    36    1934      3888.03
1970    37    1933      2743.02
1970    38    1932      2168.02
1970    39    1931      1707.01
1970    40    1930      1170.01
1970    41    1929       737.01
1970    42    1928       441.00
1970    43    1927       269.01
1970    44    1926       167.00
1970    45    1925       106.00
1970    46    1924        31.65
1970    47    1923        17.33
1970    48    1922        10.12
1970    49    1921         6.06
1970    50    1920         3.48
1970    51    1919         1.40
1970    52    1918         0.49
1970    53    1917         0.26
1970    54    1916         0.15
1970    55+   1915-        0.07
1971    12-   1959+        0.00
1971    13    1958         0.00
1971    14    1957         0.00
1971    15    1956        97.00
1971    16    1955       489.00
1971    17    1954      2707.00
1971    18    1953      8345.00
1971    19    1952     16771.00
1971    20    1951     22692.00
1971    21    1950     24213.00
1971    22    1949     20502.00
1971    23    1948     16000.00
1971    24    1947     14136.00
1971    25    1946      9465.00
1971    26    1945      9460.00
1971    27    1944     12067.00
1971    28    1943     10794.00
1971    29    1942      9200.00
1971    30    1941     10307.00
1971    31    1940      9382.00
1971    32    1939      8000.00
1971    33    1938      6579.00
1971    34    1937      5327.00
1971    35    1936      4565.00
1971    36    1935      3927.00
1971    37    1934      3171.00
1971    38    1933      2139.00
1971    39    1932      1636.00
1971    40    1931      1102.00
1971    41    1930       714.00
1971    42    1929       474.00
1971    43    1928       307.00
1971    44    1927       147.00
1971    45    1926        83.00
1971    46    1925        32.00
1971    47    1924        17.41
1971    48    1923         9.79
1971    49    1922         5.85
1971    50    1921         3.57
1971    51    1920         2.08
1971    52    1919         0.84
1971    53    1918         0.29
1971    54    1917         0.14
1971    55+   1916-        0.05
1972    12-   1960+        0.00
1972    13    1959         0.00
1972    14    1958         0.00
1972    15    1957        74.00
1972    16    1956       446.01
1972    17    1955      2381.07
1972    18    1954      7502.22
1972    19    1953     15047.45
1972    20    1952     20686.62
1972    21    1951     21615.65
1972    22    1950     20216.61
1972    23    1949     16252.49
1972    24    1948     12505.37
1972    25    1947     10669.32
1972    26    1946      6931.21
1972    27    1945      6793.21
1972    28    1944      8368.25
1972    29    1943      7791.23
1972    30    1942      6313.19
1972    31    1941      6836.20
1972    32    1940      6140.19
1972    33    1939      5256.16
1972    34    1938      4260.13
1972    35    1937      3490.11
1972    36    1936      2948.09
1972    37    1935      2447.07
1972    38    1934      1826.06
1972    39    1933      1240.04
1972    40    1932       851.03
1972    41    1931       602.02
1972    42    1930       434.01
1972    43    1929       244.01
1972    44    1928       139.01
1972    45    1927        68.01
1972    46    1926        29.23
1972    47    1925        17.12
1972    48    1924         9.10
1972    49    1923         5.05
1972    50    1922         3.00
1972    51    1921         1.82
1972    52    1920         1.06
1972    53    1919         0.42
1972    54    1918         0.13
1972    55+   1917-        0.04
1973    12-   1961+        0.00
1973    13    1960         0.00
1973    14    1959         0.00
1973    15    1958        50.00
1973    16    1957       411.00
1973    17    1956      2032.00
1973    18    1955      6844.00
1973    19    1954     14195.00
1973    20    1953     19069.00
1973    21    1952     20436.00
1973    22    1951     19485.00
1973    23    1950     17172.00
1973    24    1949     13592.00
1973    25    1948     10139.00
1973    26    1947      8203.00
1973    27    1946      5356.00
1973    28    1945      4996.00
1973    29    1944      6120.00
1973    30    1943      5321.00
1973    31    1942      4426.00
1973    32    1941      4569.00
1973    33    1940      3924.00
1973    34    1939      3406.00
1973    35    1938      2618.00
1973    36    1937      2068.00
1973    37    1936      1769.00
1973    38    1935      1315.00
1973    39    1934      1030.00
1973    40    1933       603.00
1973    41    1932       424.00
1973    42    1931       317.00
1973    43    1930       205.00
1973    44    1929       113.00
1973    45    1928        71.00
1973    46    1927        25.22
1973    47    1926        14.44
1973    48    1925         7.99
1973    49    1924         4.14
1973    50    1923         2.29
1973    51    1922         1.37
1973    52    1921         0.85
1973    53    1920         0.49
1973    54    1919         0.19
1973    55+   1918-        0.04
1974    12-   1962+        0.00
1974    13    1961         0.00
1974    14    1960         0.00
1974    15    1959        56.00
1974    16    1958       392.00
1974    17    1957      2076.00
1974    18    1956      6437.00
1974    19    1955     13661.00
1974    20    1954     18596.00
1974    21    1953     19965.00
1974    22    1952     19006.00
1974    23    1951     17710.00
1974    24    1950     15741.00
1974    25    1949     11846.00
1974    26    1948      8592.00
1974    27    1947      6857.00
1974    28    1946      4319.00
1974    29    1945      4151.00
1974    30    1944      4952.00
1974    31    1943      4375.00
1974    32    1942      3506.00
1974    33    1941      3717.00
1974    34    1940      3210.00
1974    35    1939      2574.00
1974    36    1938      2000.00
1974    37    1937      1477.00
1974    38    1936      1189.00
1974    39    1935       952.00
1974    40    1934       672.00
1974    41    1933       425.00
1974    42    1932       300.00
1974    43    1931       168.00
1974    44    1930       104.00
1974    45    1929        66.00
1974    46    1928        16.52
1974    47    1927         8.17
1974    48    1926         4.54
1974    49    1925         2.54
1974    50    1924         1.37
1974    51    1923         0.81
1974    52    1922         0.51
1974    53    1921         0.33
1974    54    1920         0.17
1974    55+   1919-        0.04
1975    12-   1963+        0.00
1975    13    1962         0.00
1975    14    1961         0.00
1975    15    1960        63.00
1975    16    1959       430.00
1975    17    1958      1939.00
1975    18    1957      6225.00
1975    19    1956     12852.00
1975    20    1955     18118.00
1975    21    1954     19423.00
1975    22    1953     19667.00
1975    23    1952     18428.00
1975    24    1951     16954.00
1975    25    1950     14493.00
1975    26    1949     10429.00
1975    27    1948      7351.00
1975    28    1947      5925.00
1975    29    1946      3637.00
1975    30    1945      3516.00
1975    31    1944      4045.00
1975    32    1943      3391.00
1975    33    1942      2821.00
1975    34    1941      2812.00
1975    35    1940      2294.00
1975    36    1939      1910.00
1975    37    1938      1436.00
1975    38    1937      1106.00
1975    39    1936       803.00
1975    40    1935       663.00
1975    41    1934       445.00
1975    42    1933       263.00
1975    43    1932       155.00
1975    44    1931       117.00
1975    45    1930        42.00
1975    46    1929        19.01
1975    47    1928        11.38
1975    48    1927         6.24
1975    49    1926         3.69
1975    50    1925         2.14
1975    51    1924         1.17
1975    52    1923         0.68
1975    53    1922         0.42
1975    54    1921         0.24
1975    55+   1920-        0.08
1976    12-   1964+        0.00
1976    13    1963         0.00
1976    14    1962         0.00
1976    15    1961        68.00
1976    16    1960       479.00
1976    17    1959      2147.00
1976    18    1958      5977.00
1976    19    1957     12707.00
1976    20    1956     18101.00
1976    21    1955     20387.00
1976    22    1954     20830.00
1976    23    1953     20262.00
1976    24    1952     19053.00
1976    25    1951     16548.00
1976    26    1950     13261.00
1976    27    1949      9734.00
1976    28    1948      6619.00
1976    29    1947      5112.00
1976    30    1946      3196.00
1976    31    1945      2961.00
1976    32    1944      3498.00
1976    33    1943      3028.00
1976    34    1942      2286.00
1976    35    1941      2304.00
1976    36    1940      1881.00
1976    37    1939      1499.00
1976    38    1938      1074.00
1976    39    1937       796.00
1976    40    1936       593.00
1976    41    1935       429.00
1976    42    1934       303.00
1976    43    1933       173.00
1976    44    1932        88.00
1976    45    1931        51.00
1976    46    1930        17.16
1976    47    1929         9.26
1976    48    1928         5.16
1976    49    1927         2.74
1976    50    1926         1.63
1976    51    1925         0.96
1976    52    1924         0.53
1976    53    1923         0.31
1976    54    1922         0.17
1976    55+   1921-        0.07
1977    12-   1965+        0.00
1977    13    1964         0.00
1977    14    1963         0.00
1977    15    1962        80.00
1977    16    1961       564.00
1977    17    1960      2281.00
1977    18    1959      6790.00
1977    19    1958     12887.00
1977    20    1957     18700.00
1977    21    1956     21715.00
1977    22    1955     23055.00
1977    23    1954     23169.00
1977    24    1953     22257.00
1977    25    1952     19544.00
1977    26    1951     16460.00
1977    27    1950     13276.00
1977    28    1949      9482.00
1977    29    1948      6508.00
1977    30    1947      5008.00
1977    31    1946      3144.00
1977    32    1945      2813.00
1977    33    1944      3194.00
1977    34    1943      2633.00
1977    35    1942      2013.00
1977    36    1941      2051.00
1977    37    1940      1635.00
1977    38    1939      1288.00
1977    39    1938       881.00
1977    40    1937       588.00
1977    41    1936       444.00
1977    42    1935       306.00
1977    43    1934       180.00
1977    44    1933        99.00
1977    45    1932        59.00
1977    46    1931        20.59
1977    47    1930        12.37
1977    48    1929         6.72
1977    49    1928         3.77
1977    50    1927         2.01
1977    51    1926         1.19
1977    52    1925         0.70
1977    53    1924         0.38
1977    54    1923         0.20
1977    55+   1922-        0.07
1978    12-   1966+        0.00
1978    13    1965         0.00
1978    14    1964         0.00
1978    15    1963        88.00
1978    16    1962       608.00
1978    17    1961      2505.00
1978    18    1960      7081.00
1978    19    1959     14444.00
1978    20    1958     19364.00
1978    21    1957     22256.00
1978    22    1956     23536.00
1978    23    1955     23690.00
1978    24    1954     22063.00
1978    25    1953     20120.00
1978    26    1952     17286.00
1978    27    1951     14276.00
1978    28    1950     11108.00
1978    29    1949      7915.00
1978    30    1948      5407.00
1978    31    1947      4161.00
1978    32    1946      2551.00
1978    33    1945      2337.00
1978    34    1944      2582.00
1978    35    1943      2087.00
1978    36    1942      1530.00
1978    37    1941      1554.00
1978    38    1940      1085.00
1978    39    1939       907.00
1978    40    1938       608.00
1978    41    1937       388.00
1978    42    1936       267.00
1978    43    1935       164.00
1978    44    1934        76.00
1978    45    1933        46.00
1978    46    1932        23.92
1978    47    1931        15.24
1978    48    1930         9.75
1978    49    1929         5.48
1978    50    1928         3.11
1978    51    1927         1.66
1978    52    1926         0.97
1978    53    1925         0.54
1978    54    1924         0.26
1978    55+   1923-        0.08
1979    12-   1967+        0.00
1979    13    1966         0.00
1979    14    1965         0.00
1979    15    1964        96.00
1979    16    1963       543.00
1979    17    1962      2306.00
1979    18    1961      7213.00
1979    19    1960     14950.00
1979    20    1959     21339.00
1979    21    1958     22718.00
1979    22    1957     23366.00
1979    23    1956     23287.00
1979    24    1955     22260.00
1979    25    1954     19654.00
1979    26    1953     17037.00
1979    27    1952     14140.00
1979    28    1951     11563.00
1979    29    1950      8904.00
1979    30    1949      6397.00
1979    31    1948      4199.00
1979    32    1947      3352.00
1979    33    1946      1979.00
1979    34    1945      1792.00
1979    35    1944      1916.00
1979    36    1943      1589.00
1979    37    1942      1169.00
1979    38    1941      1056.00
1979    39    1940       796.00
1979    40    1939       586.00
1979    41    1938       399.00
1979    42    1937       257.00
1979    43    1936       151.00
1979    44    1935       100.00
1979    45    1934        63.00
1979    46    1933        23.16
1979    47    1932        13.65
1979    48    1931         8.13
1979    49    1930         5.02
1979    50    1929         2.78
1979    51    1928         1.59
1979    52    1927         0.86
1979    53    1926         0.49
1979    54    1925         0.26
1979    55+   1924-        0.08
1980    12-   1968+        0.00
1980    13    1967         0.00
1980    14    1966         0.00
1980    15    1965       110.00
1980    16    1964       617.00
1980    17    1963      2419.00
1980    18    1962      7331.00
1980    19    1961     16256.00
1980    20    1960     23193.00
1980    21    1959     25763.00
1980    22    1958     24389.00
1980    23    1957     23386.00
1980    24    1956     21900.00
1980    25    1955     20010.00
1980    26    1954     17296.00
1980    27    1953     14334.00
1980    28    1952     11702.00
1980    29    1951      9405.00
1980    30    1950      7229.00
1980    31    1949      5036.00
1980    32    1948      3466.00
1980    33    1947      2621.00
1980    34    1946      1576.00
1980    35    1945      1343.00
1980    36    1944      1478.00
1980    37    1943      1110.00
1980    38    1942       856.00
1980    39    1941       755.00
1980    40    1940       535.00
1980    41    1939       404.00
1980    42    1938       259.00
1980    43    1937       150.00
1980    44    1936        89.00
1980    45    1935        46.00
1980    46    1934        28.56
1980    47    1933        15.67
1980    48    1932         9.83
1980    49    1931         6.03
1980    50    1930         3.74
1980    51    1929         2.06
1980    52    1928         1.15
1980    53    1927         0.58
1980    54    1926         0.31
1980    55+   1925-        0.09
1981    12-   1969+        0.00
1981    13    1968         0.00
1981    14    1967         0.00
1981    15    1966       106.00
1981    16    1965       575.00
1981    17    1964      2186.00
1981    18    1963      6608.00
1981    19    1962     15000.00
1981    20    1961     22886.00
1981    21    1960     24832.00
1981    22    1959     24865.00
1981    23    1958     22476.00
1981    24    1957     20580.00
1981    25    1956     19002.00
1981    26    1955     16891.00
1981    27    1954     13868.00
1981    28    1953     11367.00
1981    29    1952      8874.00
1981    30    1951      7372.00
1981    31    1950      5523.00
1981    32    1949      3920.00
1981    33    1948      2603.00
1981    34    1947      1986.00
1981    35    1946      1212.00
1981    36    1945       951.00
1981    37    1944      1073.00
1981    38    1943       751.00
1981    39    1942       618.00
1981    40    1941       477.00
1981    41    1940       353.00
1981    42    1939       264.00
1981    43    1938       142.00
1981    44    1937        95.00
1981    45    1936        37.00
1981    46    1935        20.79
1981    47    1934        13.09
1981    48    1933         6.59
1981    49    1932         3.96
1981    50    1931         2.42
1981    51    1930         1.52
1981    52    1929         0.86
1981    53    1928         0.48
1981    54    1927         0.24
1981    55+   1926-        0.08
1982    12-   1970+        0.00
1982    13    1969         0.00
1982    14    1968         0.00
1982    15    1967        96.00
1982    16    1966       545.00
1982    17    1965      2098.00
1982    18    1964      6478.00
1982    19    1963     14738.00
1982    20    1962     22287.00
1982    21    1961     25312.00
1982    22    1960     25209.00
1982    23    1959     23950.00
1982    24    1958     20652.00
1982    25    1957     18658.00
1982    26    1956     16384.00
1982    27    1955     13948.00
1982    28    1954     11375.00
1982    29    1953      9297.00
1982    30    1952      7447.00
1982    31    1951      5786.00
1982    32    1950      4547.00
1982    33    1949      3230.00
1982    34    1948      2148.00
1982    35    1947      1579.00
1982    36    1946       968.00
1982    37    1945       776.00
1982    38    1944       818.00
1982    39    1943       566.00
1982    40    1942       399.00
1982    41    1941       335.00
1982    42    1940       214.00
1982    43    1939       135.00
1982    44    1938        57.00
1982    45    1937        48.00
1982    46    1936         9.91
1982    47    1935         5.49
1982    48    1934         2.99
1982    49    1933         1.43
1982    50    1932         0.87
1982    51    1931         0.56
1982    52    1930         0.37
1982    53    1929         0.22
1982    54    1928         0.12
1982    55+   1927-        0.04
1983    12-   1971+        0.00
1983    13    1970         0.00
1983    14    1969         0.00
1983    15    1968        91.00
1983    16    1967       443.00
1983    17    1966      1794.00
1983    18    1965      5728.00
1983    19    1964     13538.00
1983    20    1963     21221.00
1983    21    1962     23817.00
1983    22    1961     24881.00
1983    23    1960     23731.00
1983    24    1959     22033.00
1983    25    1958     18360.00
1983    26    1957     15842.00
1983    27    1956     13277.00
1983    28    1955     10988.00
1983    29    1954      8954.00
1983    30    1953      7184.00
1983    31    1952      5658.00
1983    32    1951      4606.00
1983    33    1950      3546.00
1983    34    1949      2398.00
1983    35    1948      1607.00
1983    36    1947      1189.00
1983    37    1946       684.00
1983    38    1945       561.00
1983    39    1944       521.00
1983    40    1943       385.00
1983    41    1942       261.00
1983    42    1941       189.00
1983    43    1940       121.00
1983    44    1939        82.00
1983    45    1938        43.00
1983    46    1937         9.95
1983    47    1936         5.67
1983    48    1935         3.29
1983    49    1934         1.86
1983    50    1933         0.91
1983    51    1932         0.56
1983    52    1931         0.37
1983    53    1930         0.24
1983    54    1929         0.12
1983    55+   1928-        0.04
1984    12-   1972+        0.00
1984    13    1971         0.00
1984    14    1970         0.00
1984    15    1969        73.00
1984    16    1968       491.00
1984    17    1967      1718.00
1984    18    1966      5202.00
1984    19    1965     12418.00
1984    20    1964     19705.00
1984    21    1963     23413.00
1984    22    1962     23996.00
1984    23    1961     23756.00
1984    24    1960     21430.00
1984    25    1959     19105.00
1984    26    1958     15490.00
1984    27    1957     12703.00
1984    28    1956     10678.00
1984    29    1955      8662.00
1984    30    1954      7115.00
1984    31    1953      5651.00
1984    32    1952      4428.00
1984    33    1951      3556.00
1984    34    1950      2664.00
1984    35    1949      1826.00
1984    36    1948      1203.00
1984    37    1947       931.00
1984    38    1946       502.00
1984    39    1945       391.00
1984    40    1944       362.00
1984    41    1943       248.00
1984    42    1942       157.00
1984    43    1941       126.00
1984    44    1940        68.00
1984    45    1939        48.00
1984    46    1938         8.48
1984    47    1937         4.46
1984    48    1936         2.59
1984    49    1935         1.53
1984    50    1934         0.89
1984    51    1933         0.45
1984    52    1932         0.28
1984    53    1931         0.18
1984    54    1930         0.10
1984    55+   1929-        0.03
1985    12-   1973+        0.00
1985    13    1972         0.00
1985    14    1971         0.00
1985    15    1970        83.00
1985    16    1969       456.00
1985    17    1968      1562.00
1985    18    1967      4708.00
1985    19    1966     11296.00
1985    20    1965     17847.00
1985    21    1964     21908.00
1985    22    1963     23759.00
1985    23    1962     23198.00
1985    24    1961     22319.00
1985    25    1960     19854.00
1985    26    1959     17164.00
1985    27    1958     13407.00
1985    28    1957     10670.00
1985    29    1956      8655.00
1985    30    1955      7214.00
1985    31    1954      5814.00
1985    32    1953      4618.00
1985    33    1952      3749.00
1985    34    1951      2906.00
1985    35    1950      2140.00
1985    36    1949      1491.00
1985    37    1948       956.00
1985    38    1947       663.00
1985    39    1946       339.00
1985    40    1945       248.00
1985    41    1944       248.00
1985    42    1943       144.00
1985    43    1942       100.00
1985    44    1941        80.00
1985    45    1940        33.00
1985    46    1939         8.28
1985    47    1938         4.49
1985    48    1937         2.53
1985    49    1936         1.55
1985    50    1935         0.96
1985    51    1934         0.58
1985    52    1933         0.30
1985    53    1932         0.18
1985    54    1931         0.10
1985    55+   1930-        0.04
1986    12-   1974+        0.00
1986    13    1973         0.00
1986    14    1972         0.00
1986    15    1971        66.00
1986    16    1970       392.00
1986    17    1969      1376.00
1986    18    1968      4153.00
1986    19    1967     10341.00
1986    20    1966     16485.00
1986    21    1965     20133.00
1986    22    1964     22466.00
1986    23    1963     23109.00
1986    24    1962     21795.00
1986    25    1961     20277.00
1986    26    1960     17184.00
1986    27    1959     14030.00
1986    28    1958     10714.00
1986    29    1957      8604.00
1986    30    1956      7089.00
1986    31    1955      5819.00
1986    32    1954      4668.00
1986    33    1953      3669.00
1986    34    1952      2934.00
1986    35    1951      2250.00
1986    36    1950      1666.00
1986    37    1949      1157.00
1986    38    1948       673.00
1986    39    1947       456.00
1986    40    1946       233.00
1986    41    1945       167.00
1986    42    1944       153.00
1986    43    1943        98.00
1986    44    1942        65.00
1986    45    1941        31.00
1986    46    1940         6.80
1986    47    1939         3.92
1986    48    1938         2.16
1986    49    1937         1.26
1986    50    1936         0.79
1986    51    1935         0.50
1986    52    1934         0.30
1986    53    1933         0.15
1986    54    1932         0.08
1986    55+   1931-        0.03
1987    12-   1975+        0.00
1987    13    1974         0.00
1987    14    1973         0.00
1987    15    1972        68.00
1987    16    1971       347.00
1987    17    1970      1246.00
1987    18    1969      3674.00
1987    19    1968      9261.00
1987    20    1967     15080.00
1987    21    1966     19031.00
1987    22    1965     21156.00
1987    23    1964     22788.00
1987    24    1963     23241.00
1987    25    1962     20883.00
1987    26    1961     18309.00
1987    27    1960     15285.00
1987    28    1959     12288.00
1987    29    1958      9254.00
1987    30    1957      7606.00
1987    31    1956      6102.00
1987    32    1955      5109.00
1987    33    1954      3909.00
1987    34    1953      3242.00
1987    35    1952      2587.00
1987    36    1951      1882.00
1987    37    1950      1405.00
1987    38    1949       897.00
1987    39    1948       502.00
1987    40    1947       334.00
1987    41    1946       173.00
1987    42    1945       112.00
1987    43    1944        94.00
1987    44    1943        47.00
1987    45    1942        30.00
1987    46    1941         7.07
1987    47    1940         4.19
1987    48    1939         2.45
1987    49    1938         1.37
1987    50    1937         0.80
1987    51    1936         0.51
1987    52    1935         0.32
1987    53    1934         0.19
1987    54    1933         0.08
1987    55+   1932-        0.03
1988    12-   1976+        0.00
1988    13    1975         0.00
1988    14    1974         0.00
1988    15    1973        61.00
1988    16    1972       335.00
1988    17    1971      1117.00
1988    18    1970      3247.00
1988    19    1969      8345.00
1988    20    1968     13644.00
1988    21    1967     17129.00
1988    22    1966     19568.00
1988    23    1965     21132.00
1988    24    1964     21683.00
1988    25    1963     20871.00
1988    26    1962     18290.00
1988    27    1961     15221.00
1988    28    1960     12051.00
1988    29    1959      9802.00
1988    30    1958      7399.00
1988    31    1957      5956.00
1988    32    1956      4743.00
1988    33    1955      3925.00
1988    34    1954      3155.00
1988    35    1953      2420.00
1988    36    1952      1894.00
1988    37    1951      1378.00
1988    38    1950       972.00
1988    39    1949       565.00
1988    40    1948       352.00
1988    41    1947       233.00
1988    42    1946       100.00
1988    43    1945        62.00
1988    44    1944        48.00
1988    45    1943        24.00
1988    46    1942         4.16
1988    47    1941         3.05
1988    48    1940         1.92
1988    49    1939         1.19
1988    50    1938         0.69
1988    51    1937         0.43
1988    52    1936         0.28
1988    53    1935         0.17
1988    54    1934         0.09
1988    55+   1933-        0.03
1989    12-   1977+        0.00
1989    13    1976         0.00
1989    14    1975         0.00
1989    15    1974        68.00
1989    16    1973       268.00
1989    17    1972       896.00
1989    18    1971      3053.00
1989    19    1970      7132.00
1989    20    1969     11860.00
1989    21    1968     14962.00
1989    22    1967     17088.00
1989    23    1966     18969.00
1989    24    1965     19844.00
1989    25    1964     19499.00
1989    26    1963     17466.00
1989    27    1962     14549.00
1989    28    1961     12017.00
1989    29    1960      9236.00
1989    30    1959      7442.00
1989    31    1958      5572.00
1989    32    1957      4541.00
1989    33    1956      3543.00
1989    34    1955      2917.00
1989    35    1954      2373.00
1989    36    1953      1799.00
1989    37    1952      1335.00
1989    38    1951       979.00
1989    39    1950       671.00
1989    40    1949       389.00
1989    41    1948       201.00
1989    42    1947       120.00
1989    43    1946        71.00
1989    44    1945        31.00
1989    45    1944        13.00
1989    46    1943         6.09
1989    47    1942         3.80
1989    48    1941         3.06
1989    49    1940         2.04
1989    50    1939         1.30
1989    51    1938         0.76
1989    52    1937         0.46
1989    53    1936         0.28
1989    54    1935         0.15
1989    55+   1934-        0.05
1990    12-   1978+        0.00
1990    13    1977         0.99
1990    14    1976        46.49
1990    15    1975        62.00
1990    16    1974       259.00
1990    17    1973       759.00
1990    18    1972      2387.00
1990    19    1971      6152.00
1990    20    1970     10255.00
1990    21    1969     12682.00
1990    22    1968     14094.00
1990    23    1967     15287.00
1990    24    1966     16106.00
1990    25    1965     15393.00
1990    26    1964     14153.00
1990    27    1963     11733.00
1990    28    1962      9754.00
1990    29    1961      7661.00
1990    30    1960      6085.00
1990    31    1959      4925.00
1990    32    1958      3483.00
1990    33    1957      2894.00
1990    34    1956      2297.00
1990    35    1955      1851.00
1990    36    1954      1385.00
1990    37    1953      1072.00
1990    38    1952       847.00
1990    39    1951       543.00
1990    40    1950       412.00
1990    41    1949       203.00
1990    42    1948       121.00
1990    43    1947        63.00
1990    44    1946        38.00
1990    45    1945        13.00
1990    46    1944         5.00
1990    47    1943         3.00
1990    48    1942         2.00
1990    49    1941         2.00
1990    50    1940         0.66
1990    51    1939         0.41
1990    52    1938         0.24
1990    53    1937         0.13
1990    54    1936         0.07
1990    55+   1935-        0.03
1991    12-   1979+        0.00
1991    13    1978         0.90
1991    14    1977        61.10
1991    15    1976        93.00
1991    16    1975       299.00
1991    17    1974       781.00
1991    18    1973      1672.00
1991    19    1972      4138.00
1991    20    1971      6939.00
1991    21    1970      8395.00
1991    22    1969      8970.00
1991    23    1968      9074.00
1991    24    1967      9187.00
1991    25    1966      8898.00
1991    26    1965      7972.00
1991    27    1964      6652.00
1991    28    1963      5354.00
1991    29    1962      4276.00
1991    30    1961      3481.00
1991    31    1960      2815.00
1991    32    1959      2211.00
1991    33    1958      1745.00
1991    34    1957      1328.00
1991    35    1956      1140.00
1991    36    1955       963.00
1991    37    1954       757.00
1991    38    1953       597.00
1991    39    1952       461.00
1991    40    1951       328.00
1991    41    1950       223.00
1991    42    1949       122.00
1991    43    1948        54.00
1991    44    1947        35.00
1991    45    1946        15.00
1991    46    1945         9.00
1991    47    1944         4.00
1991    48    1943         2.00
1991    49    1942         3.00
1991    50    1941         0.86
1991    51    1940         0.53
1991    52    1939         0.32
1991    53    1938         0.18
1991    54    1937         0.09
1991    55+   1936-        0.03
1992    12-   1980+        0.00
1992    13    1979         0.58
1992    14    1978        36.88
1992    15    1977        73.00
1992    16    1976       263.00
1992    17    1975       589.00
1992    18    1974      1375.00
1992    19    1973      2470.00
1992    20    1972      4135.00
1992    21    1971      6017.00
1992    22    1970      6495.00
1992    23    1969      7065.00
1992    24    1968      7183.00
1992    25    1967      6987.00
1992    26    1966      6639.00
1992    27    1965      5898.00
1992    28    1964      5035.00
1992    29    1963      4095.00
1992    30    1962      3407.00
1992    31    1961      2767.00
1992    32    1960      2332.00
1992    33    1959      1752.00
1992    34    1958      1400.00
1992    35    1957      1143.00
1992    36    1956       890.00
1992    37    1955       690.00
1992    38    1954       572.00
1992    39    1953       450.00
1992    40    1952       326.00
1992    41    1951       202.00
1992    42    1950       120.00
1992    43    1949        70.00
1992    44    1948        33.00
1992    45    1947        15.00
1992    46    1946         7.00
1992    47    1945         2.00
1992    48    1944         2.00
1992    49    1943         3.00
1992    50    1942         0.58
1992    51    1941         0.44
1992    52    1940         0.27
1992    53    1939         0.16
1992    54    1938         0.07
1992    55+   1937-        0.03
1993    12-   1981+        0.00
1993    13    1980         0.39
1993    14    1979        27.27
1993    15    1978        82.00
1993    16    1977       215.00
1993    17    1976       508.00
1993    18    1975       978.00
1993    19    1974      1693.00
1993    20    1973      2687.00
1993    21    1972      4078.00
1993    22    1971      5417.00
1993    23    1970      5990.00
1993    24    1969      6240.00
1993    25    1968      6558.00
1993    26    1967      6307.00
1993    27    1966      5889.00
1993    28    1965      5165.00
1993    29    1964      4336.00
1993    30    1963      3586.00
1993    31    1962      2975.00
1993    32    1961      2366.00
1993    33    1960      1832.00
1993    34    1959      1590.00
1993    35    1958      1162.00
1993    36    1957       897.00
1993    37    1956       681.00
1993    38    1955       540.00
1993    39    1954       402.00
1993    40    1953       300.00
1993    41    1952       220.00
1993    42    1951       142.00
1993    43    1950        74.00
1993    44    1949        43.00
1993    45    1948        17.00
1993    46    1947         7.00
1993    47    1946         3.00
1993    48    1945         1.00
1993    49    1944         1.00
1993    50    1943         0.14
1993    51    1942         0.08
1993    52    1941         0.06
1993    53    1940         0.04
1993    54    1939         0.02
1993    55+   1938-        0.00
1994    12-   1982+        0.00
1994    13    1981         0.40
1994    14    1980        28.60
1994    15    1979        77.00
1994    16    1978       251.00
1994    17    1977       560.00
1994    18    1976       860.00
1994    19    1975      1498.00
1994    20    1974      2178.00
1994    21    1973      3109.00
1994    22    1972      4251.00
1994    23    1971      5418.00
1994    24    1970      5846.00
1994    25    1969      6288.00
1994    26    1968      6179.00
1994    27    1967      5899.00
1994    28    1966      5518.00
1994    29    1965      4618.00
1994    30    1964      3967.00
1994    31    1963      3218.00
1994    32    1962      2558.00
1994    33    1961      2054.00
1994    34    1960      1658.00
1994    35    1959      1324.00
1994    36    1958       950.00
1994    37    1957       826.00
1994    38    1956       596.00
1994    39    1955       432.00
1994    40    1954       372.00
1994    41    1953       237.00
1994    42    1952       162.00
1994    43    1951        83.00
1994    44    1950        57.00
1994    45    1949        19.00
1994    46    1948        11.00
1994    47    1947         7.00
1994    48    1946         2.00
1994    49    1945         0.00
1994    50    1944         0.00
1994    51    1943         0.00
1994    52    1942         0.00
1994    53    1941         0.00
1994    54    1940         0.00
1994    55+   1939-        0.00
1995    12-   1983+        0.00
1995    13    1982         0.38
1995    14    1981        25.97
1995    15    1980        81.00
1995    16    1979       255.00
1995    17    1978       549.00
1995    18    1977       980.00
1995    19    1976      1476.00
1995    20    1975      2162.00
1995    21    1974      2900.00
1995    22    1973      3735.00
1995    23    1972      4698.00
1995    24    1971      6127.00
1995    25    1970      6373.00
1995    26    1969      6699.00
1995    27    1968      6357.00
1995    28    1967      6120.00
1995    29    1966      5488.00
1995    30    1965      4613.00
1995    31    1964      3790.00
1995    32    1963      3207.00
1995    33    1962      2460.00
1995    34    1961      1865.00
1995    35    1960      1537.00
1995    36    1959      1299.00
1995    37    1958       872.00
1995    38    1957       649.00
1995    39    1956       495.00
1995    40    1955       310.00
1995    41    1954       223.00
1995    42    1953       174.00
1995    43    1952       104.00
1995    44    1951        57.00
1995    45    1950        31.00
1995    46    1949        13.00
1995    47    1948         2.00
1995    48    1947         2.00
1995    49    1946         2.00
1995    50    1945         0.23
1995    51    1944         0.19
1995    52    1943         0.11
1995    53    1942         0.06
1995    54    1941         0.04
1995    55+   1940-        0.01
1996    12-   1984+        0.00
1996    13    1983         0.44
1996    14    1982        32.26
1996    15    1981       105.00
1996    16    1980       321.00
1996    17    1979       585.00
1996    18    1978      1080.00
1996    19    1977      1701.00
1996    20    1976      2194.00
1996    21    1975      2900.00
1996    22    1974      3770.00
1996    23    1973      4620.00
1996    24    1972      5686.00
1996    25    1971      7046.00
1996    26    1970      7358.00
1996    27    1969      7236.00
1996    28    1968      6860.00
1996    29    1967      6601.00
1996    30    1966      5565.00
1996    31    1965      4722.00
1996    32    1964      3883.00
1996    33    1963      2986.00
1996    34    1962      2358.00
1996    35    1961      1980.00
1996    36    1960      1457.00
1996    37    1959      1123.00
1996    38    1958       754.00
1996    39    1957       594.00
1996    40    1956       459.00
1996    41    1955       281.00
1996    42    1954       182.00
1996    43    1953        93.00
1996    44    1952        69.00
1996    45    1951        34.00
1996    46    1950         5.00
1996    47    1949         9.00
1996    48    1948         0.00
1996    49    1947         1.00
1996    50    1946         0.11
1996    51    1945         0.07
1996    52    1944         0.06
1996    53    1943         0.04
1996    54    1942         0.02
1996    55+   1941-        0.01
1997    12-   1985+        0.00
1997    13    1984         0.33
1997    14    1983        22.66
1997    15    1982        84.00
1997    16    1981       276.00
1997    17    1980       682.00
1997    18    1979      1091.00
1997    19    1978      1883.00
1997    20    1977      2547.00
1997    21    1976      3146.00
1997    22    1975      3680.00
1997    23    1974      4456.00
1997    24    1973      5333.00
1997    25    1972      6524.00
1997    26    1971      7771.00
1997    27    1970      7765.00
1997    28    1969      7703.00
1997    29    1968      7007.00
1997    30    1967      6199.00
1997    31    1966      5528.00
1997    32    1965      4500.00
1997    33    1964      3640.00
1997    34    1963      2929.00
1997    35    1962      2294.00
1997    36    1961      1824.00
1997    37    1960      1310.00
1997    38    1959      1026.00
1997    39    1958       675.00
1997    40    1957       465.00
1997    41    1956       307.00
1997    42    1955       195.00
1997    43    1954       130.00
1997    44    1953        50.00
1997    45    1952        34.00
1997    46    1951        12.00
1997    47    1950         4.00
1997    48    1949         0.00
1997    49    1948         0.00
1997    50    1947         0.00
1997    51    1946         0.00
1997    52    1945         0.00
1997    53    1944         0.00
1997    54    1943         0.00
1997    55+   1942-        0.00
1998    12-   1986+        0.00
1998    13    1985         0.32
1998    14    1984        22.19
1998    15    1983        92.00
1998    16    1982       279.00
1998    17    1981       666.00
1998    18    1980      1278.00
1998    19    1979      1957.00
1998    20    1978      2851.00
1998    21    1977      3607.00
1998    22    1976      3868.00
1998    23    1975      4313.00
1998    24    1974      5145.00
1998    25    1973      5872.00
1998    26    1972      6849.00
1998    27    1971      7925.00
1998    28    1970      7641.00
1998    29    1969      7274.00
1998    30    1968      6666.00
1998    31    1967      5849.00
1998    32    1966      4855.00
1998    33    1965      4071.00
1998    34    1964      3286.00
1998    35    1963      2623.00
1998    36    1962      1948.00
1998    37    1961      1584.00
1998    38    1960      1084.00
1998    39    1959       766.00
1998    40    1958       509.00
1998    41    1957       355.00
1998    42    1956       214.00
1998    43    1955       127.00
1998    44    1954        59.00
1998    45    1953        35.00
1998    46    1952        20.00
1998    47    1951         6.00
1998    48    1950         3.00
1998    49    1949         2.00
1998    50    1948         0.23
1998    51    1947         0.13
1998    52    1946         0.05
1998    53    1945         0.04
1998    54    1944         0.03
1998    55+   1943-        0.01
1999    12-   1987+        0.00
1999    13    1986         0.33
1999    14    1985        22.42
1999    15    1984        93.00
1999    16    1983       305.00
1999    17    1982       694.00
1999    18    1981      1286.00
1999    19    1980      2233.00
1999    20    1979      2963.00
1999    21    1978      3835.00
1999    22    1977      4406.00
1999    23    1976      4456.00
1999    24    1975      4908.00
1999    25    1974      5718.00
1999    26    1973      6580.00
1999    27    1972      7027.00
1999    28    1971      7856.00
1999    29    1970      7572.00
1999    30    1969      6867.00
1999    31    1968      6066.00
1999    32    1967      5288.00
1999    33    1966      4403.00
1999    34    1965      3636.00
1999    35    1964      2973.00
1999    36    1963      2286.00
1999    37    1962      1740.00
1999    38    1961      1295.00
1999    39    1960       903.00
1999    40    1959       645.00
1999    41    1958       410.00
1999    42    1957       256.00
1999    43    1956       152.00
1999    44    1955        69.00
1999    45    1954        31.00
1999    46    1953        13.00
1999    47    1952         8.00
1999    48    1951         5.00
1999    49    1950         1.00
1999    50    1949         0.12
1999    51    1948         0.06
1999    52    1947         0.04
1999    53    1946         0.02
1999    54    1945         0.00
1999    55+   1944-        0.00
2000    12-   1988+        0.00
2000    13    1987         0.33
2000    14    1986        24.66
2000    15    1985       123.00
2000    16    1984       316.00
2000    17    1983       700.00
2000    18    1982      1395.00
2000    19    1981      2274.00
2000    20    1980      3165.00
2000    21    1979      3924.00
2000    22    1978      4543.00
2000    23    1977      5091.00
2000    24    1976      5277.00
2000    25    1975      5722.00
2000    26    1974      6241.00
2000    27    1973      6647.00
2000    28    1972      7102.00
2000    29    1971      8015.00
2000    30    1970      7349.00
2000    31    1969      6559.00
2000    32    1968      5683.00
2000    33    1967      4723.00
2000    34    1966      4000.00
2000    35    1965      3432.00
2000    36    1964      2553.00
2000    37    1963      2060.00
2000    38    1962      1391.00
2000    39    1961      1075.00
2000    40    1960       726.00
2000    41    1959       475.00
2000    42    1958       291.00
2000    43    1957       167.00
2000    44    1956        85.00
2000    45    1955        43.00
2000    46    1954        17.00
2000    47    1953         8.00
2000    48    1952         2.00
2000    49    1951         2.00
2000    50    1950         1.00
2000    51    1949         0.00
2000    52    1948         0.00
2000    53    1947         0.00
2000    54    1946         0.00
2000    55+   1945-        0.00
2001    12-   1989+        0.00
2001    13    1988         0.39
2001    14    1987        30.60
2001    15    1986       122.00
2001    16    1985       359.00
2001    17    1984       748.00
2001    18    1983      1432.00
2001    19    1982      2375.00
2001    20    1981      3008.00
2001    21    1980      4016.00
2001    22    1979      4333.00
2001    23    1978      4956.00
2001    24    1977      5608.00
2001    25    1976      5664.00
2001    26    1975      5892.00
2001    27    1974      6109.00
2001    28    1973      6309.00
2001    29    1972      6688.00
2001    30    1971      7143.00
2001    31    1970      6357.00
2001    32    1969      5550.00
2001    33    1968      4779.00
2001    34    1967      4042.00
2001    35    1966      3297.00
2001    36    1965      2599.00
2001    37    1964      2035.00
2001    38    1963      1530.00
2001    39    1962      1107.00
2001    40    1961       817.00
2001    41    1960       483.00
2001    42    1959       298.00
2001    43    1958       169.00
2001    44    1957        88.00
2001    45    1956        51.00
2001    46    1955        15.00
2001    47    1954        14.00
2001    48    1953         2.00
2001    49    1952         1.00
2001    50    1951         0.00
2001    51    1950         0.00
2001    52    1949         0.00
2001    53    1948         0.00
2001    54    1947         0.00
2001    55+   1946-        0.00
2002    12-   1990+        0.00
2002    13    1989         0.51
2002    14    1988        39.49
2002    15    1987       128.00
2002    16    1986       376.00
2002    17    1985       838.00
2002    18    1984      1331.00
2002    19    1983      2252.00
2002    20    1982      2927.00
2002    21    1981      3656.00
2002    22    1980      4296.00
2002    23    1979      4812.00
2002    24    1978      5447.00
2002    25    1977      5905.00
2002    26    1976      5907.00
2002    27    1975      5941.00
2002    28    1974      6112.00
2002    29    1973      6033.00
2002    30    1972      6239.00
2002    31    1971      6686.00
2002    32    1970      5626.00
2002    33    1969      4775.00
2002    34    1968      4075.00
2002    35    1967      3414.00
2002    36    1966      2640.00
2002    37    1965      2189.00
2002    38    1964      1603.00
2002    39    1963      1145.00
2002    40    1962       806.00
2002    41    1961       512.00
2002    42    1960       302.00
2002    43    1959       164.00
2002    44    1958       108.00
2002    45    1957        39.00
2002    46    1956        16.00
2002    47    1955         6.00
2002    48    1954         3.00
2002    49    1953         1.00
2002    50    1952         0.00
2002    51    1951         0.00
2002    52    1950         0.00
2002    53    1949         0.00
2002    54    1948         0.00
2002    55+   1947-        0.00
2003    12-   1991+        0.00
2003    13    1990         0.34
2003    14    1989        30.66
2003    15    1988       110.00
2003    16    1987       355.00
2003    17    1986       762.00
2003    18    1985      1359.00
2003    19    1984      2090.00
2003    20    1983      2831.00
2003    21    1982      3663.00
2003    22    1981      4214.00
2003    23    1980      4897.00
2003    24    1979      5301.00
2003    25    1978      6010.00
2003    26    1977      6523.00
2003    27    1976      6189.00
2003    28    1975      6106.00
2003    29    1974      6056.00
2003    30    1973      5756.00
2003    31    1972      5742.00
2003    32    1971      5728.00
2003    33    1970      5022.00
2003    34    1969      4167.00
2003    35    1968      3545.00
2003    36    1967      2858.00
2003    37    1966      2195.00
2003    38    1965      1664.00
2003    39    1964      1243.00
2003    40    1963       854.00
2003    41    1962       635.00
2003    42    1961       348.00
2003    43    1960       177.00
2003    44    1959       110.00
2003    45    1958        51.00
2003    46    1957        23.00
2003    47    1956         8.00
2003    48    1955         6.00
2003    49    1954         0.00
2003    50    1953         1.00
2003    51    1952         0.45
2003    52    1951         0.28
2003    53    1950         0.17
2003    54    1949         0.08
2003    55+   1948-        0.03
2004    12-   1992+        0.00
2004    13    1991         0.26
2004    14    1990        30.74
2004    15    1989       108.00
2004    16    1988       338.00
2004    17    1987       742.00
2004    18    1986      1320.00
2004    19    1985      1972.00
2004    20    1984      2768.00
2004    21    1983      3577.00
2004    22    1982      4160.00
2004    23    1981      4647.00
2004    24    1980      5661.00
2004    25    1979      6211.00
2004    26    1978      6717.00
2004    27    1977      6955.00
2004    28    1976      6508.00
2004    29    1975      6264.00
2004    30    1974      5738.00
2004    31    1973      5445.00
2004    32    1972      5384.00
2004    33    1971      5303.00
2004    34    1970      4457.00
2004    35    1969      3710.00
2004    36    1968      3013.00
2004    37    1967      2335.00
2004    38    1966      1772.00
2004    39    1965      1371.00
2004    40    1964       927.00
2004    41    1963       586.00
2004    42    1962       423.00
2004    43    1961       231.00
2004    44    1960       112.00
2004    45    1959        66.00
2004    46    1958        21.00
2004    47    1957        10.00
2004    48    1956         1.00
2004    49    1955         0.00
2004    50    1954         0.00
2004    51    1953         0.00
2004    52    1952         0.00
2004    53    1951         0.00
2004    54    1950         0.00
2004    55+   1949-        0.00
2005    12-   1993+        0.00
2005    13    1992         0.24
2005    14    1991        20.76
2005    15    1990       101.00
2005    16    1989       290.00
2005    17    1988       727.00
2005    18    1987      1189.00
2005    19    1986      2002.00
2005    20    1985      2830.00
2005    21    1984      3508.00
2005    22    1983      4019.00
2005    23    1982      4616.00
2005    24    1981      5095.00
2005    25    1980      6105.00
2005    26    1979      6496.00
2005    27    1978      6810.00
2005    28    1977      6844.00
2005    29    1976      6206.00
2005    30    1975      5726.00
2005    31    1974      5359.00
2005    32    1973      4929.00
2005    33    1972      4634.00
2005    34    1971      4541.00
2005    35    1970      3780.00
2005    36    1969      2979.00
2005    37    1968      2255.00
2005    38    1967      1834.00
2005    39    1966      1364.00
2005    40    1965      1003.00
2005    41    1964       629.00
2005    42    1963       390.00
2005    43    1962       228.00
2005    44    1961       128.00
2005    45    1960        46.00
2005    46    1959        28.00
2005    47    1958         8.00
2005    48    1957         5.00
2005    49    1956         2.00
2005    50    1955         0.00
2005    51    1954         0.00
2005    52    1953         0.00
2005    53    1952         0.00
2005    54    1951         0.00
2005    55+   1950-        0.00
2006    12-   1994+        0.00
2006    13    1993         0.19
2006    14    1992        16.81
2006    15    1991        92.00
2006    16    1990       317.00
2006    17    1989       673.00
2006    18    1988      1147.00
2006    19    1987      2008.00
2006    20    1986      2804.00
2006    21    1985      3288.00
2006    22    1984      3847.00
2006    23    1983      4468.00
2006    24    1982      5122.00
2006    25    1981      5649.00
2006    26    1980      6633.00
2006    27    1979      6700.00
2006    28    1978      6879.00
2006    29    1977      6871.00
2006    30    1976      5961.00
2006    31    1975      5458.00
2006    32    1974      4869.00
2006    33    1973      4279.00
2006    34    1972      3870.00
2006    35    1971      3857.00
2006    36    1970      3107.00
2006    37    1969      2463.00
2006    38    1968      1896.00
2006    39    1967      1417.00
2006    40    1966      1033.00
2006    41    1965       733.00
2006    42    1964       429.00
2006    43    1963       242.00
2006    44    1962       146.00
2006    45    1961        77.00
2006    46    1960        30.00
2006    47    1959        13.00
2006    48    1958         3.00
2006    49    1957         2.00
2006    50    1956         2.00
2006    51    1955         1.66
2006    52    1954         1.16
2006    53    1953         0.70
2006    54    1952         0.37
2006    55+   1951-        0.12
2007    12-   1995+        0.00
2007    13    1994         0.32
2007    14    1993        25.68
2007    15    1992        88.00
2007    16    1991       231.00
2007    17    1990       605.00
2007    18    1989      1095.00
2007    19    1988      1908.00
2007    20    1987      2725.00
2007    21    1986      3238.00
2007    22    1985      3782.00
2007    23    1984      4296.00
2007    24    1983      4962.00
2007    25    1982      5862.00
2007    26    1981      6333.00
2007    27    1980      7060.00
2007    28    1979      7072.00
2007    29    1978      7319.00
2007    30    1977      6955.00
2007    31    1976      6022.00
2007    32    1975      5075.00
2007    33    1974      4656.00
2007    34    1973      4065.00
2007    35    1972      3708.00
2007    36    1971      3543.00
2007    37    1970      2723.00
2007    38    1969      2049.00
2007    39    1968      1562.00
2007    40    1967      1095.00
2007    41    1966       755.00
2007    42    1965       460.00
2007    43    1964       262.00
2007    44    1963       139.00
2007    45    1962        70.00
2007    46    1961        34.00
2007    47    1960        10.00
2007    48    1959         6.00
2007    49    1958         2.00
2007    50    1957         0.00
2007    51    1956         0.50
2007    52    1955         0.98
2007    53    1954         0.84
2007    54    1953         0.50
2007    55+   1952-        0.17
2008    12-   1996+        0.00
2008    13    1995         0.24
2008    14    1994        17.77
2008    15    1993        81.00
2008    16    1992       214.00
2008    17    1991       538.00
2008    18    1990      1085.00
2008    19    1989      1692.00
2008    20    1988      2617.00
2008    21    1987      3142.00
2008    22    1986      3653.00
2008    23    1985      4123.00
2008    24    1984      4764.00
2008    25    1983      5678.00
2008    26    1982      6369.00
2008    27    1981      6780.00
2008    28    1980      7435.00
2008    29    1979      7283.00
2008    30    1978      7290.00
2008    31    1977      6891.00
2008    32    1976      5724.00
2008    33    1975      4790.00
2008    34    1974      4244.00
2008    35    1973      3677.00
2008    36    1972      3291.00
2008    37    1971      2893.00
2008    38    1970      2242.00
2008    39    1969      1727.00
2008    40    1968      1206.00
2008    41    1967       836.00
2008    42    1966       486.00
2008    43    1965       271.00
2008    44    1964       157.00
2008    45    1963        88.00
2008    46    1962        39.00
2008    47    1961        11.00
2008    48    1960         3.00
2008    49    1959         2.00
2008    50    1958         5.00
2008    51    1957         0.50
2008    52    1956         0.26
2008    53    1955         0.15
2008    54    1954         0.07
2008    55+   1953-        0.03
2009    12-   1997+        0.00
2009    13    1996         0.21
2009    14    1995        13.79
2009    15    1994        65.00
2009    16    1993       193.00
2009    17    1992       410.00
2009    18    1991       883.00
2009    19    1990      1648.00
2009    20    1989      2169.00
2009    21    1988      2910.00
2009    22    1987      3511.00
2009    23    1986      4052.00
2009    24    1985      4585.00
2009    25    1984      5413.00
2009    26    1983      6123.00
2009    27    1982      6862.00
2009    28    1981      6918.00
2009    29    1980      7419.00
2009    30    1979      7078.00
2009    31    1978      6903.00
2009    32    1977      6307.00
2009    33    1976      5129.00
2009    34    1975      4316.00
2009    35    1974      3619.00
2009    36    1973      3179.00
2009    37    1972      2543.00
2009    38    1971      2338.00
2009    39    1970      1746.00
2009    40    1969      1231.00
2009    41    1968       871.00
2009    42    1967       545.00
2009    43    1966       320.00
2009    44    1965       182.00
2009    45    1964        90.00
2009    46    1963        40.00
2009    47    1962        13.00
2009    48    1961         5.00
2009    49    1960         5.00
2009    50    1959         3.00
2009    51    1958         1.75
2009    52    1957         1.11
2009    53    1956         0.67
2009    54    1955         0.35
2009    55+   1954-        0.11
2010    12-   1998+        0.00
2010    13    1997         0.24
2010    14    1996        15.76
2010    15    1995        53.00
2010    16    1994       205.00
2010    17    1993       405.00
2010    18    1992       806.00
2010    19    1991      1307.00
2010    20    1990      2120.00
2010    21    1989      2798.00
2010    22    1988      3349.00
2010    23    1987      4000.00
2010    24    1986      4630.00
2010    25    1985      5581.00
2010    26    1984      6348.00
2010    27    1983      6890.00
2010    28    1982      7357.00
2010    29    1981      7311.00
2010    30    1980      7618.00
2010    31    1979      7060.00
2010    32    1978      6705.00
2010    33    1977      5822.00
2010    34    1976      4799.00
2010    35    1975      3824.00
2010    36    1974      3254.00
2010    37    1973      2616.00
2010    38    1972      2046.00
2010    39    1971      1784.00
2010    40    1970      1385.00
2010    41    1969       904.00
2010    42    1968       546.00
2010    43    1967       324.00
2010    44    1966       178.00
2010    45    1965        91.00
2010    46    1964        38.00
2010    47    1963        19.00
2010    48    1962         5.00
2010    49    1961         8.00
2010    50    1960         4.00
2010    51    1959         1.45
2010    52    1958         0.79
2010    53    1957         0.45
2010    54    1956         0.24
2010    55+   1955-        0.08
2011    12-   1999+        0.00
2011    13    1998         0.18
2011    14    1997        12.82
2011    15    1996        65.00
2011    16    1995       193.00
2011    17    1994       365.00
2011    18    1993       670.00
2011    19    1992      1147.00
2011    20    1991      1668.00
2011    21    1990      2564.00
2011    22    1989      3031.00
2011    23    1988      3725.00
2011    24    1987      4475.00
2011    25    1986      5371.00
2011    26    1985      6001.00
2011    27    1984      6513.00
2011    28    1983      7152.00
2011    29    1982      7260.00
2011    30    1981      7274.00
2011    31    1980      7153.00
2011    32    1979      6516.00
2011    33    1978      5905.00
2011    34    1977      5197.00
2011    35    1976      4025.00
2011    36    1975      3230.00
2011    37    1974      2597.00
2011    38    1973      1980.00
2011    39    1972      1698.00
2011    40    1971      1351.00
2011    41    1970       875.00
2011    42    1969       554.00
2011    43    1968       327.00
2011    44    1967       176.00
2011    45    1966       104.00
2011    46    1965        38.00
2011    47    1964        19.00
2011    48    1963         9.00
2011    49    1962         5.00
2011    50    1961         2.00
2011    51    1960         0.90
2011    52    1959         0.56
2011    53    1958         0.32
2011    54    1957         0.17
2011    55+   1956-        0.05
2012    12-   2000+        0.00
2012    13    1999         0.24
2012    14    1998        15.76
2012    15    1997        60.00
2012    16    1996       189.00
2012    17    1995       345.01
2012    18    1994       619.01
2012    19    1993       972.01
2012    20    1992      1564.01
2012    21    1991      1952.02
2012    22    1990      2851.03
2012    23    1989      3483.03
2012    24    1988      4392.04
2012    25    1987      5402.05
2012    26    1986      6251.06
2012    27    1985      6764.07
2012    28    1984      7073.08
2012    29    1983      7309.08
2012    30    1982      7470.08
2012    31    1981      7120.07
2012    32    1980      6909.07
2012    33    1979      5966.06
2012    34    1978      5406.05
2012    35    1977      4495.04
2012    36    1976      3616.04
2012    37    1975      2722.03
2012    38    1974      2052.02
2012    39    1973      1578.01
2012    40    1972      1258.01
2012    41    1971       922.01
2012    42    1970       602.01
2012    43    1969       354.01
2012    44    1968       217.00
2012    45    1967        92.00
2012    46    1966        41.01
2012    47    1965        20.00
2012    48    1964        17.00
2012    49    1963         4.00
2012    50    1962         1.00
2012    51    1961         2.59
2012    52    1960         2.75
2012    53    1959         1.70
2012    54    1958         0.75
2012    55+   1957-        0.22
2013    12-   2001+        0.00
2013    13    2000         0.20
2013    14    1999        13.81
2013    15    1998        67.00
2013    16    1997       158.00
2013    17    1996       338.00
2013    18    1995       660.00
2013    19    1994       957.00
2013    20    1993      1280.00
2013    21    1992      1708.00
2013    22    1991      2135.00
2013    23    1990      3295.00
2013    24    1989      4173.00
2013    25    1988      5339.00
2013    26    1987      6305.00
2013    27    1986      6787.00
2013    28    1985      7171.00
2013    29    1984      7469.00
2013    30    1983      7445.00
2013    31    1982      7387.00
2013    32    1981      6712.00
2013    33    1980      6306.00
2013    34    1979      5259.00
2013    35    1978      4861.00
2013    36    1977      4055.00
2013    37    1976      2902.00
2013    38    1975      2177.00
2013    39    1974      1541.00
2013    40    1973      1240.00
2013    41    1972       859.00
2013    42    1971       575.00
2013    43    1970       347.00
2013    44    1969       212.00
2013    45    1968       109.00
2013    46    1967        44.00
2013    47    1966        24.00
2013    48    1965        13.00
2013    49    1964         8.00
2013    50    1963         3.00
2013    51    1962         1.35
2013    52    1961         0.84
2013    53    1960         0.48
2013    54    1959         0.26
2013    55+   1958-        0.08
2014    12-   2002+        0.00
2014    13    2001         0.26
2014    14    2000        18.74
2014    15    1999        68.00
2014    16    1998       192.00
2014    17    1997       408.00
2014    18    1996       635.00
2014    19    1995       975.00
2014    20    1994      1219.00
2014    21    1993      1502.00
2014    22    1992      1954.00
2014    23    1991      2485.00
2014    24    1990      4067.00
2014    25    1989      5136.00
2014    26    1988      6354.00
2014    27    1987      7204.00
2014    28    1986      7472.00
2014    29    1985      7791.00
2014    30    1984      7750.00
2014    31    1983      7623.00
2014    32    1982      7357.00
2014    33    1981      6470.00
2014    34    1980      5910.00
2014    35    1979      5002.00
2014    36    1978      4324.00
2014    37    1977      3414.00
2014    38    1976      2442.00
2014    39    1975      1841.00
2014    40    1974      1278.00
2014    41    1973       826.00
2014    42    1972       580.00
2014    43    1971       380.00
2014    44    1970       187.00
2014    45    1969       100.00
2014    46    1968        42.00
2014    47    1967        26.00
2014    48    1966         8.00
2014    49    1965         6.00
2014    50    1964         5.00
2014    51    1963         1.43
2014    52    1962         0.81
2014    53    1961         0.46
2014    54    1960         0.23
2014    55+   1959-        0.07
2015    12-   2003+        0.00
2015    13    2002         0.16
2015    14    2001        10.84
2015    15    2000        63.00
2015    16    1999       188.00
2015    17    1998       399.00
2015    18    1997       687.00
2015    19    1996      1040.00
2015    20    1995      1295.00
2015    21    1994      1483.00
2015    22    1993      1759.00
2015    23    1992      2300.00
2015    24    1991      2960.00
2015    25    1990      4998.00
2015    26    1989      6281.00
2015    27    1988      7164.00
2015    28    1987      7914.00
2015    29    1986      8133.00
2015    30    1985      8002.00
2015    31    1984      7707.00
2015    32    1983      7405.00
2015    33    1982      6755.00
2015    34    1981      5945.00
2015    35    1980      5512.00
2015    36    1979      4403.00
2015    37    1978      3557.00
2015    38    1977      2754.00
2015    39    1976      1965.00
2015    40    1975      1358.00
2015    41    1974       887.00
2015    42    1973       565.00
2015    43    1972       301.00
2015    44    1971       208.00
2015    45    1970       114.00
2015    46    1969        59.00
2015    47    1968        22.00
2015    48    1967        12.00
2015    49    1966        10.00
2015    50    1965         3.00
2015    51    1964         2.52
2015    52    1963         1.77
2015    53    1962         1.02
2015    54    1961         0.52
2015    55+   1960-        0.16
2016    12-   2004+        0.00
2016    13    2003         0.31
2016    14    2002        21.69
2016    15    2001        79.00
2016    16    2000       208.01
2016    17    1999       442.02
2016    18    1998       738.03
2016    19    1997      1174.05
2016    20    1996      1569.08
2016    21    1995      1745.08
2016    22    1994      1936.09
2016    23    1993      2252.11
2016    24    1992      2933.13
2016    25    1991      3880.17
2016    26    1990      6111.28
2016    27    1989      7282.34
2016    28    1988      8289.38
2016    29    1987      8729.40
2016    30    1986      8460.39
2016    31    1985      8199.38
2016    32    1984      7580.35
2016    33    1983      7116.33
2016    34    1982      6430.30
2016    35    1981      5636.26
2016    36    1980      4905.23
2016    37    1979      3862.18
2016    38    1978      3057.14
2016    39    1977      2264.10
2016    40    1976      1576.07
2016    41    1975       997.05
2016    42    1974       602.03
2016    43    1973       375.01
2016    44    1972       195.01
2016    45    1971       114.00
2016    46    1970        63.00
2016    47    1969        27.00
2016    48    1968        11.00
2016    49    1967         2.00
2016    50    1966        11.00
2016    51    1965         3.54
2016    52    1964         1.89
2016    53    1963         0.98
2016    54    1962         0.45
2016    55+   1961-        0.14
2017    12-   2005+        0.00
2017    13    2004         0.20
2017    14    2003        13.80
2017    15    2002        68.01
2017    16    2001       193.04
2017    17    2000       356.07
2017    18    1999       657.12
2017    19    1998      1081.20
2017    20    1997      1380.26
2017    21    1996      1650.31
2017    22    1995      1861.35
2017    23    1994      2063.39
2017    24    1993      2608.49
2017    25    1992      3276.62
2017    26    1991      4393.83
2017    27    1990      6985.31
2017    28    1989      7910.49
2017    29    1988      8717.64
2017    30    1987      8802.66
2017    31    1986      8514.61
2017    32    1985      7745.46
2017    33    1984      7216.36
2017    34    1983      6337.20
2017    35    1982      5656.06
2017    36    1981      4783.90
2017    37    1980      4037.76
2017    38    1979      3131.59
2017    39    1978      2493.47
2017    40    1977      1746.33
2017    41    1976      1066.20
2017    42    1975       660.13
2017    43    1974       350.07
2017    44    1973       205.04
2017    45    1972       128.03
2017    46    1971        60.01
2017    47    1970        38.00
2017    48    1969         6.00
2017    49    1968        12.00
2017    50    1967         8.00
2017    51    1966         1.94
2017    52    1965         1.06
2017    53    1964         0.60
2017    54    1963         0.30
2017    55+   1962-        0.09
