East Germany, Live births by calendar year and age (Lexis squares, age in completed years (ACY))
Last modified: 04/02/2019
Year    Age        Total
1956     12-        0.00
1956     13         0.00
1956     14         7.13
1956     15       231.52
1956     16      1222.06
1956     17      4488.15
1956     18     10107.89
1956     19     15934.32
1956     20     20514.77
1956     21     22994.17
1956     22     21230.17
1956     23     18680.63
1956     24     18067.38
1956     25     17835.47
1956     26     16877.04
1956     27     15415.62
1956     28     13676.78
1956     29     12209.68
1956     30     11109.12
1956     31      9821.79
1956     32      8675.36
1956     33      7989.35
1956     34      7726.19
1956     35      7205.68
1956     36      5565.65
1956     37      3326.20
1956     38      2076.33
1956     39      1672.69
1956     40      1629.63
1956     41      1684.07
1956     42      1431.45
1956     43       943.44
1956     44       549.64
1956     45       224.47
1956     46        79.44
1956     47        39.99
1956     48        19.39
1956     49         9.61
1956     50         4.86
1956     51         2.50
1956     52         1.33
1956     53         0.70
1956     54         0.31
1956     55+        0.04
1957     12-        0.00
1957     13         0.00
1957     14         7.06
1957     15       212.26
1957     16      1146.01
1957     17      4482.46
1957     18     10139.22
1957     19     15758.19
1957     20     19732.29
1957     21     22175.81
1957     22     22701.21
1957     23     19950.49
1957     24     17223.34
1957     25     16515.41
1957     26     15941.07
1957     27     15043.98
1957     28     13400.07
1957     29     11618.51
1957     30     10379.56
1957     31      9467.16
1957     32      8192.53
1957     33      7130.07
1957     34      6530.47
1957     35      6228.25
1957     36      5834.38
1957     37      4418.15
1957     38      2486.62
1957     39      1450.08
1957     40      1192.08
1957     41      1113.09
1957     42      1064.05
1957     43       830.64
1957     44       514.33
1957     45       240.39
1957     46       100.53
1957     47        53.98
1957     48        27.16
1957     49        13.28
1957     50         6.58
1957     51         3.31
1957     52         1.67
1957     53         0.85
1957     54         0.36
1957     55+        0.04
1958     12-        0.00
1958     13         0.00
1958     14         5.79
1958     15       172.57
1958     16      1028.28
1958     17      4359.84
1958     18     10498.61
1958     19     16366.26
1958     20     19639.49
1958     21     21356.92
1958     22     22451.18
1958     23     21785.29
1958     24     18625.86
1958     25     15770.38
1958     26     14784.01
1958     27     14214.75
1958     28     13283.51
1958     29     11808.36
1958     30     10253.58
1958     31      9051.20
1958     32      8093.16
1958     33      6955.93
1958     34      6075.13
1958     35      5466.43
1958     36      5136.82
1958     37      4708.63
1958     38      3483.74
1958     39      1974.30
1958     40      1114.29
1958     41       823.04
1958     42       675.15
1958     43       587.39
1958     44       435.03
1958     45       218.53
1958     46        97.69
1958     47        50.68
1958     48        26.67
1958     49        13.48
1958     50         6.68
1958     51         3.38
1958     52         1.71
1958     53         0.86
1958     54         0.35
1958     55+        0.04
1959     12-        0.00
1959     13         0.00
1959     14        10.25
1959     15       238.70
1959     16      1027.97
1959     17      4386.02
1959     18     11342.75
1959     19     18802.48
1959     20     22561.16
1959     21     23425.17
1959     22     23447.88
1959     23     23294.51
1959     24     22183.95
1959     25     18610.77
1959     26     15436.98
1959     27     14332.77
1959     28     13480.16
1959     29     12230.17
1959     30     10801.23
1959     31      9353.43
1959     32      8109.23
1959     33      7297.49
1959     34      6262.49
1959     35      5336.94
1959     36      4774.98
1959     37      4395.11
1959     38      3922.00
1959     39      2890.00
1959     40      1489.83
1959     41       766.80
1959     42       573.39
1959     43       442.18
1959     44       353.92
1959     45       203.73
1959     46        94.72
1959     47        49.61
1959     48        24.88
1959     49        13.11
1959     50         6.73
1959     51         3.43
1959     52         1.77
1959     53         0.90
1959     54         0.37
1959     55+        0.05
1960     12-        0.00
1960     13         0.00
1960     14         7.45
1960     15       242.83
1960     16      1176.09
1960     17      4211.34
1960     18     10803.42
1960     19     18940.94
1960     20     23791.00
1960     21     24593.46
1960     22     23618.75
1960     23     22842.29
1960     24     21952.41
1960     25     20267.69
1960     26     16800.51
1960     27     13725.90
1960     28     12459.99
1960     29     11790.03
1960     30     10649.12
1960     31      9349.61
1960     32      8024.90
1960     33      6889.59
1960     34      6166.55
1960     35      5273.66
1960     36      4506.89
1960     37      3933.52
1960     38      3438.07
1960     39      2916.63
1960     40      2109.69
1960     41      1095.37
1960     42       525.52
1960     43       332.36
1960     44       232.26
1960     45       146.54
1960     46        79.90
1960     47        44.15
1960     48        22.64
1960     49        11.47
1960     50         6.19
1960     51         3.27
1960     52         1.70
1960     53         0.89
1960     54         0.37
1960     55+        0.04
1961     12-        0.00
1961     13         0.00
1961     14        10.55
1961     15       232.94
1961     16      1237.72
1961     17      4546.59
1961     18      9970.77
1961     19     17589.98
1961     20     24451.30
1961     21     26864.79
1961     22     26124.71
1961     23     23998.58
1961     24     22119.22
1961     25     21007.48
1961     26     18906.94
1961     27     15005.58
1961     28     12223.68
1961     29     11166.62
1961     30     10382.11
1961     31      9392.94
1961     32      8123.95
1961     33      6898.05
1961     34      6019.63
1961     35      5324.75
1961     36      4454.08
1961     37      3691.07
1961     38      3193.38
1961     39      2739.87
1961     40      2196.64
1961     41      1485.13
1961     42       742.94
1961     43       311.41
1961     44       171.00
1961     45       100.94
1961     46        58.00
1961     47        35.26
1961     48        18.81
1961     49         9.74
1961     50         5.11
1961     51         2.88
1961     52         1.60
1961     53         0.84
1961     54         0.36
1961     55+        0.05
1962     12-        0.00
1962     13         0.00
1962     14        10.61
1962     15       250.89
1962     16       913.33
1962     17      4214.43
1962     18     10427.57
1962     19     15868.52
1962     20     21601.55
1962     21     26447.31
1962     22     27342.41
1962     23     25489.32
1962     24     22678.30
1962     25     20672.12
1962     26     18753.74
1962     27     16493.19
1962     28     13245.63
1962     29     10716.53
1962     30      9660.13
1962     31      8859.94
1962     32      8043.41
1962     33      6892.00
1962     34      5792.71
1962     35      4946.42
1962     36      4354.92
1962     37      3613.65
1962     38      2959.01
1962     39      2452.81
1962     40      1969.97
1962     41      1540.71
1962     42       983.47
1962     43       454.35
1962     44       158.46
1962     45        62.85
1962     46        40.97
1962     47        29.77
1962     48        18.67
1962     49        10.41
1962     50         5.63
1962     51         3.07
1962     52         1.77
1962     53         0.97
1962     54         0.42
1962     55+        0.05
1963     12-        0.00
1963     13         0.00
1963     14        12.05
1963     15       287.68
1963     16      1116.28
1963     17      3308.15
1963     18      9455.22
1963     19     16797.49
1963     20     20021.83
1963     21     23807.15
1963     22     27066.40
1963     23     26738.23
1963     24     24545.68
1963     25     21236.18
1963     26     18977.23
1963     27     17261.54
1963     28     15242.79
1963     29     12137.26
1963     30      9667.16
1963     31      8580.03
1963     32      7991.85
1963     33      7125.92
1963     34      6069.47
1963     35      5209.07
1963     36      4307.62
1963     37      3704.71
1963     38      3030.97
1963     39      2348.46
1963     40      1846.38
1963     41      1434.37
1963     42      1087.53
1963     43       669.11
1963     44       257.91
1963     45        66.66
1963     46        23.38
1963     47        14.77
1963     48        10.39
1963     49         6.61
1963     50         3.85
1963     51         2.21
1963     52         1.27
1963     53         0.75
1963     54         0.34
1963     55+        0.04
1964     12-        0.00
1964     13         0.00
1964     14        10.59
1964     15       274.21
1964     16      1190.24
1964     17      3722.30
1964     18      7080.88
1964     19     14822.01
1964     20     20784.51
1964     21     21262.45
1964     22     23037.42
1964     23     25660.48
1964     24     24550.95
1964     25     22030.18
1964     26     18908.14
1964     27     16796.33
1964     28     15113.00
1964     29     13287.41
1964     30     10650.10
1964     31      8441.22
1964     32      7448.20
1964     33      6916.83
1964     34      6126.41
1964     35      5214.31
1964     36      4348.56
1964     37      3575.06
1964     38      3007.48
1964     39      2318.05
1964     40      1728.13
1964     41      1314.74
1964     42       985.25
1964     43       691.70
1964     44       384.69
1964     45       118.05
1964     46        28.14
1964     47        14.20
1964     48         9.01
1964     49         6.48
1964     50         4.21
1964     51         2.48
1964     52         1.41
1964     53         0.78
1964     54         0.36
1964     55+        0.05
1965     12-        0.00
1965     13         0.00
1965     14        12.12
1965     15       332.37
1965     16      1342.01
1965     17      4193.13
1965     18      8390.20
1965     19     11010.71
1965     20     17572.56
1965     21     21613.05
1965     22     20959.30
1965     23     22088.53
1965     24     23938.30
1965     25     22755.22
1965     26     19914.12
1965     27     16790.28
1965     28     14660.65
1965     29     13061.13
1965     30     11456.33
1965     31      9080.64
1965     32      7082.94
1965     33      6304.74
1965     34      5808.56
1965     35      5082.56
1965     36      4223.80
1965     37      3457.71
1965     38      2783.66
1965     39      2290.83
1965     40      1724.04
1965     41      1178.33
1965     42       829.93
1965     43       557.02
1965     44       342.27
1965     45       145.99
1965     46        39.36
1965     47        14.38
1965     48         7.56
1965     49         4.99
1965     50         3.69
1965     51         2.42
1965     52         1.40
1965     53         0.77
1965     54         0.33
1965     55+        0.04
1966     12-        0.00
1966     13         0.00
1966     14        10.57
1966     15       290.72
1966     16      1345.76
1966     17      4278.50
1966     18      8754.07
1966     19     13033.82
1966     20     12910.14
1966     21     17944.05
1966     22     21083.32
1966     23     20106.44
1966     24     20678.70
1966     25     21879.88
1966     26     20604.67
1966     27     17736.04
1966     28     14525.55
1966     29     12615.65
1966     30     11277.99
1966     31      9668.37
1966     32      7574.38
1966     33      5950.74
1966     34      5286.63
1966     35      4760.41
1966     36      4069.67
1966     37      3324.80
1966     38      2583.21
1966     39      1973.55
1966     40      1440.37
1966     41       924.10
1966     42       573.99
1966     43       359.73
1966     44       213.74
1966     45       101.87
1966     46        43.26
1966     47        16.73
1966     48         6.49
1966     49         3.59
1966     50         2.45
1966     51         1.84
1966     52         1.20
1966     53         0.67
1966     54         0.29
1966     55+        0.04
1967     12-        0.00
1967     13         0.00
1967     14        11.26
1967     15       275.42
1967     16      1254.36
1967     17      4642.87
1967     18      9424.63
1967     19     13691.96
1967     20     15656.90
1967     21     13457.03
1967     22     17453.92
1967     23     19769.79
1967     24     18321.24
1967     25     18438.48
1967     26     19048.28
1967     27     17397.76
1967     28     14898.80
1967     29     12365.97
1967     30     10578.32
1967     31      9206.28
1967     32      7850.75
1967     33      6124.07
1967     34      4799.03
1967     35      4073.53
1967     36      3582.63
1967     37      3128.18
1967     38      2466.44
1967     39      1743.62
1967     40      1198.11
1967     41       814.41
1967     42       506.15
1967     43       299.73
1967     44       175.74
1967     45        86.95
1967     46        39.59
1967     47        20.10
1967     48         7.47
1967     49         2.88
1967     50         1.60
1967     51         1.11
1967     52         0.84
1967     53         0.54
1967     54         0.25
1967     55+        0.03
1968     12-        0.00
1968     13         0.00
1968     14        10.15
1968     15       256.69
1968     16      1237.82
1968     17      4664.31
1968     18     10493.41
1968     19     15115.67
1968     20     16990.71
1968     21     16847.27
1968     22     13098.92
1968     23     16384.90
1968     24     18067.93
1968     25     16221.28
1968     26     16229.31
1968     27     16509.05
1968     28     14792.51
1968     29     12527.26
1968     30     10283.54
1968     31      8878.84
1968     32      7759.34
1968     33      6592.73
1968     34      5157.48
1968     35      3985.89
1968     36      3342.28
1968     37      2835.61
1968     38      2408.24
1968     39      1745.17
1968     40      1062.73
1968     41       665.94
1968     42       446.34
1968     43       265.72
1968     44       153.25
1968     45        63.64
1968     46        23.39
1968     47        13.75
1968     48         6.75
1968     49         2.55
1968     50         1.03
1968     51         0.61
1968     52         0.44
1968     53         0.34
1968     54         0.18
1968     55+        0.02
1969     12-        0.00
1969     13         0.00
1969     14        10.68
1969     15       256.16
1969     16      1221.47
1969     17      4867.03
1969     18     11242.41
1969     19     17866.63
1969     20     19098.71
1969     21     17731.53
1969     22     15952.20
1969     23     11787.71
1969     24     14521.31
1969     25     16035.67
1969     26     14193.55
1969     27     13824.99
1969     28     13916.27
1969     29     12448.85
1969     30     10538.66
1969     31      8543.49
1969     32      7230.11
1969     33      6266.11
1969     34      5361.11
1969     35      4161.01
1969     36      3109.89
1969     37      2602.41
1969     38      2151.85
1969     39      1566.66
1969     40       967.79
1969     41       604.54
1969     42       373.83
1969     43       210.94
1969     44       128.98
1969     45        60.92
1969     46        24.84
1969     47        15.14
1969     48         8.88
1969     49         4.43
1969     50         1.69
1969     51         0.68
1969     52         0.39
1969     53         0.27
1969     54         0.17
1969     55+        0.02
1970     12-        0.00
1970     13         0.00
1970     14         8.90
1970     15       243.03
1970     16      1231.55
1970     17      4884.28
1970     18     11982.01
1970     19     19337.88
1970     20     22393.34
1970     21     19932.72
1970     22     16698.86
1970     23     14341.32
1970     24     10578.12
1970     25     12676.64
1970     26     13616.79
1970     27     11961.76
1970     28     11616.05
1970     29     11756.31
1970     30     10527.14
1970     31      8847.55
1970     32      7129.72
1970     33      6057.64
1970     34      5275.55
1970     35      4358.70
1970     36      3309.83
1970     37      2458.71
1970     38      1944.36
1970     39      1428.11
1970     40       939.81
1970     41       576.00
1970     42       348.43
1970     43       213.91
1970     44       137.92
1970     45        63.02
1970     46        23.24
1970     47        13.35
1970     48         7.88
1970     49         4.63
1970     50         2.34
1970     51         0.90
1970     52         0.36
1970     53         0.21
1970     54         0.11
1970     55+        0.02
1971     12-        0.00
1971     13         0.00
1971     14        11.86
1971     15       280.29
1971     16      1297.20
1971     17      5144.43
1971     18     12375.25
1971     19     20223.04
1971     20     23579.32
1971     21     22881.98
1971     22     18309.01
1971     23     14699.27
1971     24     12434.08
1971     25      9015.45
1971     26     10798.35
1971     27     11414.90
1971     28      9965.91
1971     29      9767.31
1971     30      9849.52
1971     31      8667.23
1971     32      7276.68
1971     33      5948.33
1971     34      4935.11
1971     35      4238.38
1971     36      3542.63
1971     37      2651.17
1971     38      1896.46
1971     39      1363.59
1971     40       889.71
1971     41       583.93
1971     42       389.05
1971     43       219.75
1971     44       113.06
1971     45        53.66
1971     46        23.63
1971     47        13.25
1971     48         7.63
1971     49         4.59
1971     50         2.75
1971     51         1.40
1971     52         0.54
1971     53         0.21
1971     54         0.10
1971     55+        0.01
1972     12-        0.00
1972     13         0.00
1972     14         9.07
1972     15       240.03
1972     16      1149.88
1972     17      4610.84
1972     18     11093.65
1972     19     18125.37
1972     20     21659.89
1972     21     20863.88
1972     22     18557.46
1972     23     14409.59
1972     24     11307.26
1972     25      9252.30
1972     26      6535.45
1972     27      7584.62
1972     28      8079.50
1972     29      7043.90
1972     30      6573.07
1972     31      6479.19
1972     32      5683.41
1972     33      4746.26
1972     34      3873.06
1972     35      3217.56
1972     36      2697.47
1972     37      2122.78
1972     38      1532.67
1972     39      1042.55
1972     40       719.30
1972     41       516.09
1972     42       332.37
1972     43       187.24
1972     44       100.84
1972     45        45.75
1972     46        22.34
1972     47        12.75
1972     48         6.88
1972     49         3.92
1972     50         2.35
1972     51         1.40
1972     52         0.71
1972     53         0.27
1972     54         0.08
1972     55+        0.01
1973     12-        0.00
1973     13         0.00
1973     14         4.00
1973     15       147.00
1973     16       865.00
1973     17      3855.00
1973     18     10479.00
1973     19     17352.00
1973     20     20374.00
1973     21     20343.00
1973     22     18126.00
1973     23     15724.00
1973     24     11837.00
1973     25      8871.00
1973     26      6923.00
1973     27      4583.00
1973     28      5747.00
1973     29      5766.00
1973     30      4857.00
1973     31      4572.00
1973     32      4119.00
1973     33      3652.00
1973     34      3016.00
1973     35      2290.00
1973     36      1888.00
1973     37      1528.00
1973     38      1184.00
1973     39       813.00
1973     40       497.00
1973     41       357.00
1973     42       253.00
1973     43       138.00
1973     44        87.00
1973     45        46.16
1973     46        19.00
1973     47        10.90
1973     48         5.87
1973     49         3.12
1973     50         1.78
1973     51         1.09
1973     52         0.65
1973     53         0.33
1973     54         0.11
1973     55+        0.01
1974     12-        0.00
1974     13         0.00
1974     14        11.00
1974     15       128.00
1974     16       905.00
1974     17      3679.00
1974     18      9867.00
1974     19     17174.00
1974     20     19754.00
1974     21     19551.00
1974     22     18631.00
1974     23     16543.00
1974     24     14076.00
1974     25     10046.00
1974     26      7465.00
1974     27      5663.00
1974     28      3857.00
1974     29      4765.00
1974     30      4598.00
1974     31      3965.00
1974     32      3638.00
1974     33      3368.00
1974     34      2879.00
1974     35      2269.00
1974     36      1695.00
1974     37      1338.00
1974     38      1079.00
1974     39       806.00
1974     40       514.00
1974     41       365.00
1974     42       224.00
1974     43       136.00
1974     44        80.00
1974     45        32.51
1974     46        11.53
1974     47         6.15
1974     48         3.43
1974     49         1.90
1974     50         1.06
1974     51         0.65
1974     52         0.41
1974     53         0.25
1974     54         0.10
1974     55+        0.01
1975     12-        0.00
1975     13         0.00
1975     14        19.00
1975     15       135.00
1975     16       883.00
1975     17      3543.00
1975     18      9314.00
1975     19     16281.00
1975     20     19234.00
1975     21     19656.00
1975     22     19132.00
1975     23     18084.00
1975     24     15634.00
1975     25     12607.00
1975     26      8690.00
1975     27      6373.00
1975     28      4891.00
1975     29      3241.00
1975     30      3904.00
1975     31      3755.00
1975     32      3014.00
1975     33      2923.00
1975     34      2455.00
1975     35      2127.00
1975     36      1643.00
1975     37      1245.00
1975     38       931.00
1975     39       743.00
1975     40       546.00
1975     41       321.00
1975     42       203.00
1975     43       142.00
1975     44        66.00
1975     45        28.49
1975     46        14.72
1975     47         8.59
1975     48         4.85
1975     49         2.84
1975     50         1.61
1975     51         0.90
1975     52         0.54
1975     53         0.33
1975     54         0.16
1975     55+        0.02
1976     12-        0.00
1976     13         0.00
1976     14        19.00
1976     15       156.00
1976     16       972.00
1976     17      3644.00
1976     18      9086.00
1976     19     15953.00
1976     20     19502.00
1976     21     21053.00
1976     22     20650.00
1976     23     19928.00
1976     24     17968.00
1976     25     14799.00
1976     26     11562.00
1976     27      8001.00
1976     28      5670.00
1976     29      4256.00
1976     30      2778.00
1976     31      3299.00
1976     32      3307.00
1976     33      2582.00
1976     34      2331.00
1976     35      2024.00
1976     36      1737.00
1976     37      1257.00
1976     38       920.00
1976     39       714.00
1976     40       476.00
1976     41       354.00
1976     42       244.00
1976     43       119.00
1976     44        66.00
1976     45        27.74
1976     46        12.51
1976     47         7.00
1976     48         3.83
1976     49         2.13
1976     50         1.26
1976     51         0.73
1976     52         0.41
1976     53         0.24
1976     54         0.12
1976     55+        0.02
1977     12-        0.00
1977     13         0.00
1977     14        15.00
1977     15       182.00
1977     16      1086.00
1977     17      3964.00
1977     18      9487.00
1977     19     16358.00
1977     20     20539.00
1977     21     22691.00
1977     22     23361.00
1977     23     23009.00
1977     24     21019.00
1977     25     18192.00
1977     26     14675.00
1977     27     11533.00
1977     28      7739.00
1977     29      5599.00
1977     30      4213.00
1977     31      2709.00
1977     32      2985.00
1977     33      3013.00
1977     34      2275.00
1977     35      2062.00
1977     36      1756.00
1977     37      1483.00
1977     38      1078.00
1977     39       727.00
1977     40       521.00
1977     41       363.00
1977     42       231.00
1977     43       139.00
1977     44        83.00
1977     45        28.64
1977     46        15.75
1977     47         9.26
1977     48         5.10
1977     49         2.80
1977     50         1.56
1977     51         0.92
1977     52         0.53
1977     53         0.29
1977     54         0.13
1977     55+        0.02
1978     12-        0.00
1978     13         0.00
1978     14        13.00
1978     15       217.00
1978     16      1231.00
1978     17      4170.00
1978     18     10224.00
1978     19     17606.00
1978     20     21422.00
1978     21     23119.00
1978     22     23728.00
1978     23     23415.00
1978     24     21128.00
1978     25     18564.00
1978     26     16152.00
1978     27     12327.00
1978     28      9534.00
1978     29      6526.00
1978     30      4606.00
1978     31      3456.00
1978     32      2202.00
1978     33      2475.00
1978     34      2395.00
1978     35      1816.00
1978     36      1530.00
1978     37      1275.00
1978     38       999.00
1978     39       755.00
1978     40       471.00
1978     41       352.00
1978     42       183.00
1978     43       121.00
1978     44        65.00
1978     45        26.08
1978     46        19.12
1978     47        12.28
1978     48         7.43
1978     49         4.18
1978     50         2.32
1978     51         1.28
1978     52         0.74
1978     53         0.39
1978     54         0.17
1978     55+        0.02
1979     12-        0.00
1979     13         0.00
1979     14        18.00
1979     15       223.00
1979     16      1112.00
1979     17      4073.00
1979     18     10442.00
1979     19     18929.00
1979     20     22792.00
1979     21     23502.00
1979     22     23096.00
1979     23     23253.00
1979     24     21025.00
1979     25     18413.00
1979     26     15393.00
1979     27     12934.00
1979     28     10026.00
1979     29      7718.00
1979     30      5143.00
1979     31      3650.00
1979     32      2762.00
1979     33      1708.00
1979     34      1857.00
1979     35      1802.00
1979     36      1374.00
1979     37      1127.00
1979     38       878.00
1979     39       713.00
1979     40       482.00
1979     41       311.00
1979     42       199.00
1979     43       123.00
1979     44        77.00
1979     45        34.81
1979     46        17.80
1979     47        10.65
1979     48         6.43
1979     49         3.79
1979     50         2.13
1979     51         1.19
1979     52         0.66
1979     53         0.37
1979     54         0.17
1979     55+        0.02
1980     12-        0.00
1980     13         0.00
1980     14        23.00
1980     15       226.00
1980     16      1205.00
1980     17      4050.00
1980     18     11182.00
1980     19     20701.00
1980     20     25131.00
1980     21     25584.00
1980     22     23890.00
1980     23     22902.00
1980     24     21057.00
1980     25     18772.00
1980     26     15645.00
1980     27     13069.00
1980     28     10445.00
1980     29      8138.00
1980     30      6143.00
1980     31      4146.00
1980     32      2959.00
1980     33      2156.00
1980     34      1264.00
1980     35      1500.00
1980     36      1300.00
1980     37       959.00
1980     38       815.00
1980     39       608.00
1980     40       464.00
1980     41       333.00
1980     42       201.00
1980     43       107.00
1980     44        75.00
1980     45        29.24
1980     46        21.73
1980     47        12.59
1980     48         7.79
1980     49         4.79
1980     50         2.82
1980     51         1.56
1980     52         0.84
1980     53         0.44
1980     54         0.20
1980     55+        0.02
1981     12-        0.00
1981     13         0.00
1981     14        19.00
1981     15       222.00
1981     16      1102.00
1981     17      3723.00
1981     18     10098.00
1981     19     19905.00
1981     20     24695.00
1981     21     25059.00
1981     22     23827.00
1981     23     21510.00
1981     24     19823.00
1981     25     18085.00
1981     26     15480.00
1981     27     12455.00
1981     28     10059.00
1981     29      8144.00
1981     30      6319.00
1981     31      4678.00
1981     32      3195.00
1981     33      2230.00
1981     34      1598.00
1981     35       990.00
1981     36      1021.00
1981     37       909.00
1981     38       694.00
1981     39       565.00
1981     40       403.00
1981     41       302.00
1981     42       195.00
1981     43       111.00
1981     44        59.00
1981     45        29.24
1981     46        16.58
1981     47         9.63
1981     48         5.18
1981     49         3.12
1981     50         1.93
1981     51         1.16
1981     52         0.65
1981     53         0.36
1981     54         0.16
1981     55+        0.02
1982     12-        0.00
1982     13         0.00
1982     14        26.00
1982     15       210.00
1982     16      1036.00
1982     17      3553.00
1982     18      9850.00
1982     19     19317.00
1982     20     24588.00
1982     21     25613.00
1982     22     24804.00
1982     23     22548.00
1982     24     19645.00
1982     25     17422.00
1982     26     15198.00
1982     27     12708.00
1982     28     10244.00
1982     29      8258.00
1982     30      6587.00
1982     31      5062.00
1982     32      3933.00
1982     33      2590.00
1982     34      1839.00
1982     35      1294.00
1982     36       822.00
1982     37       821.00
1982     38       675.00
1982     39       485.00
1982     40       348.00
1982     41       268.00
1982     42       171.00
1982     43        97.00
1982     44        49.00
1982     45        24.72
1982     46         7.20
1982     47         4.11
1982     48         2.14
1982     49         1.12
1982     50         0.70
1982     51         0.46
1982     52         0.29
1982     53         0.17
1982     54         0.08
1982     55+        0.01
1983     12-        0.00
1983     13         0.00
1983     14        12.00
1983     15       185.00
1983     16       894.00
1983     17      3043.00
1983     18      8898.00
1983     19     18362.00
1983     20     23119.00
1983     21     24662.00
1983     22     24341.00
1983     23     23030.00
1983     24     20407.00
1983     25     17256.00
1983     26     14426.00
1983     27     11971.00
1983     28      9975.00
1983     29      7934.00
1983     30      6395.00
1983     31      5132.00
1983     32      3984.00
1983     33      2991.00
1983     34      1983.00
1983     35      1357.00
1983     36       919.00
1983     37       596.00
1983     38       541.00
1983     39       461.00
1983     40       331.00
1983     41       200.00
1983     42       148.00
1983     43       107.00
1983     44        57.00
1983     45        21.69
1983     46         7.36
1983     47         4.36
1983     48         2.51
1983     49         1.34
1983     50         0.72
1983     51         0.46
1983     52         0.30
1983     53         0.18
1983     54         0.08
1983     55+        0.01
1984     12-        0.00
1984     13         0.00
1984     14        17.00
1984     15       171.00
1984     16       891.00
1984     17      2813.00
1984     18      8132.00
1984     19     16784.00
1984     20     22364.00
1984     21     23880.00
1984     22     24026.00
1984     23     22753.00
1984     24     20426.00
1984     25     17441.00
1984     26     14055.00
1984     27     11440.00
1984     28      9662.00
1984     29      7812.00
1984     30      6360.00
1984     31      4944.00
1984     32      4040.00
1984     33      3018.00
1984     34      2234.00
1984     35      1510.00
1984     36      1009.00
1984     37       741.00
1984     38       387.00
1984     39       408.00
1984     40       288.00
1984     41       201.00
1984     42       139.00
1984     43        93.00
1984     44        62.00
1984     45        19.91
1984     46         6.01
1984     47         3.43
1984     48         2.01
1984     49         1.18
1984     50         0.65
1984     51         0.36
1984     52         0.23
1984     53         0.14
1984     54         0.06
1984     55+        0.01
1985     12-        0.00
1985     13         0.00
1985     14        18.00
1985     15       192.00
1985     16       832.00
1985     17      2522.00
1985     18      7395.00
1985     19     15231.00
1985     20     20337.00
1985     21     23184.00
1985     22     23838.00
1985     23     22820.00
1985     24     21085.00
1985     25     18555.00
1985     26     15299.00
1985     27     12029.00
1985     28      9567.00
1985     29      7785.00
1985     30      6646.00
1985     31      5041.00
1985     32      4145.00
1985     33      3362.00
1985     34      2429.00
1985     35      1838.00
1985     36      1217.00
1985     37       773.00
1985     38       513.00
1985     39       250.00
1985     40       253.00
1985     41       205.00
1985     42       114.00
1985     43        92.00
1985     44        47.00
1985     45        19.72
1985     46         6.00
1985     47         3.42
1985     48         2.00
1985     49         1.23
1985     50         0.75
1985     51         0.43
1985     52         0.24
1985     53         0.14
1985     54         0.07
1985     55+        0.01
1986     12-        0.00
1986     13         0.00
1986     14        11.00
1986     15       160.00
1986     16       709.00
1986     17      2297.00
1986     18      6618.00
1986     19     13926.00
1986     20     18705.00
1986     21     21488.00
1986     22     23005.00
1986     23     22702.00
1986     24     21375.00
1986     25     18698.00
1986     26     15617.00
1986     27     12307.00
1986     28      9568.00
1986     29      7686.00
1986     30      6420.00
1986     31      5316.00
1986     32      4023.00
1986     33      3321.00
1986     34      2559.00
1986     35      1936.00
1986     36      1411.00
1986     37       906.00
1986     38       537.00
1986     39       349.00
1986     40       176.00
1986     41       157.00
1986     42       145.00
1986     43        66.00
1986     44        48.00
1986     45        14.91
1986     46         5.02
1986     47         2.96
1986     48         1.67
1986     49         1.01
1986     50         0.63
1986     51         0.39
1986     52         0.22
1986     53         0.12
1986     54         0.05
1986     55+        0.01
1987     12-        0.00
1987     13         0.00
1987     14        13.00
1987     15       158.00
1987     16       633.00
1987     17      1998.00
1987     18      5867.00
1987     19     12584.00
1987     20     17481.00
1987     21     20292.00
1987     22     22076.00
1987     23     23339.00
1987     24     22358.00
1987     25     19706.00
1987     26     16703.00
1987     27     13662.00
1987     28     10803.00
1987     29      8320.00
1987     30      6775.00
1987     31      5546.00
1987     32      4474.00
1987     33      3557.00
1987     34      2909.00
1987     35      2268.00
1987     36      1565.00
1987     37      1191.00
1987     38       664.00
1987     39       399.00
1987     40       245.00
1987     41       124.00
1987     42       107.00
1987     43        75.00
1987     44        39.00
1987     45        15.09
1987     46         5.27
1987     47         3.23
1987     48         1.86
1987     49         1.06
1987     50         0.64
1987     51         0.41
1987     52         0.25
1987     53         0.14
1987     54         0.05
1987     55+        0.01
1988     12-        0.00
1988     13         0.00
1988     14        15.00
1988     15       123.00
1988     16       607.00
1988     17      1788.00
1988     18      5208.00
1988     19     11400.00
1988     20     15770.00
1988     21     18467.00
1988     22     20583.00
1988     23     21355.00
1988     24     21740.00
1988     25     19751.00
1988     26     16852.00
1988     27     13551.00
1988     28     10764.00
1988     29      8540.00
1988     30      6590.00
1988     31      5276.00
1988     32      4305.00
1988     33      3522.00
1988     34      2784.00
1988     35      2136.00
1988     36      1593.00
1988     37      1181.00
1988     38       762.00
1988     39       447.00
1988     40       278.00
1988     41       166.00
1988     42        69.00
1988     43        51.00
1988     44        37.00
1988     45        13.41
1988     46         3.41
1988     47         2.43
1988     48         1.52
1988     49         0.92
1988     50         0.55
1988     51         0.35
1988     52         0.22
1988     53         0.13
1988     54         0.06
1988     55+        0.01
1989     12-        0.00
1989     13         0.00
1989     14        13.00
1989     15       132.00
1989     16       458.00
1989     17      1619.00
1989     18      4684.00
1989     19      9721.00
1989     20     13762.00
1989     21     16077.00
1989     22     18219.00
1989     23     19597.00
1989     24     19906.00
1989     25     18803.00
1989     26     15864.00
1989     27     13283.00
1989     28     10476.00
1989     29      8219.00
1989     30      6517.00
1989     31      5026.00
1989     32      3983.00
1989     33      3199.00
1989     34      2651.00
1989     35      2088.00
1989     36      1542.00
1989     37      1153.00
1989     38       813.00
1989     39       504.00
1989     40       272.00
1989     41       163.00
1989     42        91.00
1989     43        44.00
1989     44        17.00
1989     45        11.36
1989     46         4.78
1989     47         3.40
1989     48         2.51
1989     49         1.64
1989     50         1.01
1989     51         0.60
1989     52         0.36
1989     53         0.22
1989     54         0.10
1989     55+        0.01
1990     12-        0.16
1990     13        15.35
1990     14        59.80
1990     15       131.41
1990     16       464.16
1990     17      1357.32
1990     18      4242.94
1990     19      8361.48
1990     20     11607.04
1990     21     13446.26
1990     22     14653.47
1990     23     15691.75
1990     24     15898.08
1990     25     14785.02
1990     26     13025.24
1990     27     10704.92
1990     28      8671.13
1990     29      6822.42
1990     30      5489.94
1990     31      4177.19
1990     32      3168.39
1990     33      2578.83
1990     34      2067.45
1990     35      1619.57
1990     36      1215.63
1990     37       963.48
1990     38       691.63
1990     39       474.76
1990     40       304.57
1990     41       159.54
1990     42        86.10
1990     43        54.03
1990     44        22.29
1990     45         7.98
1990     46         3.77
1990     47         2.43
1990     48         2.09
1990     49         1.23
1990     50         0.51
1990     51         0.32
1990     52         0.18
1990     53         0.10
1990     54         0.05
1990     55+        0.01
1991     12-        0.13
1991     13        19.16
1991     14        84.30
1991     15       169.71
1991     16       507.79
1991     17      1164.16
1991     18      2665.59
1991     19      5790.46
1991     20      7771.38
1991     21      8684.84
1991     22      9033.87
1991     23      9108.88
1991     24      9050.73
1991     25      8516.79
1991     26      7310.90
1991     27      6016.75
1991     28      4791.79
1991     29      3861.03
1991     30      3140.70
1991     31      2499.35
1991     32      1979.54
1991     33      1526.63
1991     34      1224.01
1991     35      1051.61
1991     36       864.21
1991     37       672.75
1991     38       529.29
1991     39       396.68
1991     40       272.32
1991     41       173.38
1991     42        84.11
1991     43        42.67
1991     44        25.44
1991     45        11.32
1991     46         6.04
1991     47         2.70
1991     48         2.69
1991     49         1.79
1991     50         0.66
1991     51         0.41
1991     52         0.25
1991     53         0.13
1991     54         0.06
1991     55+        0.01
1992     12-        0.09
1992     13        11.37
1992     14        58.09
1992     15       143.15
1992     16       408.03
1992     17       923.18
1992     18      1890.97
1992     19      3135.18
1992     20      5273.96
1992     21      6319.66
1992     22      6751.61
1992     23      7165.48
1992     24      7084.46
1992     25      6810.63
1992     26      6330.21
1992     27      5466.27
1992     28      4584.22
1992     29      3740.08
1992     30      3076.61
1992     31      2551.25
1992     32      2032.14
1992     33      1571.59
1992     34      1271.94
1992     35      1012.46
1992     36       783.76
1992     37       633.15
1992     38       510.57
1992     39       389.74
1992     40       264.29
1992     41       156.45
1992     42        95.29
1992     43        50.35
1992     44        22.24
1992     45        11.40
1992     46         3.72
1992     47         1.86
1992     48         2.73
1992     49         1.61
1992     50         0.49
1992     51         0.35
1992     52         0.21
1992     53         0.11
1992     54         0.05
1992     55+        0.01
1993     12-        0.06
1993     13         7.98
1993     14        54.54
1993     15       136.65
1993     16       337.52
1993     17       719.45
1993     18      1303.05
1993     19      2156.03
1993     20      3226.69
1993     21      4933.76
1993     22      5750.07
1993     23      6090.68
1993     24      6424.55
1993     25      6446.77
1993     26      6101.75
1993     27      5582.91
1993     28      4747.44
1993     29      3979.06
1993     30      3275.81
1993     31      2670.76
1993     32      2081.39
1993     33      1710.35
1993     34      1380.29
1993     35      1026.15
1993     36       782.45
1993     37       608.41
1993     38       472.69
1993     39       348.37
1993     40       260.25
1993     41       182.82
1993     42       104.15
1993     43        58.77
1993     44        28.87
1993     45        10.95
1993     46         5.10
1993     47         1.67
1993     48         1.07
1993     49         0.46
1993     50         0.10
1993     51         0.07
1993     52         0.05
1993     53         0.03
1993     54         0.01
1993     55+        0.00
1994     12-        0.06
1994     13         8.43
1994     14        53.28
1994     15       145.85
1994     16       394.71
1994     17       694.96
1994     18      1143.00
1994     19      1818.61
1994     20      2612.05
1994     21      3535.71
1994     22      5024.08
1994     23      5664.98
1994     24      6050.55
1994     25      6272.56
1994     26      6033.21
1994     27      5722.75
1994     28      5114.56
1994     29      4285.97
1994     30      3617.28
1994     31      2879.07
1994     32      2298.79
1994     33      1850.19
1994     34      1490.52
1994     35      1130.77
1994     36       889.40
1994     37       710.38
1994     38       506.36
1994     39       406.76
1994     40       302.79
1994     41       199.83
1994     42       119.95
1994     43        69.92
1994     44        36.21
1994     45        14.39
1994     46         8.91
1994     47         4.70
1994     48         0.46
1994     49         0.00
1994     50         0.00
1994     51         0.00
1994     52         0.00
1994     53         0.00
1994     54         0.00
1994     55+        0.00
1995     12-        0.06
1995     13         7.58
1995     14        52.78
1995     15       151.03
1995     16       390.03
1995     17       749.72
1995     18      1203.17
1995     19      1794.75
1995     20      2511.32
1995     21      3297.70
1995     22      4054.20
1995     23      5609.17
1995     24      6304.36
1995     25      6518.03
1995     26      6561.69
1995     27      6235.76
1995     28      5819.52
1995     29      5097.78
1995     30      4185.94
1995     31      3525.88
1995     32      2833.17
1995     33      2146.36
1995     34      1689.01
1995     35      1425.22
1995     36      1085.96
1995     37       753.70
1995     38       572.57
1995     39       397.75
1995     40       263.86
1995     41       198.97
1995     42       138.87
1995     43        79.48
1995     44        42.84
1995     45        22.06
1995     46         6.18
1995     47         1.80
1995     48         2.39
1995     49         0.83
1995     50         0.19
1995     51         0.15
1995     52         0.08
1995     53         0.05
1995     54         0.03
1995     55+        0.00
1996     12-        0.07
1996     13         9.38
1996     14        67.06
1996     15       194.96
1996     16       446.38
1996     17       807.18
1996     18      1382.63
1996     19      1925.86
1996     20      2516.73
1996     21      3306.07
1996     22      4182.23
1996     23      4965.18
1996     24      6609.80
1996     25      7265.49
1996     26      7284.48
1996     27      7062.86
1996     28      6751.87
1996     29      6087.97
1996     30      5178.95
1996     31      4305.32
1996     32      3449.00
1996     33      2652.49
1996     34      2172.42
1996     35      1714.82
1996     36      1286.61
1996     37       932.96
1996     38       669.27
1996     39       529.09
1996     40       366.82
1996     41       231.95
1996     42       132.46
1996     43        80.95
1996     44        53.15
1996     45        15.77
1996     46         8.32
1996     47         3.15
1996     48         0.53
1996     49         0.54
1996     50         0.08
1996     51         0.06
1996     52         0.05
1996     53         0.03
1996     54         0.02
1996     55+        0.00
1997     12-        0.05
1997     13         6.55
1997     14        51.07
1997     15       160.41
1997     16       460.34
1997     17       879.28
1997     18      1455.88
1997     19      2222.35
1997     20      2813.31
1997     21      3405.07
1997     22      4029.25
1997     23      4872.56
1997     24      5723.60
1997     25      7443.33
1997     26      7824.59
1997     27      7721.40
1997     28      7399.74
1997     29      6589.81
1997     30      5863.79
1997     31      5060.97
1997     32      4054.89
1997     33      3300.81
1997     34      2602.43
1997     35      2060.30
1997     36      1556.84
1997     37      1166.16
1997     38       849.31
1997     39       566.09
1997     40       382.04
1997     41       247.20
1997     42       165.54
1997     43        84.76
1997     44        41.99
1997     45        22.30
1997     46         7.90
1997     47         1.08
1997     48         0.00
1997     49         0.00
1997     50         0.00
1997     51         0.00
1997     52         0.00
1997     53         0.00
1997     54         0.00
1997     55+        0.00
1998     12-        0.05
1998     13         6.34
1998     14        53.48
1998     15       170.33
1998     16       447.91
1998     17       954.02
1998     18      1606.24
1998     19      2386.18
1998     20      3247.60
1998     21      3719.54
1998     22      4060.98
1998     23      4690.29
1998     24      5504.67
1998     25      6149.65
1998     26      7700.98
1998     27      7844.47
1998     28      7430.49
1998     29      7000.09
1998     30      6269.43
1998     31      5339.50
1998     32      4491.27
1998     33      3671.97
1998     34      2973.06
1998     35      2270.64
1998     36      1768.67
1998     37      1328.66
1998     38       917.26
1998     39       633.60
1998     40       431.12
1998     41       280.81
1998     42       169.15
1998     43        90.07
1998     44        45.60
1998     45        27.75
1998     46        12.05
1998     47         4.15
1998     48         2.68
1998     49         0.90
1998     50         0.16
1998     51         0.09
1998     52         0.04
1998     53         0.04
1998     54         0.02
1998     55+        0.00
1999     12-        0.05
1999     13         6.41
1999     14        53.88
1999     15       179.97
1999     16       483.72
1999     17       962.47
1999     18      1739.14
1999     19      2607.14
1999     20      3391.87
1999     21      4148.76
1999     22      4394.90
1999     23      4642.81
1999     24      5269.80
1999     25      6161.17
1999     26      6619.71
1999     27      7741.50
1999     28      7780.15
1999     29      7206.69
1999     30      6479.14
1999     31      5676.46
1999     32      4833.74
1999     33      4043.51
1999     34      3301.35
1999     35      2642.94
1999     36      2004.97
1999     37      1515.24
1999     38      1091.06
1999     39       769.55
1999     40       525.68
1999     41       329.55
1999     42       202.49
1999     43       107.08
1999     44        48.28
1999     45        20.59
1999     46        10.14
1999     47         6.81
1999     48         2.67
1999     49         0.43
1999     50         0.08
1999     51         0.05
1999     52         0.03
1999     53         0.01
1999     54         0.00
1999     55+        0.00
2000     12-        0.05
2000     13         6.82
2000     14        67.43
2000     15       208.26
2000     16       484.37
2000     17      1023.10
2000     18      1818.07
2000     19      2727.14
2000     20      3550.47
2000     21      4234.84
2000     22      4824.30
2000     23      5132.14
2000     24      5484.92
2000     25      5964.14
2000     26      6450.07
2000     27      6664.01
2000     28      7880.22
2000     29      7753.21
2000     30      6929.08
2000     31      6141.56
2000     32      5187.72
2000     33      4338.60
2000     34      3757.27
2000     35      2979.84
2000     36      2323.49
2000     37      1710.87
2000     38      1227.93
2000     39       896.96
2000     40       594.33
2000     41       380.58
2000     42       226.24
2000     43       122.33
2000     44        62.57
2000     45        28.57
2000     46        12.16
2000     47         4.39
2000     48         2.00
2000     49         1.66
2000     50         0.28
2000     51         0.00
2000     52         0.00
2000     53         0.00
2000     54         0.00
2000     55+        0.00
2001     12-        0.06
2001     13         8.64
2001     14        72.18
2001     15       222.04
2001     16       537.41
2001     17      1060.64
2001     18      1903.13
2001     19      2696.17
2001     20      3512.94
2001     21      4195.49
2001     22      4617.02
2001     23      5290.28
2001     24      5605.19
2001     25      5768.76
2001     26      5989.01
2001     27      6206.63
2001     28      6307.28
2001     29      7228.96
2001     30      6803.70
2001     31      5922.30
2001     32      5172.67
2001     33      4403.21
2001     34      3662.15
2001     35      2963.42
2001     36      2309.51
2001     37      1789.57
2001     38      1308.99
2001     39       964.38
2001     40       642.25
2001     41       383.90
2001     42       230.95
2001     43       124.75
2001     44        69.58
2001     45        29.65
2001     46        15.60
2001     47         6.74
2001     48         1.56
2001     49         0.28
2001     50         0.00
2001     51         0.00
2001     52         0.00
2001     53         0.00
2001     54         0.00
2001     55+        0.00
2002     12-        0.08
2002     13        11.45
2002     14        82.68
2002     15       229.00
2002     16       589.02
2002     17      1078.73
2002     18      1764.86
2002     19      2622.77
2002     20      3270.56
2002     21      3984.26
2002     22      4549.59
2002     23      5116.17
2002     24      5690.99
2002     25      5869.08
2002     26      5921.78
2002     27      6018.43
2002     28      6083.60
2002     29      5944.22
2002     30      6765.66
2002     31      6209.53
2002     32      5160.82
2002     33      4427.58
2002     34      3747.86
2002     35      3008.11
2002     36      2433.11
2002     37      1893.15
2002     38      1373.92
2002     39       971.48
2002     40       654.23
2002     41       401.57
2002     42       225.24
2002     43       137.72
2002     44        69.99
2002     45        25.86
2002     46        10.20
2002     47         4.42
2002     48         2.01
2002     49         0.27
2002     50         0.00
2002     51         0.00
2002     52         0.00
2002     53         0.00
2002     54         0.00
2002     55+        0.00
2003     12-        0.05
2003     13         8.52
2003     14        68.43
2003     15       210.12
2003     16       541.27
2003     17      1044.90
2003     18      1718.92
2003     19      2459.32
2003     20      3254.26
2003     21      3927.27
2003     22      4556.01
2003     23      5090.90
2003     24      5636.88
2003     25      6301.77
2003     26      6328.56
2003     27      6136.65
2003     28      6087.34
2003     29      5921.59
2003     30      5583.04
2003     31      5992.97
2003     32      5415.73
2003     33      4568.05
2003     34      3859.99
2003     35      3200.50
2003     36      2517.49
2003     37      1936.71
2003     38      1449.78
2003     39      1044.77
2003     40       747.74
2003     41       486.74
2003     42       252.89
2003     43       141.52
2003     44        78.71
2003     45        35.80
2003     46        14.07
2003     47         7.56
2003     48         2.18
2003     49         0.46
2003     50         0.78
2003     51         0.36
2003     52         0.22
2003     53         0.13
2003     54         0.05
2003     55+        0.01
2004     12-        0.04
2004     13         8.31
2004     14        67.78
2004     15       203.18
2004     16       522.59
2004     17      1013.99
2004     18      1642.22
2004     19      2367.29
2004     20      3166.99
2004     21      3889.43
2004     22      4369.97
2004     23      5131.69
2004     24      5953.94
2004     25      6465.79
2004     26      6866.25
2004     27      6701.89
2004     28      6391.65
2004     29      6004.54
2004     30      5591.37
2004     31      5265.76
2004     32      5590.77
2004     33      4911.16
2004     34      4062.70
2004     35      3368.42
2004     36      2664.96
2004     37      2039.95
2004     38      1585.29
2004     39      1145.37
2004     40       748.28
2004     41       504.23
2004     42       324.02
2004     43       164.62
2004     44        88.79
2004     45        40.38
2004     46        15.84
2004     47         4.30
2004     48         0.25
2004     49         0.00
2004     50         0.00
2004     51         0.00
2004     52         0.00
2004     53         0.00
2004     54         0.00
2004     55+        0.00
2005     12-        0.04
2005     13         5.59
2005     14        56.88
2005     15       179.57
2005     16       486.24
2005     17       952.67
2005     18      1563.86
2005     19      2425.94
2005     20      3183.46
2005     21      3759.80
2005     22      4321.83
2005     23      4818.38
2005     24      5590.57
2005     25      6330.09
2005     26      6654.44
2005     27      6859.22
2005     28      6500.22
2005     29      5965.13
2005     30      5539.21
2005     31      5158.53
2005     32      4652.56
2005     33      4793.03
2005     34      4192.68
2005     35      3365.61
2005     36      2605.36
2005     37      2037.50
2005     38      1593.43
2005     39      1194.27
2005     40       809.10
2005     41       505.87
2005     42       303.81
2005     43       177.33
2005     44        80.98
2005     45        36.76
2005     46        16.45
2005     47         6.37
2005     48         3.67
2005     49         0.55
2005     50         0.00
2005     51         0.00
2005     52         0.00
2005     53         0.00
2005     54         0.00
2005     55+        0.00
2006     12-        0.03
2006     13         4.60
2006     14        47.98
2006     15       189.72
2006     16       480.65
2006     17       896.90
2006     18      1549.22
2006     19      2418.13
2006     20      3060.22
2006     21      3561.61
2006     22      4146.25
2006     23      4803.61
2006     24      5351.05
2006     25      6148.46
2006     26      6700.33
2006     27      6777.31
2006     28      6912.96
2006     29      6392.29
2006     30      5713.28
2006     31      5170.61
2006     32      4584.63
2006     33      3954.70
2006     34      4037.90
2006     35      3506.98
2006     36      2767.85
2006     37      2179.29
2006     38      1648.31
2006     39      1216.83
2006     40       891.54
2006     41       574.46
2006     42       329.41
2006     43       190.94
2006     44       110.21
2006     45        50.69
2006     46        20.68
2006     47         7.05
2006     48         2.34
2006     49         1.98
2006     50         1.85
2006     51         1.42
2006     52         0.92
2006     53         0.54
2006     54         0.25
2006     55+        0.03
2007     12-        0.05
2007     13         7.40
2007     14        56.50
2007     15       145.93
2007     16       398.66
2007     17       833.46
2007     18      1484.64
2007     19      2323.12
2007     20      2987.24
2007     21      3507.80
2007     22      4038.62
2007     23      4606.75
2007     24      5422.80
2007     25      6081.76
2007     26      6705.58
2007     27      7084.38
2007     28      7196.81
2007     29      7186.48
2007     30      6468.22
2007     31      5545.93
2007     32      4857.43
2007     33      4371.96
2007     34      3776.79
2007     35      3799.42
2007     36      3152.54
2007     37      2362.77
2007     38      1805.31
2007     39      1320.82
2007     40       920.24
2007     41       607.18
2007     42       354.71
2007     43       197.01
2007     44       101.29
2007     45        51.11
2007     46        19.85
2007     47         7.81
2007     48         3.89
2007     49         0.74
2007     50         0.19
2007     51         0.77
2007     52         0.95
2007     53         0.69
2007     54         0.34
2007     55+        0.05
2008     12-        0.04
2008     13         5.08
2008     14        46.04
2008     15       139.28
2008     16       350.83
2008     17       803.89
2008     18      1373.43
2008     19      2147.47
2008     20      2895.75
2008     21      3389.33
2008     22      3886.13
2008     23      4425.28
2008     24      5210.73
2008     25      6054.59
2008     26      6539.91
2008     27      7124.22
2008     28      7381.19
2008     29      7289.28
2008     30      7141.15
2008     31      6291.97
2008     32      5250.01
2008     33      4509.69
2008     34      3970.95
2008     35      3398.25
2008     36      3235.67
2008     37      2572.70
2008     38      1975.38
2008     39      1462.84
2008     40      1018.03
2008     41       652.92
2008     42       372.76
2008     43       209.26
2008     44       121.65
2008     45        62.14
2008     46        22.72
2008     47         6.11
2008     48         2.26
2008     49         4.05
2008     50         2.32
2008     51         0.35
2008     52         0.20
2008     53         0.11
2008     54         0.05
2008     55+        0.01
2009     12-        0.04
2009     13         4.04
2009     14        36.31
2009     15       119.72
2009     16       292.26
2009     17       614.11
2009     18      1263.86
2009     19      1906.85
2009     20      2531.27
2009     21      3209.53
2009     22      3775.12
2009     23      4306.65
2009     24      4994.19
2009     25      5762.38
2009     26      6526.76
2009     27      6865.30
2009     28      7179.82
2009     29      7279.99
2009     30      6994.61
2009     31      6653.94
2009     32      5692.38
2009     33      4725.43
2009     34      3958.22
2009     35      3418.63
2009     36      2785.69
2009     37      2548.55
2009     38      2055.03
2009     39      1472.09
2009     40      1050.23
2009     41       701.67
2009     42       425.22
2009     43       249.35
2009     44       132.51
2009     45        63.36
2009     46        24.38
2009     47         8.14
2009     48         4.95
2009     49         4.02
2009     50         2.33
2009     51         1.41
2009     52         0.88
2009     53         0.51
2009     54         0.23
2009     55+        0.03
2010     12-        0.04
2010     13         4.87
2010     14        33.45
2010     15       114.23
2010     16       300.85
2010     17       590.07
2010     18      1032.27
2010     19      1704.40
2010     20      2457.50
2010     21      3084.66
2010     22      3656.85
2010     23      4290.58
2010     24      5095.08
2010     25      5987.40
2010     26      6616.49
2010     27      7155.59
2010     28      7308.26
2010     29      7487.26
2010     30      7367.00
2010     31      6896.21
2010     32      6294.37
2010     33      5291.04
2010     34      4312.95
2010     35      3537.12
2010     36      2954.19
2010     37      2266.44
2010     38      1993.17
2010     39      1598.92
2010     40      1137.11
2010     41       716.49
2010     42       427.97
2010     43       246.03
2010     44       132.93
2010     45        61.19
2010     46        28.05
2010     47        10.55
2010     48         6.51
2010     49         6.18
2010     50         2.53
2010     51         1.08
2010     52         0.60
2010     53         0.35
2010     54         0.16
2010     55+        0.02
2011     12-        0.03
2011     13         3.63
2011     14        36.13
2011     15       121.41
2011     16       274.25
2011     17       500.42
2011     18       895.15
2011     19      1378.76
2011     20      2120.63
2011     21      2806.02
2011     22      3363.79
2011     23      4078.38
2011     24      4905.31
2011     25      5710.30
2011     26      6256.94
2011     27      6831.60
2011     28      7244.79
2011     29      7245.98
2011     30      7248.04
2011     31      6860.29
2011     32      6212.40
2011     33      5584.23
2011     34      4591.29
2011     35      3627.46
2011     36      2916.34
2011     37      2285.14
2011     38      1793.43
2011     39      1603.23
2011     40      1109.99
2011     41       703.68
2011     42       435.67
2011     43       244.41
2011     44       139.55
2011     45        67.55
2011     46        27.22
2011     47        13.48
2011     48         6.88
2011     49         3.33
2011     50         1.36
2011     51         0.71
2011     52         0.43
2011     53         0.25
2011     54         0.11
2011     55+        0.01
2012     12-        0.04
2012     13         4.70
2012     14        36.15
2012     15       117.02
2012     16       264.55
2012     17       468.84
2012     18       777.97
2012     19      1253.79
2012     20      1745.03
2012     21      2394.13
2012     22      3157.57
2012     23      3918.11
2012     24      4881.97
2012     25      5825.19
2012     26      6525.87
2012     27      6933.80
2012     28      7190.19
2012     29      7429.04
2012     30      7283.35
2012     31      7049.39
2012     32      6458.99
2012     33      5691.95
2012     34      4969.54
2012     35      4041.11
2012     36      3178.29
2012     37      2380.17
2012     38      1814.22
2012     39      1387.84
2012     40      1140.28
2012     41       760.45
2012     42       467.56
2012     43       285.60
2012     44       148.63
2012     45        63.14
2012     46        28.98
2012     47        19.18
2012     48         9.78
2012     49         2.11
2012     50         1.68
2012     51         2.81
2012     52         2.27
2012     53         1.22
2012     54         0.47
2012     55+        0.06
2013     12-        0.03
2013     13         3.96
2013     14        37.77
2013     15       108.01
2013     16       241.24
2013     17       486.82
2013     18       806.03
2013     19      1104.77
2013     20      1493.84
2013     21      1882.68
2013     22      2688.89
2013     23      3725.91
2013     24      4744.87
2013     25      5827.08
2013     26      6553.06
2013     27      6981.82
2013     28      7346.77
2013     29      7462.74
2013     30      7463.75
2013     31      7037.64
2013     32      6542.06
2013     33      5788.21
2013     34      5056.05
2013     35      4503.49
2013     36      3457.09
2013     37      2541.96
2013     38      1846.84
2013     39      1395.90
2013     40      1030.59
2013     41       746.02
2013     42       455.07
2013     43       275.46
2013     44       158.60
2013     45        72.12
2013     46        32.72
2013     47        18.10
2013     48        10.49
2013     49         5.26
2013     50         2.03
2013     51         1.07
2013     52         0.65
2013     53         0.37
2013     54         0.17
2013     55+        0.02
2014     12-        0.04
2014     13         5.50
2014     14        42.10
2014     15       121.40
2014     16       291.99
2014     17       525.94
2014     18       792.83
2014     19      1093.17
2014     20      1349.34
2014     21      1722.73
2014     22      2156.71
2014     23      3232.07
2014     24      4613.44
2014     25      5744.69
2014     26      6794.48
2014     27      7337.28
2014     28      7647.28
2014     29      7798.95
2014     30      7692.08
2014     31      7546.55
2014     32      6907.89
2014     33      6203.68
2014     34      5472.76
2014     35      4673.82
2014     36      3892.52
2014     37      2901.91
2014     38      2145.09
2014     39      1562.47
2014     40      1047.17
2014     41       684.75
2014     42       503.62
2014     43       276.40
2014     44       139.82
2014     45        67.31
2014     46        33.89
2014     47        15.62
2014     48         6.75
2014     49         5.76
2014     50         3.00
2014     51         1.07
2014     52         0.62
2014     53         0.34
2014     54         0.15
2014     55+        0.02
2015     12-        0.03
2015     13         3.03
2015     14        32.68
2015     15       117.43
2015     16       286.87
2015     17       532.26
2015     18       867.47
2015     19      1164.66
2015     20      1387.40
2015     21      1598.93
2015     22      2011.20
2015     23      2551.81
2015     24      3919.41
2015     25      5676.25
2015     26      6747.41
2015     27      7534.31
2015     28      8045.89
2015     29      8094.82
2015     30      7876.16
2015     31      7571.65
2015     32      7128.39
2015     33      6327.72
2015     34      5755.32
2015     35      4989.48
2015     36      3978.59
2015     37      3164.71
2015     38      2347.40
2015     39      1663.72
2015     40      1118.59
2015     41       729.12
2015     42       415.73
2015     43       263.72
2015     44       159.17
2015     45        84.80
2015     46        38.03
2015     47        16.03
2015     48        11.32
2015     49         6.10
2015     50         2.68
2015     51         2.17
2015     52         1.38
2015     53         0.77
2015     54         0.34
2015     55+        0.04
2016     12-        0.05
2016     13         6.40
2016     14        49.01
2016     15       134.81
2016     16       314.89
2016     17       586.43
2016     18       940.09
2016     19      1398.32
2016     20      1660.83
2016     21      1831.71
2016     22      2059.28
2016     23      2568.72
2016     24      3318.34
2016     25      4961.06
2016     26      6738.61
2016     27      7807.74
2016     28      8538.03
2016     29      8608.41
2016     30      8357.16
2016     31      7913.01
2016     32      7355.93
2016     33      6811.70
2016     34      6017.05
2016     35      5303.56
2016     36      4396.37
2016     37      3458.86
2016     38      2664.93
2016     39      1910.47
2016     40      1285.93
2016     41       790.58
2016     42       488.41
2016     43       274.44
2016     44       158.43
2016     45        87.56
2016     46        43.09
2016     47        18.29
2016     48         5.46
2016     49         6.52
2016     50         7.49
2016     51         2.59
2016     52         1.41
2016     53         0.70
2016     54         0.29
2016     55+        0.04
2017     12-        0.03
2017     13         4.00
2017     14        37.53
2017     15       123.40
2017     16       271.13
2017     17       491.20
2017     18       865.54
2017     19      1234.13
2017     20      1540.38
2017     21      1751.17
2017     22      1936.73
2017     23      2303.74
2017     24      2925.32
2017     25      3717.05
2017     26      5654.63
2017     27      7525.58
2017     28      8346.05
2017     29      8783.16
2017     30      8688.07
2017     31      8153.82
2017     32      7507.52
2017     33      6786.14
2017     34      6023.43
2017     35      5211.23
2017     36      4427.44
2017     37      3589.75
2017     38      2818.34
2017     39      2130.37
2017     40      1388.49
2017     41       861.64
2017     42       496.07
2017     43       272.83
2017     44       163.26
2017     45        95.19
2017     46        50.24
2017     47        18.49
2017     48         8.73
2017     49        10.80
2017     50         4.47
2017     51         1.43
2017     52         0.81
2017     53         0.45
2017     54         0.20
2017     55+        0.02
