West Germany, Cumulative period fertility rates (vertical parallelograms)
Last modified: 04/02/2019
Year  ARDY  Cohort     CPFR
1956   12    1944     0.000
1956   13    1943     0.000
1956   14    1942     0.000
1956   15    1941     0.000
1956   16    1940     0.001
1956   17    1939     0.003
1956   18    1938     0.012
1956   19    1937     0.038
1956   20    1936     0.090
1956   21    1935     0.168
1956   22    1934     0.270
1956   23    1933     0.393
1956   24    1932     0.531
1956   25    1931     0.676
1956   26    1930     0.824
1956   27    1929     0.969
1956   28    1928     1.109
1956   29    1927     1.244
1956   30    1926     1.372
1956   31    1925     1.489
1956   32    1924     1.594
1956   33    1923     1.692
1956   34    1922     1.780
1956   35    1921     1.857
1956   36    1920     1.924
1956   37    1919     1.982
1956   38    1918     2.032
1956   39    1917     2.073
1956   40    1916     2.107
1956   41    1915     2.134
1956   42    1914     2.155
1956   43    1913     2.170
1956   44    1912     2.180
1956   45    1911     2.187
1956   46    1910     2.190
1956   47    1909     2.192
1956   48    1908     2.193
1956   49    1907     2.193
1956   50    1906     2.193
1956   51    1905     2.193
1956   52    1904     2.193
1956   53    1903     2.193
1956   54    1902     2.193
1956   55    1901     2.193
1957   12    1945     0.000
1957   13    1944     0.000
1957   14    1943     0.000
1957   15    1942     0.000
1957   16    1941     0.001
1957   17    1940     0.003
1957   18    1939     0.014
1957   19    1938     0.042
1957   20    1937     0.095
1957   21    1936     0.176
1957   22    1935     0.281
1957   23    1934     0.409
1957   24    1933     0.553
1957   25    1932     0.707
1957   26    1931     0.864
1957   27    1930     1.021
1957   28    1929     1.168
1957   29    1928     1.309
1957   30    1927     1.441
1957   31    1926     1.562
1957   32    1925     1.672
1957   33    1924     1.770
1957   34    1923     1.860
1957   35    1922     1.940
1957   36    1921     2.009
1957   37    1920     2.070
1957   38    1919     2.119
1957   39    1918     2.162
1957   40    1917     2.195
1957   41    1916     2.223
1957   42    1915     2.244
1957   43    1914     2.259
1957   44    1913     2.269
1957   45    1912     2.275
1957   46    1911     2.278
1957   47    1910     2.280
1957   48    1909     2.281
1957   49    1908     2.281
1957   50    1907     2.281
1957   51    1906     2.281
1957   52    1905     2.281
1957   53    1904     2.281
1957   54    1903     2.281
1957   55    1902     2.281
1958   12    1946     0.000
1958   13    1945     0.000
1958   14    1944     0.000
1958   15    1943     0.000
1958   16    1942     0.001
1958   17    1941     0.003
1958   18    1940     0.014
1958   19    1939     0.042
1958   20    1938     0.094
1958   21    1937     0.172
1958   22    1936     0.277
1958   23    1935     0.405
1958   24    1934     0.551
1958   25    1933     0.708
1958   26    1932     0.869
1958   27    1931     1.026
1958   28    1930     1.180
1958   29    1929     1.322
1958   30    1928     1.456
1958   31    1927     1.578
1958   32    1926     1.689
1958   33    1925     1.789
1958   34    1924     1.876
1958   35    1923     1.955
1958   36    1922     2.025
1958   37    1921     2.085
1958   38    1920     2.134
1958   39    1919     2.175
1958   40    1918     2.209
1958   41    1917     2.235
1958   42    1916     2.255
1958   43    1915     2.269
1958   44    1914     2.278
1958   45    1913     2.284
1958   46    1912     2.287
1958   47    1911     2.289
1958   48    1910     2.290
1958   49    1909     2.290
1958   50    1908     2.290
1958   51    1907     2.290
1958   52    1906     2.290
1958   53    1905     2.290
1958   54    1904     2.290
1958   55    1903     2.290
1959   12    1947     0.000
1959   13    1946     0.000
1959   14    1945     0.000
1959   15    1944     0.000
1959   16    1943     0.001
1959   17    1942     0.004
1959   18    1941     0.016
1959   19    1940     0.046
1959   20    1939     0.103
1959   21    1938     0.187
1959   22    1937     0.296
1959   23    1936     0.430
1959   24    1935     0.579
1959   25    1934     0.741
1959   26    1933     0.907
1959   27    1932     1.073
1959   28    1931     1.232
1959   29    1930     1.382
1959   30    1929     1.518
1959   31    1928     1.643
1959   32    1927     1.756
1959   33    1926     1.857
1959   34    1925     1.947
1959   35    1924     2.025
1959   36    1923     2.095
1959   37    1922     2.156
1959   38    1921     2.208
1959   39    1920     2.252
1959   40    1919     2.285
1959   41    1918     2.312
1959   42    1917     2.333
1959   43    1916     2.347
1959   44    1915     2.357
1959   45    1914     2.362
1959   46    1913     2.366
1959   47    1912     2.367
1959   48    1911     2.368
1959   49    1910     2.368
1959   50    1909     2.368
1959   51    1908     2.368
1959   52    1907     2.368
1959   53    1906     2.368
1959   54    1905     2.368
1959   55    1904     2.368
1960   12    1948     0.000
1960   13    1947     0.000
1960   14    1946     0.000
1960   15    1945     0.000
1960   16    1944     0.001
1960   17    1943     0.005
1960   18    1942     0.019
1960   19    1941     0.051
1960   20    1940     0.110
1960   21    1939     0.196
1960   22    1938     0.305
1960   23    1937     0.436
1960   24    1936     0.587
1960   25    1935     0.747
1960   26    1934     0.915
1960   27    1933     1.081
1960   28    1932     1.240
1960   29    1931     1.389
1960   30    1930     1.528
1960   31    1929     1.653
1960   32    1928     1.767
1960   33    1927     1.868
1960   34    1926     1.957
1960   35    1925     2.035
1960   36    1924     2.102
1960   37    1923     2.162
1960   38    1922     2.214
1960   39    1921     2.257
1960   40    1920     2.291
1960   41    1919     2.317
1960   42    1918     2.337
1960   43    1917     2.351
1960   44    1916     2.360
1960   45    1915     2.366
1960   46    1914     2.369
1960   47    1913     2.370
1960   48    1912     2.371
1960   49    1911     2.371
1960   50    1910     2.371
1960   51    1909     2.371
1960   52    1908     2.371
1960   53    1907     2.371
1960   54    1906     2.371
1960   55    1905     2.371
1961   12    1949     0.000
1961   13    1948     0.000
1961   14    1947     0.000
1961   15    1946     0.000
1961   16    1945     0.001
1961   17    1944     0.006
1961   18    1943     0.023
1961   19    1942     0.060
1961   20    1941     0.123
1961   21    1940     0.215
1961   22    1939     0.332
1961   23    1938     0.471
1961   24    1937     0.627
1961   25    1936     0.794
1961   26    1935     0.964
1961   27    1934     1.133
1961   28    1933     1.298
1961   29    1932     1.453
1961   30    1931     1.595
1961   31    1930     1.724
1961   32    1929     1.838
1961   33    1928     1.940
1961   34    1927     2.030
1961   35    1926     2.109
1961   36    1925     2.177
1961   37    1924     2.237
1961   38    1923     2.288
1961   39    1922     2.331
1961   40    1921     2.365
1961   41    1920     2.392
1961   42    1919     2.412
1961   43    1918     2.426
1961   44    1917     2.435
1961   45    1916     2.440
1961   46    1915     2.443
1961   47    1914     2.445
1961   48    1913     2.445
1961   49    1912     2.446
1961   50    1911     2.446
1961   51    1910     2.446
1961   52    1909     2.446
1961   53    1908     2.446
1961   54    1907     2.446
1961   55    1906     2.446
1962   12    1950     0.000
1962   13    1949     0.000
1962   14    1948     0.000
1962   15    1947     0.000
1962   16    1946     0.001
1962   17    1945     0.006
1962   18    1944     0.025
1962   19    1943     0.065
1962   20    1942     0.131
1962   21    1941     0.225
1962   22    1940     0.343
1962   23    1939     0.486
1962   24    1938     0.646
1962   25    1937     0.815
1962   26    1936     0.986
1962   27    1935     1.155
1962   28    1934     1.317
1962   29    1933     1.470
1962   30    1932     1.611
1962   31    1931     1.739
1962   32    1930     1.853
1962   33    1929     1.952
1962   34    1928     2.040
1962   35    1927     2.117
1962   36    1926     2.183
1962   37    1925     2.240
1962   38    1924     2.289
1962   39    1923     2.330
1962   40    1922     2.363
1962   41    1921     2.389
1962   42    1920     2.408
1962   43    1919     2.422
1962   44    1918     2.431
1962   45    1917     2.436
1962   46    1916     2.439
1962   47    1915     2.441
1962   48    1914     2.441
1962   49    1913     2.441
1962   50    1912     2.441
1962   51    1911     2.442
1962   52    1910     2.442
1962   53    1909     2.442
1962   54    1908     2.442
1962   55    1907     2.442
1963   12    1951     0.000
1963   13    1950     0.000
1963   14    1949     0.000
1963   15    1948     0.000
1963   16    1947     0.001
1963   17    1946     0.006
1963   18    1945     0.027
1963   19    1944     0.073
1963   20    1943     0.147
1963   21    1942     0.247
1963   22    1941     0.369
1963   23    1940     0.516
1963   24    1939     0.679
1963   25    1938     0.852
1963   26    1937     1.029
1963   27    1936     1.203
1963   28    1935     1.370
1963   29    1934     1.525
1963   30    1933     1.668
1963   31    1932     1.800
1963   32    1931     1.918
1963   33    1930     2.021
1963   34    1929     2.111
1963   35    1928     2.189
1963   36    1927     2.257
1963   37    1926     2.315
1963   38    1925     2.365
1963   39    1924     2.405
1963   40    1923     2.439
1963   41    1922     2.465
1963   42    1921     2.485
1963   43    1920     2.499
1963   44    1919     2.507
1963   45    1918     2.513
1963   46    1917     2.516
1963   47    1916     2.517
1963   48    1915     2.518
1963   49    1914     2.518
1963   50    1913     2.518
1963   51    1912     2.518
1963   52    1911     2.518
1963   53    1910     2.518
1963   54    1909     2.518
1963   55    1908     2.518
1964   12    1952     0.000
1964   13    1951     0.000
1964   14    1950     0.000
1964   15    1949     0.000
1964   16    1948     0.001
1964   17    1947     0.006
1964   18    1946     0.027
1964   19    1945     0.077
1964   20    1944     0.160
1964   21    1943     0.266
1964   22    1942     0.392
1964   23    1941     0.539
1964   24    1940     0.703
1964   25    1939     0.876
1964   26    1938     1.053
1964   27    1937     1.228
1964   28    1936     1.396
1964   29    1935     1.551
1964   30    1934     1.695
1964   31    1933     1.826
1964   32    1932     1.944
1964   33    1931     2.049
1964   34    1930     2.141
1964   35    1929     2.220
1964   36    1928     2.289
1964   37    1927     2.347
1964   38    1926     2.396
1964   39    1925     2.438
1964   40    1924     2.470
1964   41    1923     2.496
1964   42    1922     2.516
1964   43    1921     2.530
1964   44    1920     2.539
1964   45    1919     2.544
1964   46    1918     2.548
1964   47    1917     2.549
1964   48    1916     2.550
1964   49    1915     2.550
1964   50    1914     2.550
1964   51    1913     2.550
1964   52    1912     2.550
1964   53    1911     2.550
1964   54    1910     2.550
1964   55    1909     2.550
1965   12    1953     0.000
1965   13    1952     0.000
1965   14    1951     0.000
1965   15    1950     0.000
1965   16    1949     0.001
1965   17    1948     0.006
1965   18    1947     0.027
1965   19    1946     0.078
1965   20    1945     0.164
1965   21    1944     0.278
1965   22    1943     0.409
1965   23    1942     0.558
1965   24    1941     0.716
1965   25    1940     0.883
1965   26    1939     1.055
1965   27    1938     1.226
1965   28    1937     1.389
1965   29    1936     1.542
1965   30    1935     1.681
1965   31    1934     1.809
1965   32    1933     1.922
1965   33    1932     2.024
1965   34    1931     2.113
1965   35    1930     2.191
1965   36    1929     2.256
1965   37    1928     2.313
1965   38    1927     2.360
1965   39    1926     2.400
1965   40    1925     2.432
1965   41    1924     2.457
1965   42    1923     2.476
1965   43    1922     2.489
1965   44    1921     2.498
1965   45    1920     2.503
1965   46    1919     2.506
1965   47    1918     2.507
1965   48    1917     2.508
1965   49    1916     2.508
1965   50    1915     2.508
1965   51    1914     2.508
1965   52    1913     2.508
1965   53    1912     2.508
1965   54    1911     2.508
1965   55    1910     2.508
1966   12    1954     0.000
1966   13    1953     0.000
1966   14    1952     0.000
1966   15    1951     0.000
1966   16    1950     0.001
1966   17    1949     0.007
1966   18    1948     0.029
1966   19    1947     0.081
1966   20    1946     0.172
1966   21    1945     0.297
1966   22    1944     0.438
1966   23    1943     0.593
1966   24    1942     0.756
1966   25    1941     0.923
1966   26    1940     1.094
1966   27    1939     1.263
1966   28    1938     1.426
1966   29    1937     1.579
1966   30    1936     1.719
1966   31    1935     1.846
1966   32    1934     1.958
1966   33    1933     2.058
1966   34    1932     2.147
1966   35    1931     2.224
1966   36    1930     2.289
1966   37    1929     2.346
1966   38    1928     2.392
1966   39    1927     2.431
1966   40    1926     2.462
1966   41    1925     2.486
1966   42    1924     2.504
1966   43    1923     2.517
1966   44    1922     2.525
1966   45    1921     2.531
1966   46    1920     2.534
1966   47    1919     2.535
1966   48    1918     2.535
1966   49    1917     2.536
1966   50    1916     2.536
1966   51    1915     2.536
1966   52    1914     2.536
1966   53    1913     2.536
1966   54    1912     2.536
1966   55    1911     2.536
1967   12    1955     0.000
1967   13    1954     0.000
1967   14    1953     0.000
1967   15    1952     0.000
1967   16    1951     0.001
1967   17    1950     0.006
1967   18    1949     0.028
1967   19    1948     0.082
1967   20    1947     0.173
1967   21    1946     0.299
1967   22    1945     0.448
1967   23    1944     0.608
1967   24    1943     0.771
1967   25    1942     0.935
1967   26    1941     1.099
1967   27    1940     1.261
1967   28    1939     1.417
1967   29    1938     1.565
1967   30    1937     1.700
1967   31    1936     1.823
1967   32    1935     1.932
1967   33    1934     2.027
1967   34    1933     2.112
1967   35    1932     2.187
1967   36    1931     2.252
1967   37    1930     2.307
1967   38    1929     2.352
1967   39    1928     2.390
1967   40    1927     2.419
1967   41    1926     2.443
1967   42    1925     2.460
1967   43    1924     2.472
1967   44    1923     2.480
1967   45    1922     2.485
1967   46    1921     2.488
1967   47    1920     2.489
1967   48    1919     2.489
1967   49    1918     2.490
1967   50    1917     2.490
1967   51    1916     2.490
1967   52    1915     2.490
1967   53    1914     2.490
1967   54    1913     2.490
1967   55    1912     2.490
1968   12    1956     0.000
1968   13    1955     0.000
1968   14    1954     0.000
1968   15    1953     0.000
1968   16    1952     0.001
1968   17    1951     0.007
1968   18    1950     0.029
1968   19    1949     0.083
1968   20    1948     0.175
1968   21    1947     0.299
1968   22    1946     0.444
1968   23    1945     0.603
1968   24    1944     0.759
1968   25    1943     0.914
1968   26    1942     1.067
1968   27    1941     1.219
1968   28    1940     1.366
1968   29    1939     1.504
1968   30    1938     1.633
1968   31    1937     1.749
1968   32    1936     1.853
1968   33    1935     1.944
1968   34    1934     2.023
1968   35    1933     2.094
1968   36    1932     2.156
1968   37    1931     2.209
1968   38    1930     2.254
1968   39    1929     2.290
1968   40    1928     2.320
1968   41    1927     2.342
1968   42    1926     2.359
1968   43    1925     2.371
1968   44    1924     2.379
1968   45    1923     2.383
1968   46    1922     2.386
1968   47    1921     2.387
1968   48    1920     2.388
1968   49    1919     2.388
1968   50    1918     2.388
1968   51    1917     2.388
1968   52    1916     2.388
1968   53    1915     2.388
1968   54    1914     2.388
1968   55    1913     2.388
1969   12    1957     0.000
1969   13    1956     0.000
1969   14    1955     0.000
1969   15    1954     0.000
1969   16    1953     0.001
1969   17    1952     0.007
1969   18    1951     0.032
1969   19    1950     0.088
1969   20    1949     0.179
1969   21    1948     0.297
1969   22    1947     0.431
1969   23    1946     0.573
1969   24    1945     0.718
1969   25    1944     0.857
1969   26    1943     0.996
1969   27    1942     1.133
1969   28    1941     1.265
1969   29    1940     1.390
1969   30    1939     1.506
1969   31    1938     1.614
1969   32    1937     1.711
1969   33    1936     1.796
1969   34    1935     1.871
1969   35    1934     1.937
1969   36    1933     1.994
1969   37    1932     2.045
1969   38    1931     2.087
1969   39    1930     2.122
1969   40    1929     2.150
1969   41    1928     2.171
1969   42    1927     2.187
1969   43    1926     2.198
1969   44    1925     2.206
1969   45    1924     2.210
1969   46    1923     2.212
1969   47    1922     2.213
1969   48    1921     2.214
1969   49    1920     2.214
1969   50    1919     2.214
1969   51    1918     2.214
1969   52    1917     2.214
1969   53    1916     2.214
1969   54    1915     2.214
1969   55    1914     2.214
1970   12    1958     0.000
1970   13    1957     0.000
1970   14    1956     0.000
1970   15    1955     0.000
1970   16    1954     0.001
1970   17    1953     0.008
1970   18    1952     0.034
1970   19    1951     0.090
1970   20    1950     0.179
1970   21    1949     0.287
1970   22    1948     0.407
1970   23    1947     0.535
1970   24    1946     0.665
1970   25    1945     0.793
1970   26    1944     0.915
1970   27    1943     1.036
1970   28    1942     1.152
1970   29    1941     1.262
1970   30    1940     1.365
1970   31    1939     1.458
1970   32    1938     1.543
1970   33    1937     1.618
1970   34    1936     1.684
1970   35    1935     1.741
1970   36    1934     1.792
1970   37    1933     1.836
1970   38    1932     1.875
1970   39    1931     1.907
1970   40    1930     1.933
1970   41    1929     1.952
1970   42    1928     1.967
1970   43    1927     1.978
1970   44    1926     1.984
1970   45    1925     1.988
1970   46    1924     1.990
1970   47    1923     1.992
1970   48    1922     1.992
1970   49    1921     1.992
1970   50    1920     1.992
1970   51    1919     1.992
1970   52    1918     1.992
1970   53    1917     1.992
1970   54    1916     1.992
1970   55    1915     1.992
1971   12    1959     0.000
1971   13    1958     0.000
1971   14    1957     0.000
1971   15    1956     0.000
1971   16    1955     0.002
1971   17    1954     0.009
1971   18    1953     0.037
1971   19    1952     0.095
1971   20    1951     0.180
1971   21    1950     0.282
1971   22    1949     0.398
1971   23    1948     0.523
1971   24    1947     0.650
1971   25    1946     0.777
1971   26    1945     0.903
1971   27    1944     1.022
1971   28    1943     1.134
1971   29    1942     1.240
1971   30    1941     1.338
1971   31    1940     1.426
1971   32    1939     1.504
1971   33    1938     1.573
1971   34    1937     1.635
1971   35    1936     1.688
1971   36    1935     1.734
1971   37    1934     1.775
1971   38    1933     1.810
1971   39    1932     1.840
1971   40    1931     1.864
1971   41    1930     1.883
1971   42    1929     1.897
1971   43    1928     1.907
1971   44    1927     1.914
1971   45    1926     1.918
1971   46    1925     1.920
1971   47    1924     1.921
1971   48    1923     1.921
1971   49    1922     1.921
1971   50    1921     1.921
1971   51    1920     1.921
1971   52    1919     1.921
1971   53    1918     1.921
1971   54    1917     1.921
1971   55    1916     1.921
1972   12    1960     0.000
1972   13    1959     0.000
1972   14    1958     0.000
1972   15    1957     0.000
1972   16    1956     0.002
1972   17    1955     0.009
1972   18    1954     0.036
1972   19    1953     0.087
1972   20    1952     0.161
1972   21    1951     0.249
1972   22    1950     0.349
1972   23    1949     0.459
1972   24    1948     0.575
1972   25    1947     0.691
1972   26    1946     0.806
1972   27    1945     0.917
1972   28    1944     1.019
1972   29    1943     1.115
1972   30    1942     1.204
1972   31    1941     1.284
1972   32    1940     1.353
1972   33    1939     1.414
1972   34    1938     1.469
1972   35    1937     1.515
1972   36    1936     1.556
1972   37    1935     1.590
1972   38    1934     1.620
1972   39    1933     1.645
1972   40    1932     1.667
1972   41    1931     1.684
1972   42    1930     1.697
1972   43    1929     1.705
1972   44    1928     1.711
1972   45    1927     1.714
1972   46    1926     1.716
1972   47    1925     1.717
1972   48    1924     1.717
1972   49    1923     1.718
1972   50    1922     1.718
1972   51    1921     1.718
1972   52    1920     1.718
1972   53    1919     1.718
1972   54    1918     1.718
1972   55    1917     1.718
1973   12    1961     0.000
1973   13    1960     0.000
1973   14    1959     0.000
1973   15    1958     0.000
1973   16    1957     0.002
1973   17    1956     0.009
1973   18    1955     0.032
1973   19    1954     0.075
1973   20    1953     0.137
1973   21    1952     0.213
1973   22    1951     0.300
1973   23    1950     0.396
1973   24    1949     0.502
1973   25    1948     0.610
1973   26    1947     0.717
1973   27    1946     0.821
1973   28    1945     0.919
1973   29    1944     1.007
1973   30    1943     1.088
1973   31    1942     1.161
1973   32    1941     1.224
1973   33    1940     1.279
1973   34    1939     1.326
1973   35    1938     1.367
1973   36    1937     1.403
1973   37    1936     1.433
1973   38    1935     1.459
1973   39    1934     1.480
1973   40    1933     1.499
1973   41    1932     1.514
1973   42    1931     1.525
1973   43    1930     1.532
1973   44    1929     1.538
1973   45    1928     1.541
1973   46    1927     1.542
1973   47    1926     1.543
1973   48    1925     1.543
1973   49    1924     1.543
1973   50    1923     1.544
1973   51    1922     1.544
1973   52    1921     1.544
1973   53    1920     1.544
1973   54    1919     1.544
1973   55    1918     1.544
1974   12    1962     0.000
1974   13    1961     0.000
1974   14    1960     0.000
1974   15    1959     0.000
1974   16    1958     0.001
1974   17    1957     0.008
1974   18    1956     0.029
1974   19    1955     0.068
1974   20    1954     0.127
1974   21    1953     0.199
1974   22    1952     0.283
1974   23    1951     0.378
1974   24    1950     0.482
1974   25    1949     0.592
1974   26    1948     0.702
1974   27    1947     0.809
1974   28    1946     0.909
1974   29    1945     1.001
1974   30    1944     1.082
1974   31    1943     1.154
1974   32    1942     1.217
1974   33    1941     1.271
1974   34    1940     1.316
1974   35    1939     1.354
1974   36    1938     1.387
1974   37    1937     1.415
1974   38    1936     1.438
1974   39    1935     1.457
1974   40    1934     1.473
1974   41    1933     1.485
1974   42    1932     1.495
1974   43    1931     1.502
1974   44    1930     1.507
1974   45    1929     1.510
1974   46    1928     1.511
1974   47    1927     1.512
1974   48    1926     1.512
1974   49    1925     1.512
1974   50    1924     1.513
1974   51    1923     1.513
1974   52    1922     1.513
1974   53    1921     1.513
1974   54    1920     1.513
1974   55    1919     1.513
1975   12    1963     0.000
1975   13    1962     0.000
1975   14    1961     0.000
1975   15    1960     0.000
1975   16    1959     0.001
1975   17    1958     0.007
1975   18    1957     0.024
1975   19    1956     0.057
1975   20    1955     0.109
1975   21    1954     0.176
1975   22    1953     0.254
1975   23    1952     0.344
1975   24    1951     0.444
1975   25    1950     0.548
1975   26    1949     0.659
1975   27    1948     0.766
1975   28    1947     0.867
1975   29    1946     0.959
1975   30    1945     1.041
1975   31    1944     1.114
1975   32    1943     1.176
1975   33    1942     1.228
1975   34    1941     1.273
1975   35    1940     1.310
1975   36    1939     1.340
1975   37    1938     1.366
1975   38    1937     1.387
1975   39    1936     1.404
1975   40    1935     1.418
1975   41    1934     1.428
1975   42    1933     1.437
1975   43    1932     1.443
1975   44    1931     1.447
1975   45    1930     1.449
1975   46    1929     1.451
1975   47    1928     1.451
1975   48    1927     1.452
1975   49    1926     1.452
1975   50    1925     1.452
1975   51    1924     1.452
1975   52    1923     1.452
1975   53    1922     1.452
1975   54    1921     1.452
1975   55    1920     1.452
1976   12    1964     0.000
1976   13    1963     0.000
1976   14    1962     0.000
1976   15    1961     0.000
1976   16    1960     0.001
1976   17    1959     0.006
1976   18    1958     0.021
1976   19    1957     0.052
1976   20    1956     0.102
1976   21    1955     0.167
1976   22    1954     0.247
1976   23    1953     0.336
1976   24    1952     0.435
1976   25    1951     0.543
1976   26    1950     0.652
1976   27    1949     0.763
1976   28    1948     0.868
1976   29    1947     0.964
1976   30    1946     1.051
1976   31    1945     1.126
1976   32    1944     1.190
1976   33    1943     1.243
1976   34    1942     1.289
1976   35    1941     1.326
1976   36    1940     1.356
1976   37    1939     1.380
1976   38    1938     1.399
1976   39    1937     1.416
1976   40    1936     1.429
1976   41    1935     1.438
1976   42    1934     1.446
1976   43    1933     1.451
1976   44    1932     1.454
1976   45    1931     1.457
1976   46    1930     1.458
1976   47    1929     1.459
1976   48    1928     1.459
1976   49    1927     1.459
1976   50    1926     1.459
1976   51    1925     1.459
1976   52    1924     1.459
1976   53    1923     1.459
1976   54    1922     1.459
1976   55    1921     1.459
1977   12    1965     0.000
1977   13    1964     0.000
1977   14    1963     0.000
1977   15    1962     0.000
1977   16    1961     0.001
1977   17    1960     0.005
1977   18    1959     0.019
1977   19    1958     0.046
1977   20    1957     0.091
1977   21    1956     0.151
1977   22    1955     0.226
1977   23    1954     0.312
1977   24    1953     0.405
1977   25    1952     0.507
1977   26    1951     0.614
1977   27    1950     0.722
1977   28    1949     0.826
1977   29    1948     0.923
1977   30    1947     1.010
1977   31    1946     1.085
1977   32    1945     1.149
1977   33    1944     1.203
1977   34    1943     1.246
1977   35    1942     1.282
1977   36    1941     1.311
1977   37    1940     1.334
1977   38    1939     1.352
1977   39    1938     1.367
1977   40    1937     1.378
1977   41    1936     1.387
1977   42    1935     1.393
1977   43    1934     1.397
1977   44    1933     1.400
1977   45    1932     1.403
1977   46    1931     1.404
1977   47    1930     1.404
1977   48    1929     1.405
1977   49    1928     1.405
1977   50    1927     1.405
1977   51    1926     1.405
1977   52    1925     1.405
1977   53    1924     1.405
1977   54    1923     1.405
1977   55    1922     1.405
1978   12    1966     0.000
1978   13    1965     0.000
1978   14    1964     0.000
1978   15    1963     0.000
1978   16    1962     0.001
1978   17    1961     0.004
1978   18    1960     0.016
1978   19    1959     0.042
1978   20    1958     0.084
1978   21    1957     0.141
1978   22    1956     0.210
1978   23    1955     0.292
1978   24    1954     0.386
1978   25    1953     0.485
1978   26    1952     0.590
1978   27    1951     0.698
1978   28    1950     0.800
1978   29    1949     0.898
1978   30    1948     0.988
1978   31    1947     1.065
1978   32    1946     1.131
1978   33    1945     1.184
1978   34    1944     1.230
1978   35    1943     1.265
1978   36    1942     1.294
1978   37    1941     1.316
1978   38    1940     1.334
1978   39    1939     1.347
1978   40    1938     1.357
1978   41    1937     1.365
1978   42    1936     1.371
1978   43    1935     1.375
1978   44    1934     1.377
1978   45    1933     1.379
1978   46    1932     1.380
1978   47    1931     1.380
1978   48    1930     1.380
1978   49    1929     1.381
1978   50    1928     1.381
1978   51    1927     1.381
1978   52    1926     1.381
1978   53    1925     1.381
1978   54    1924     1.381
1978   55    1923     1.381
1979   12    1967     0.000
1979   13    1966     0.000
1979   14    1965     0.000
1979   15    1964     0.000
1979   16    1963     0.001
1979   17    1962     0.004
1979   18    1961     0.016
1979   19    1960     0.038
1979   20    1959     0.078
1979   21    1958     0.132
1979   22    1957     0.199
1979   23    1956     0.277
1979   24    1955     0.369
1979   25    1954     0.468
1979   26    1953     0.573
1979   27    1952     0.680
1979   28    1951     0.785
1979   29    1950     0.884
1979   30    1949     0.976
1979   31    1948     1.056
1979   32    1947     1.125
1979   33    1946     1.181
1979   34    1945     1.227
1979   35    1944     1.264
1979   36    1943     1.293
1979   37    1942     1.316
1979   38    1941     1.334
1979   39    1940     1.347
1979   40    1939     1.358
1979   41    1938     1.365
1979   42    1937     1.370
1979   43    1936     1.374
1979   44    1935     1.376
1979   45    1934     1.377
1979   46    1933     1.378
1979   47    1932     1.378
1979   48    1931     1.379
1979   49    1930     1.379
1979   50    1929     1.379
1979   51    1928     1.379
1979   52    1927     1.379
1979   53    1926     1.379
1979   54    1925     1.379
1979   55    1924     1.379
1980   12    1968     0.000
1980   13    1967     0.000
1980   14    1966     0.000
1980   15    1965     0.000
1980   16    1964     0.001
1980   17    1963     0.004
1980   18    1962     0.015
1980   19    1961     0.038
1980   20    1960     0.077
1980   21    1959     0.133
1980   22    1958     0.203
1980   23    1957     0.285
1980   24    1956     0.378
1980   25    1955     0.483
1980   26    1954     0.595
1980   27    1953     0.708
1980   28    1952     0.818
1980   29    1951     0.923
1980   30    1950     1.018
1980   31    1949     1.104
1980   32    1948     1.177
1980   33    1947     1.238
1980   34    1946     1.287
1980   35    1945     1.326
1980   36    1944     1.359
1980   37    1943     1.384
1980   38    1942     1.403
1980   39    1941     1.418
1980   40    1940     1.428
1980   41    1939     1.435
1980   42    1938     1.440
1980   43    1937     1.444
1980   44    1936     1.446
1980   45    1935     1.447
1980   46    1934     1.448
1980   47    1933     1.448
1980   48    1932     1.449
1980   49    1931     1.449
1980   50    1930     1.449
1980   51    1929     1.449
1980   52    1928     1.449
1980   53    1927     1.449
1980   54    1926     1.449
1980   55    1925     1.449
1981   12    1969     0.000
1981   13    1968     0.000
1981   14    1967     0.000
1981   15    1966     0.000
1981   16    1965     0.001
1981   17    1964     0.004
1981   18    1963     0.013
1981   19    1962     0.033
1981   20    1961     0.070
1981   21    1960     0.121
1981   22    1959     0.188
1981   23    1958     0.269
1981   24    1957     0.361
1981   25    1956     0.463
1981   26    1955     0.573
1981   27    1954     0.686
1981   28    1953     0.794
1981   29    1952     0.898
1981   30    1951     0.995
1981   31    1950     1.081
1981   32    1949     1.156
1981   33    1948     1.219
1981   34    1947     1.270
1981   35    1946     1.311
1981   36    1945     1.344
1981   37    1944     1.370
1981   38    1943     1.389
1981   39    1942     1.403
1981   40    1941     1.414
1981   41    1940     1.422
1981   42    1939     1.427
1981   43    1938     1.430
1981   44    1937     1.432
1981   45    1936     1.434
1981   46    1935     1.434
1981   47    1934     1.435
1981   48    1933     1.435
1981   49    1932     1.435
1981   50    1931     1.435
1981   51    1930     1.435
1981   52    1929     1.435
1981   53    1928     1.435
1981   54    1927     1.435
1981   55    1926     1.435
1982   12    1970     0.000
1982   13    1969     0.000
1982   14    1968     0.000
1982   15    1967     0.000
1982   16    1966     0.001
1982   17    1965     0.003
1982   18    1964     0.011
1982   19    1963     0.030
1982   20    1962     0.062
1982   21    1961     0.109
1982   22    1960     0.171
1982   23    1959     0.248
1982   24    1958     0.337
1982   25    1957     0.438
1982   26    1956     0.546
1982   27    1955     0.657
1982   28    1954     0.767
1982   29    1953     0.871
1982   30    1952     0.967
1982   31    1951     1.054
1982   32    1950     1.128
1982   33    1949     1.191
1982   34    1948     1.242
1982   35    1947     1.283
1982   36    1946     1.316
1982   37    1945     1.342
1982   38    1944     1.362
1982   39    1943     1.376
1982   40    1942     1.387
1982   41    1941     1.395
1982   42    1940     1.399
1982   43    1939     1.403
1982   44    1938     1.405
1982   45    1937     1.406
1982   46    1936     1.407
1982   47    1935     1.407
1982   48    1934     1.407
1982   49    1933     1.407
1982   50    1932     1.407
1982   51    1931     1.407
1982   52    1930     1.407
1982   53    1929     1.407
1982   54    1928     1.407
1982   55    1927     1.407
1983   12    1971     0.000
1983   13    1970     0.000
1983   14    1969     0.000
1983   15    1968     0.000
1983   16    1967     0.001
1983   17    1966     0.003
1983   18    1965     0.009
1983   19    1964     0.024
1983   20    1963     0.051
1983   21    1962     0.091
1983   22    1961     0.146
1983   23    1960     0.215
1983   24    1959     0.298
1983   25    1958     0.393
1983   26    1957     0.496
1983   27    1956     0.603
1983   28    1955     0.709
1983   29    1954     0.810
1983   30    1953     0.902
1983   31    1952     0.986
1983   32    1951     1.058
1983   33    1950     1.118
1983   34    1949     1.169
1983   35    1948     1.210
1983   36    1947     1.242
1983   37    1946     1.267
1983   38    1945     1.286
1983   39    1944     1.301
1983   40    1943     1.311
1983   41    1942     1.318
1983   42    1941     1.323
1983   43    1940     1.327
1983   44    1939     1.329
1983   45    1938     1.330
1983   46    1937     1.330
1983   47    1936     1.331
1983   48    1935     1.331
1983   49    1934     1.331
1983   50    1933     1.331
1983   51    1932     1.331
1983   52    1931     1.331
1983   53    1930     1.331
1983   54    1929     1.331
1983   55    1928     1.331
1984   12    1972     0.000
1984   13    1971     0.000
1984   14    1970     0.000
1984   15    1969     0.000
1984   16    1968     0.001
1984   17    1967     0.003
1984   18    1966     0.009
1984   19    1965     0.021
1984   20    1964     0.044
1984   21    1963     0.080
1984   22    1962     0.128
1984   23    1961     0.190
1984   24    1960     0.265
1984   25    1959     0.355
1984   26    1958     0.455
1984   27    1957     0.561
1984   28    1956     0.666
1984   29    1955     0.767
1984   30    1954     0.861
1984   31    1953     0.944
1984   32    1952     1.018
1984   33    1951     1.079
1984   34    1950     1.130
1984   35    1949     1.171
1984   36    1948     1.205
1984   37    1947     1.231
1984   38    1946     1.250
1984   39    1945     1.264
1984   40    1944     1.275
1984   41    1943     1.282
1984   42    1942     1.287
1984   43    1941     1.290
1984   44    1940     1.292
1984   45    1939     1.293
1984   46    1938     1.294
1984   47    1937     1.294
1984   48    1936     1.294
1984   49    1935     1.294
1984   50    1934     1.294
1984   51    1933     1.294
1984   52    1932     1.294
1984   53    1931     1.294
1984   54    1930     1.294
1984   55    1929     1.294
1985   12    1973     0.000
1985   13    1972     0.000
1985   14    1971     0.000
1985   15    1970     0.000
1985   16    1969     0.001
1985   17    1968     0.003
1985   18    1967     0.008
1985   19    1966     0.020
1985   20    1965     0.041
1985   21    1964     0.074
1985   22    1963     0.118
1985   23    1962     0.174
1985   24    1961     0.246
1985   25    1960     0.331
1985   26    1959     0.429
1985   27    1958     0.533
1985   28    1957     0.638
1985   29    1956     0.739
1985   30    1955     0.835
1985   31    1954     0.921
1985   32    1953     0.996
1985   33    1952     1.059
1985   34    1951     1.111
1985   35    1950     1.154
1985   36    1949     1.189
1985   37    1948     1.216
1985   38    1947     1.236
1985   39    1946     1.250
1985   40    1945     1.261
1985   41    1944     1.268
1985   42    1943     1.273
1985   43    1942     1.277
1985   44    1941     1.279
1985   45    1940     1.280
1985   46    1939     1.280
1985   47    1938     1.280
1985   48    1937     1.281
1985   49    1936     1.281
1985   50    1935     1.281
1985   51    1934     1.281
1985   52    1933     1.281
1985   53    1932     1.281
1985   54    1931     1.281
1985   55    1930     1.281
1986   12    1974     0.000
1986   13    1973     0.000
1986   14    1972     0.000
1986   15    1971     0.000
1986   16    1970     0.001
1986   17    1969     0.003
1986   18    1968     0.009
1986   19    1967     0.021
1986   20    1966     0.041
1986   21    1965     0.073
1986   22    1964     0.116
1986   23    1963     0.172
1986   24    1962     0.243
1986   25    1961     0.329
1986   26    1960     0.430
1986   27    1959     0.539
1986   28    1958     0.651
1986   29    1957     0.760
1986   30    1956     0.862
1986   31    1955     0.956
1986   32    1954     1.037
1986   33    1953     1.106
1986   34    1952     1.163
1986   35    1951     1.209
1986   36    1950     1.246
1986   37    1949     1.275
1986   38    1948     1.297
1986   39    1947     1.313
1986   40    1946     1.324
1986   41    1945     1.332
1986   42    1944     1.338
1986   43    1943     1.341
1986   44    1942     1.343
1986   45    1941     1.344
1986   46    1940     1.344
1986   47    1939     1.345
1986   48    1938     1.345
1986   49    1937     1.345
1986   50    1936     1.345
1986   51    1935     1.345
1986   52    1934     1.345
1986   53    1933     1.345
1986   54    1932     1.345
1986   55    1931     1.345
1987   12    1975     0.000
1987   13    1974     0.000
1987   14    1973     0.000
1987   15    1972     0.000
1987   16    1971     0.001
1987   17    1970     0.003
1987   18    1969     0.010
1987   19    1968     0.022
1987   20    1967     0.043
1987   21    1966     0.074
1987   22    1965     0.117
1987   23    1964     0.171
1987   24    1963     0.240
1987   25    1962     0.323
1987   26    1961     0.421
1987   27    1960     0.529
1987   28    1959     0.641
1987   29    1958     0.752
1987   30    1957     0.857
1987   31    1956     0.952
1987   32    1955     1.036
1987   33    1954     1.109
1987   34    1953     1.168
1987   35    1952     1.217
1987   36    1951     1.257
1987   37    1950     1.287
1987   38    1949     1.311
1987   39    1948     1.327
1987   40    1947     1.340
1987   41    1946     1.348
1987   42    1945     1.354
1987   43    1944     1.357
1987   44    1943     1.360
1987   45    1942     1.361
1987   46    1941     1.361
1987   47    1940     1.361
1987   48    1939     1.362
1987   49    1938     1.362
1987   50    1937     1.362
1987   51    1936     1.362
1987   52    1935     1.362
1987   53    1934     1.362
1987   54    1933     1.362
1987   55    1932     1.362
1988   12    1976     0.000
1988   13    1975     0.000
1988   14    1974     0.000
1988   15    1973     0.000
1988   16    1972     0.001
1988   17    1971     0.004
1988   18    1970     0.011
1988   19    1969     0.025
1988   20    1968     0.049
1988   21    1967     0.081
1988   22    1966     0.122
1988   23    1965     0.177
1988   24    1964     0.245
1988   25    1963     0.329
1988   26    1962     0.428
1988   27    1961     0.539
1988   28    1960     0.655
1988   29    1959     0.770
1988   30    1958     0.879
1988   31    1957     0.980
1988   32    1956     1.070
1988   33    1955     1.147
1988   34    1954     1.211
1988   35    1953     1.263
1988   36    1952     1.305
1988   37    1951     1.337
1988   38    1950     1.362
1988   39    1949     1.380
1988   40    1948     1.393
1988   41    1947     1.402
1988   42    1946     1.408
1988   43    1945     1.411
1988   44    1944     1.414
1988   45    1943     1.415
1988   46    1942     1.415
1988   47    1941     1.416
1988   48    1940     1.416
1988   49    1939     1.416
1988   50    1938     1.416
1988   51    1937     1.416
1988   52    1936     1.416
1988   53    1935     1.416
1988   54    1934     1.416
1988   55    1933     1.416
1989   12    1977     0.000
1989   13    1976     0.000
1989   14    1975     0.000
1989   15    1974     0.000
1989   16    1973     0.001
1989   17    1972     0.004
1989   18    1971     0.012
1989   19    1970     0.027
1989   20    1969     0.053
1989   21    1968     0.087
1989   22    1967     0.129
1989   23    1966     0.180
1989   24    1965     0.245
1989   25    1964     0.324
1989   26    1963     0.418
1989   27    1962     0.524
1989   28    1961     0.635
1989   29    1960     0.747
1989   30    1959     0.855
1989   31    1958     0.954
1989   32    1957     1.043
1989   33    1956     1.119
1989   34    1955     1.184
1989   35    1954     1.236
1989   36    1953     1.279
1989   37    1952     1.312
1989   38    1951     1.338
1989   39    1950     1.357
1989   40    1949     1.370
1989   41    1948     1.379
1989   42    1947     1.385
1989   43    1946     1.389
1989   44    1945     1.391
1989   45    1944     1.393
1989   46    1943     1.393
1989   47    1942     1.393
1989   48    1941     1.394
1989   49    1940     1.394
1989   50    1939     1.394
1989   51    1938     1.394
1989   52    1937     1.394
1989   53    1936     1.394
1989   54    1935     1.394
1989   55    1934     1.394
1990   12    1978     0.000
1990   13    1977     0.000
1990   14    1976     0.000
1990   15    1975     0.000
1990   16    1974     0.001
1990   17    1973     0.004
1990   18    1972     0.012
1990   19    1971     0.029
1990   20    1970     0.056
1990   21    1969     0.093
1990   22    1968     0.138
1990   23    1967     0.192
1990   24    1966     0.256
1990   25    1965     0.336
1990   26    1964     0.431
1990   27    1963     0.540
1990   28    1962     0.655
1990   29    1961     0.773
1990   30    1960     0.886
1990   31    1959     0.992
1990   32    1958     1.086
1990   33    1957     1.167
1990   34    1956     1.236
1990   35    1955     1.292
1990   36    1954     1.338
1990   37    1953     1.373
1990   38    1952     1.399
1990   39    1951     1.419
1990   40    1950     1.433
1990   41    1949     1.443
1990   42    1948     1.450
1990   43    1947     1.453
1990   44    1946     1.456
1990   45    1945     1.457
1990   46    1944     1.458
1990   47    1943     1.458
1990   48    1942     1.458
1990   49    1941     1.458
1990   50    1940     1.458
1990   51    1939     1.458
1990   52    1938     1.458
1990   53    1937     1.458
1990   54    1936     1.459
1990   55    1935     1.459
1991   12    1979     0.000
1991   13    1978     0.000
1991   14    1977     0.000
1991   15    1976     0.000
1991   16    1975     0.001
1991   17    1974     0.004
1991   18    1973     0.013
1991   19    1972     0.031
1991   20    1971     0.059
1991   21    1970     0.098
1991   22    1969     0.146
1991   23    1968     0.200
1991   24    1967     0.262
1991   25    1966     0.335
1991   26    1965     0.423
1991   27    1964     0.525
1991   28    1963     0.635
1991   29    1962     0.749
1991   30    1961     0.859
1991   31    1960     0.963
1991   32    1959     1.055
1991   33    1958     1.136
1991   34    1957     1.204
1991   35    1956     1.260
1991   36    1955     1.305
1991   37    1954     1.341
1991   38    1953     1.369
1991   39    1952     1.388
1991   40    1951     1.403
1991   41    1950     1.413
1991   42    1949     1.419
1991   43    1948     1.423
1991   44    1947     1.426
1991   45    1946     1.427
1991   46    1945     1.428
1991   47    1944     1.428
1991   48    1943     1.428
1991   49    1942     1.428
1991   50    1941     1.428
1991   51    1940     1.428
1991   52    1939     1.428
1991   53    1938     1.428
1991   54    1937     1.428
1991   55    1936     1.428
1992   12    1980     0.000
1992   13    1979     0.000
1992   14    1978     0.000
1992   15    1977     0.000
1992   16    1976     0.001
1992   17    1975     0.005
1992   18    1974     0.013
1992   19    1973     0.031
1992   20    1972     0.061
1992   21    1971     0.102
1992   22    1970     0.150
1992   23    1969     0.206
1992   24    1968     0.268
1992   25    1967     0.339
1992   26    1966     0.422
1992   27    1965     0.518
1992   28    1964     0.623
1992   29    1963     0.733
1992   30    1962     0.841
1992   31    1961     0.944
1992   32    1960     1.037
1992   33    1959     1.118
1992   34    1958     1.185
1992   35    1957     1.243
1992   36    1956     1.288
1992   37    1955     1.325
1992   38    1954     1.352
1992   39    1953     1.373
1992   40    1952     1.387
1992   41    1951     1.398
1992   42    1950     1.404
1992   43    1949     1.409
1992   44    1948     1.411
1992   45    1947     1.413
1992   46    1946     1.413
1992   47    1945     1.413
1992   48    1944     1.414
1992   49    1943     1.414
1992   50    1942     1.414
1992   51    1941     1.414
1992   52    1940     1.414
1992   53    1939     1.414
1992   54    1938     1.414
1992   55    1937     1.414
1993   12    1981     0.000
1993   13    1980     0.000
1993   14    1979     0.000
1993   15    1978     0.000
1993   16    1977     0.001
1993   17    1976     0.004
1993   18    1975     0.012
1993   19    1974     0.028
1993   20    1973     0.057
1993   21    1972     0.098
1993   22    1971     0.146
1993   23    1970     0.200
1993   24    1969     0.262
1993   25    1968     0.333
1993   26    1967     0.414
1993   27    1966     0.506
1993   28    1965     0.608
1993   29    1964     0.717
1993   30    1963     0.824
1993   31    1962     0.929
1993   32    1961     1.023
1993   33    1960     1.104
1993   34    1959     1.174
1993   35    1958     1.231
1993   36    1957     1.278
1993   37    1956     1.314
1993   38    1955     1.342
1993   39    1954     1.362
1993   40    1953     1.377
1993   41    1952     1.388
1993   42    1951     1.394
1993   43    1950     1.398
1993   44    1949     1.401
1993   45    1948     1.402
1993   46    1947     1.403
1993   47    1946     1.403
1993   48    1945     1.403
1993   49    1944     1.403
1993   50    1943     1.403
1993   51    1942     1.403
1993   52    1941     1.403
1993   53    1940     1.403
1993   54    1939     1.403
1993   55    1938     1.403
1994   12    1982     0.000
1994   13    1981     0.000
1994   14    1980     0.000
1994   15    1979     0.000
1994   16    1978     0.001
1994   17    1977     0.004
1994   18    1976     0.011
1994   19    1975     0.026
1994   20    1974     0.053
1994   21    1973     0.091
1994   22    1972     0.139
1994   23    1971     0.193
1994   24    1970     0.253
1994   25    1969     0.321
1994   26    1968     0.397
1994   27    1967     0.483
1994   28    1966     0.578
1994   29    1965     0.680
1994   30    1964     0.785
1994   31    1963     0.886
1994   32    1962     0.978
1994   33    1961     1.059
1994   34    1960     1.128
1994   35    1959     1.185
1994   36    1958     1.231
1994   37    1957     1.267
1994   38    1956     1.295
1994   39    1955     1.315
1994   40    1954     1.331
1994   41    1953     1.341
1994   42    1952     1.348
1994   43    1951     1.352
1994   44    1950     1.354
1994   45    1949     1.356
1994   46    1948     1.356
1994   47    1947     1.357
1994   48    1946     1.357
1994   49    1945     1.357
1994   50    1944     1.357
1994   51    1943     1.357
1994   52    1942     1.357
1994   53    1941     1.357
1994   54    1940     1.357
1994   55    1939     1.357
1995   12    1983     0.000
1995   13    1982     0.000
1995   14    1981     0.000
1995   15    1980     0.000
1995   16    1979     0.001
1995   17    1978     0.004
1995   18    1977     0.011
1995   19    1976     0.025
1995   20    1975     0.049
1995   21    1974     0.086
1995   22    1973     0.132
1995   23    1972     0.186
1995   24    1971     0.246
1995   25    1970     0.312
1995   26    1969     0.387
1995   27    1968     0.472
1995   28    1967     0.564
1995   29    1966     0.663
1995   30    1965     0.766
1995   31    1964     0.867
1995   32    1963     0.960
1995   33    1962     1.043
1995   34    1961     1.113
1995   35    1960     1.172
1995   36    1959     1.220
1995   37    1958     1.258
1995   38    1957     1.286
1995   39    1956     1.308
1995   40    1955     1.323
1995   41    1954     1.334
1995   42    1953     1.341
1995   43    1952     1.345
1995   44    1951     1.348
1995   45    1950     1.349
1995   46    1949     1.350
1995   47    1948     1.350
1995   48    1947     1.350
1995   49    1946     1.350
1995   50    1945     1.350
1995   51    1944     1.350
1995   52    1943     1.350
1995   53    1942     1.350
1995   54    1941     1.350
1995   55    1940     1.350
1996   12    1984     0.000
1996   13    1983     0.000
1996   14    1982     0.000
1996   15    1981     0.000
1996   16    1980     0.001
1996   17    1979     0.004
1996   18    1978     0.011
1996   19    1977     0.025
1996   20    1976     0.051
1996   21    1975     0.087
1996   22    1974     0.135
1996   23    1973     0.193
1996   24    1972     0.257
1996   25    1971     0.327
1996   26    1970     0.405
1996   27    1969     0.494
1996   28    1968     0.588
1996   29    1967     0.689
1996   30    1966     0.794
1996   31    1965     0.899
1996   32    1964     0.998
1996   33    1963     1.085
1996   34    1962     1.160
1996   35    1961     1.223
1996   36    1960     1.273
1996   37    1959     1.314
1996   38    1958     1.344
1996   39    1957     1.367
1996   40    1956     1.383
1996   41    1955     1.395
1996   42    1954     1.402
1996   43    1953     1.407
1996   44    1952     1.409
1996   45    1951     1.411
1996   46    1950     1.411
1996   47    1949     1.412
1996   48    1948     1.412
1996   49    1947     1.412
1996   50    1946     1.412
1996   51    1945     1.412
1996   52    1944     1.412
1996   53    1943     1.412
1996   54    1942     1.412
1996   55    1941     1.412
1997   12    1985     0.000
1997   13    1984     0.000
1997   14    1983     0.000
1997   15    1982     0.000
1997   16    1981     0.001
1997   17    1980     0.004
1997   18    1979     0.010
1997   19    1978     0.025
1997   20    1977     0.050
1997   21    1976     0.087
1997   22    1975     0.133
1997   23    1974     0.191
1997   24    1973     0.256
1997   25    1972     0.329
1997   26    1971     0.409
1997   27    1970     0.497
1997   28    1969     0.594
1997   29    1968     0.697
1997   30    1967     0.803
1997   31    1966     0.910
1997   32    1965     1.013
1997   33    1964     1.105
1997   34    1963     1.184
1997   35    1962     1.250
1997   36    1961     1.305
1997   37    1960     1.349
1997   38    1959     1.382
1997   39    1958     1.407
1997   40    1957     1.424
1997   41    1956     1.437
1997   42    1955     1.445
1997   43    1954     1.450
1997   44    1953     1.453
1997   45    1952     1.454
1997   46    1951     1.455
1997   47    1950     1.455
1997   48    1949     1.456
1997   49    1948     1.456
1997   50    1947     1.456
1997   51    1946     1.456
1997   52    1945     1.456
1997   53    1944     1.456
1997   54    1943     1.456
1997   55    1942     1.456
1998   12    1986     0.000
1998   13    1985     0.000
1998   14    1984     0.000
1998   15    1983     0.000
1998   16    1982     0.001
1998   17    1981     0.004
1998   18    1980     0.010
1998   19    1979     0.024
1998   20    1978     0.050
1998   21    1977     0.086
1998   22    1976     0.132
1998   23    1975     0.187
1998   24    1974     0.252
1998   25    1973     0.323
1998   26    1972     0.403
1998   27    1971     0.489
1998   28    1970     0.581
1998   29    1969     0.680
1998   30    1968     0.783
1998   31    1967     0.886
1998   32    1966     0.984
1998   33    1965     1.075
1998   34    1964     1.154
1998   35    1963     1.221
1998   36    1962     1.276
1998   37    1961     1.320
1998   38    1960     1.354
1998   39    1959     1.379
1998   40    1958     1.397
1998   41    1957     1.409
1998   42    1956     1.418
1998   43    1955     1.423
1998   44    1954     1.425
1998   45    1953     1.427
1998   46    1952     1.428
1998   47    1951     1.428
1998   48    1950     1.428
1998   49    1949     1.428
1998   50    1948     1.428
1998   51    1947     1.428
1998   52    1946     1.428
1998   53    1945     1.428
1998   54    1944     1.428
1998   55    1943     1.428
1999   12    1987     0.000
1999   13    1986     0.000
1999   14    1985     0.000
1999   15    1984     0.000
1999   16    1983     0.001
1999   17    1982     0.004
1999   18    1981     0.010
1999   19    1980     0.024
1999   20    1979     0.049
1999   21    1978     0.084
1999   22    1977     0.129
1999   23    1976     0.184
1999   24    1975     0.246
1999   25    1974     0.316
1999   26    1973     0.395
1999   27    1972     0.482
1999   28    1971     0.573
1999   29    1970     0.670
1999   30    1969     0.771
1999   31    1968     0.872
1999   32    1967     0.970
1999   33    1966     1.061
1999   34    1965     1.140
1999   35    1964     1.209
1999   36    1963     1.266
1999   37    1962     1.311
1999   38    1961     1.345
1999   39    1960     1.370
1999   40    1959     1.389
1999   41    1958     1.402
1999   42    1957     1.411
1999   43    1956     1.416
1999   44    1955     1.419
1999   45    1954     1.421
1999   46    1953     1.421
1999   47    1952     1.422
1999   48    1951     1.422
1999   49    1950     1.422
1999   50    1949     1.422
1999   51    1948     1.422
1999   52    1947     1.422
1999   53    1946     1.422
1999   54    1945     1.422
1999   55    1944     1.422
2000   12    1988     0.000
2000   13    1987     0.000
2000   14    1986     0.000
2000   15    1985     0.000
2000   16    1984     0.001
2000   17    1983     0.003
2000   18    1982     0.010
2000   19    1981     0.024
2000   20    1980     0.049
2000   21    1979     0.085
2000   22    1978     0.131
2000   23    1977     0.185
2000   24    1976     0.247
2000   25    1975     0.316
2000   26    1974     0.395
2000   27    1973     0.482
2000   28    1972     0.575
2000   29    1971     0.672
2000   30    1970     0.772
2000   31    1969     0.873
2000   32    1968     0.970
2000   33    1967     1.061
2000   34    1966     1.143
2000   35    1965     1.214
2000   36    1964     1.272
2000   37    1963     1.318
2000   38    1962     1.354
2000   39    1961     1.381
2000   40    1960     1.401
2000   41    1959     1.415
2000   42    1958     1.424
2000   43    1957     1.429
2000   44    1956     1.433
2000   45    1955     1.434
2000   46    1954     1.435
2000   47    1953     1.435
2000   48    1952     1.435
2000   49    1951     1.436
2000   50    1950     1.436
2000   51    1949     1.436
2000   52    1948     1.436
2000   53    1947     1.436
2000   54    1946     1.436
2000   55    1945     1.436
2001   12    1989     0.000
2001   13    1988     0.000
2001   14    1987     0.000
2001   15    1986     0.000
2001   16    1985     0.001
2001   17    1984     0.004
2001   18    1983     0.011
2001   19    1982     0.025
2001   20    1981     0.050
2001   21    1980     0.084
2001   22    1979     0.128
2001   23    1978     0.181
2001   24    1977     0.241
2001   25    1976     0.307
2001   26    1975     0.382
2001   27    1974     0.465
2001   28    1973     0.554
2001   29    1972     0.647
2001   30    1971     0.744
2001   31    1970     0.841
2001   32    1969     0.936
2001   33    1968     1.024
2001   34    1967     1.104
2001   35    1966     1.174
2001   36    1965     1.232
2001   37    1964     1.280
2001   38    1963     1.317
2001   39    1962     1.344
2001   40    1961     1.364
2001   41    1960     1.378
2001   42    1959     1.387
2001   43    1958     1.392
2001   44    1957     1.395
2001   45    1956     1.397
2001   46    1955     1.398
2001   47    1954     1.398
2001   48    1953     1.398
2001   49    1952     1.398
2001   50    1951     1.398
2001   51    1950     1.398
2001   52    1949     1.398
2001   53    1948     1.398
2001   54    1947     1.398
2001   55    1946     1.398
2002   12    1990     0.000
2002   13    1989     0.000
2002   14    1988     0.000
2002   15    1987     0.000
2002   16    1986     0.001
2002   17    1985     0.004
2002   18    1984     0.011
2002   19    1983     0.025
2002   20    1982     0.048
2002   21    1981     0.080
2002   22    1980     0.122
2002   23    1979     0.172
2002   24    1978     0.230
2002   25    1977     0.294
2002   26    1976     0.367
2002   27    1975     0.447
2002   28    1974     0.534
2002   29    1973     0.626
2002   30    1972     0.723
2002   31    1971     0.819
2002   32    1970     0.914
2002   33    1969     1.003
2002   34    1968     1.084
2002   35    1967     1.154
2002   36    1966     1.215
2002   37    1965     1.264
2002   38    1964     1.303
2002   39    1963     1.331
2002   40    1962     1.352
2002   41    1961     1.366
2002   42    1960     1.376
2002   43    1959     1.382
2002   44    1958     1.385
2002   45    1957     1.387
2002   46    1956     1.388
2002   47    1955     1.388
2002   48    1954     1.388
2002   49    1953     1.388
2002   50    1952     1.389
2002   51    1951     1.389
2002   52    1950     1.389
2002   53    1949     1.389
2002   54    1948     1.389
2002   55    1947     1.389
2003   12    1991     0.000
2003   13    1990     0.000
2003   14    1989     0.000
2003   15    1988     0.000
2003   16    1987     0.001
2003   17    1986     0.004
2003   18    1985     0.010
2003   19    1984     0.023
2003   20    1983     0.045
2003   21    1982     0.076
2003   22    1981     0.115
2003   23    1980     0.163
2003   24    1979     0.218
2003   25    1978     0.280
2003   26    1977     0.352
2003   27    1976     0.431
2003   28    1975     0.517
2003   29    1974     0.609
2003   30    1973     0.704
2003   31    1972     0.802
2003   32    1971     0.897
2003   33    1970     0.986
2003   34    1969     1.068
2003   35    1968     1.140
2003   36    1967     1.202
2003   37    1966     1.253
2003   38    1965     1.293
2003   39    1964     1.323
2003   40    1963     1.345
2003   41    1962     1.360
2003   42    1961     1.370
2003   43    1960     1.376
2003   44    1959     1.379
2003   45    1958     1.381
2003   46    1957     1.382
2003   47    1956     1.382
2003   48    1955     1.382
2003   49    1954     1.382
2003   50    1953     1.382
2003   51    1952     1.382
2003   52    1951     1.382
2003   53    1950     1.382
2003   54    1949     1.382
2003   55    1948     1.383
2004   12    1992     0.000
2004   13    1991     0.000
2004   14    1990     0.000
2004   15    1989     0.000
2004   16    1988     0.001
2004   17    1987     0.003
2004   18    1986     0.009
2004   19    1985     0.021
2004   20    1984     0.042
2004   21    1983     0.071
2004   22    1982     0.108
2004   23    1981     0.154
2004   24    1980     0.207
2004   25    1979     0.270
2004   26    1978     0.340
2004   27    1977     0.419
2004   28    1976     0.504
2004   29    1975     0.595
2004   30    1974     0.691
2004   31    1973     0.789
2004   32    1972     0.887
2004   33    1971     0.979
2004   34    1970     1.064
2004   35    1969     1.139
2004   36    1968     1.204
2004   37    1967     1.257
2004   38    1966     1.300
2004   39    1965     1.331
2004   40    1964     1.355
2004   41    1963     1.371
2004   42    1962     1.382
2004   43    1961     1.388
2004   44    1960     1.392
2004   45    1959     1.394
2004   46    1958     1.395
2004   47    1957     1.395
2004   48    1956     1.395
2004   49    1955     1.395
2004   50    1954     1.395
2004   51    1953     1.395
2004   52    1952     1.395
2004   53    1951     1.395
2004   54    1950     1.395
2004   55    1949     1.395
2005   12    1993     0.000
2005   13    1992     0.000
2005   14    1991     0.000
2005   15    1990     0.000
2005   16    1989     0.001
2005   17    1988     0.003
2005   18    1987     0.009
2005   19    1986     0.020
2005   20    1985     0.040
2005   21    1984     0.068
2005   22    1983     0.104
2005   23    1982     0.146
2005   24    1981     0.197
2005   25    1980     0.256
2005   26    1979     0.324
2005   27    1978     0.400
2005   28    1977     0.484
2005   29    1976     0.573
2005   30    1975     0.666
2005   31    1974     0.763
2005   32    1973     0.860
2005   33    1972     0.952
2005   34    1971     1.037
2005   35    1970     1.113
2005   36    1969     1.178
2005   37    1968     1.233
2005   38    1967     1.275
2005   39    1966     1.308
2005   40    1965     1.333
2005   41    1964     1.350
2005   42    1963     1.361
2005   43    1962     1.368
2005   44    1961     1.372
2005   45    1960     1.374
2005   46    1959     1.375
2005   47    1958     1.375
2005   48    1957     1.375
2005   49    1956     1.376
2005   50    1955     1.376
2005   51    1954     1.376
2005   52    1953     1.376
2005   53    1952     1.376
2005   54    1951     1.376
2005   55    1950     1.376
2006   12    1994     0.000
2006   13    1993     0.000
2006   14    1992     0.000
2006   15    1991     0.000
2006   16    1990     0.001
2006   17    1989     0.003
2006   18    1988     0.008
2006   19    1987     0.018
2006   20    1986     0.037
2006   21    1985     0.063
2006   22    1984     0.098
2006   23    1983     0.139
2006   24    1982     0.187
2006   25    1981     0.243
2006   26    1980     0.309
2006   27    1979     0.382
2006   28    1978     0.464
2006   29    1977     0.552
2006   30    1976     0.644
2006   31    1975     0.740
2006   32    1974     0.836
2006   33    1973     0.929
2006   34    1972     1.014
2006   35    1971     1.090
2006   36    1970     1.157
2006   37    1969     1.213
2006   38    1968     1.257
2006   39    1967     1.291
2006   40    1966     1.317
2006   41    1965     1.335
2006   42    1964     1.347
2006   43    1963     1.355
2006   44    1962     1.359
2006   45    1961     1.361
2006   46    1960     1.362
2006   47    1959     1.363
2006   48    1958     1.363
2006   49    1957     1.363
2006   50    1956     1.363
2006   51    1955     1.363
2006   52    1954     1.363
2006   53    1953     1.363
2006   54    1952     1.363
2006   55    1951     1.363
2007   12    1995     0.000
2007   13    1994     0.000
2007   14    1993     0.000
2007   15    1992     0.000
2007   16    1991     0.001
2007   17    1990     0.003
2007   18    1989     0.008
2007   19    1988     0.018
2007   20    1987     0.035
2007   21    1986     0.061
2007   22    1985     0.093
2007   23    1984     0.133
2007   24    1983     0.181
2007   25    1982     0.235
2007   26    1981     0.299
2007   27    1980     0.372
2007   28    1979     0.454
2007   29    1978     0.543
2007   30    1977     0.638
2007   31    1976     0.737
2007   32    1975     0.837
2007   33    1974     0.932
2007   34    1973     1.023
2007   35    1972     1.105
2007   36    1971     1.176
2007   37    1970     1.237
2007   38    1969     1.285
2007   39    1968     1.322
2007   40    1967     1.349
2007   41    1966     1.369
2007   42    1965     1.382
2007   43    1964     1.390
2007   44    1963     1.395
2007   45    1962     1.397
2007   46    1961     1.398
2007   47    1960     1.399
2007   48    1959     1.399
2007   49    1958     1.399
2007   50    1957     1.399
2007   51    1956     1.399
2007   52    1955     1.399
2007   53    1954     1.399
2007   54    1953     1.399
2007   55    1952     1.399
2008   12    1996     0.000
2008   13    1995     0.000
2008   14    1994     0.000
2008   15    1993     0.000
2008   16    1992     0.001
2008   17    1991     0.003
2008   18    1990     0.008
2008   19    1989     0.017
2008   20    1988     0.034
2008   21    1987     0.058
2008   22    1986     0.089
2008   23    1985     0.127
2008   24    1984     0.172
2008   25    1983     0.225
2008   26    1982     0.286
2008   27    1981     0.357
2008   28    1980     0.437
2008   29    1979     0.526
2008   30    1978     0.620
2008   31    1977     0.719
2008   32    1976     0.819
2008   33    1975     0.917
2008   34    1974     1.009
2008   35    1973     1.093
2008   36    1972     1.167
2008   37    1971     1.230
2008   38    1970     1.280
2008   39    1969     1.320
2008   40    1968     1.349
2008   41    1967     1.370
2008   42    1966     1.384
2008   43    1965     1.393
2008   44    1964     1.398
2008   45    1963     1.400
2008   46    1962     1.402
2008   47    1961     1.402
2008   48    1960     1.402
2008   49    1959     1.403
2008   50    1958     1.403
2008   51    1957     1.403
2008   52    1956     1.403
2008   53    1955     1.403
2008   54    1954     1.403
2008   55    1953     1.403
2009   12    1997     0.000
2009   13    1996     0.000
2009   14    1995     0.000
2009   15    1994     0.000
2009   16    1993     0.001
2009   17    1992     0.002
2009   18    1991     0.007
2009   19    1990     0.015
2009   20    1989     0.030
2009   21    1988     0.053
2009   22    1987     0.082
2009   23    1986     0.117
2009   24    1985     0.159
2009   25    1984     0.210
2009   26    1983     0.269
2009   27    1982     0.337
2009   28    1981     0.414
2009   29    1980     0.499
2009   30    1979     0.591
2009   31    1978     0.688
2009   32    1977     0.787
2009   33    1976     0.884
2009   34    1975     0.975
2009   35    1974     1.060
2009   36    1973     1.134
2009   37    1972     1.198
2009   38    1971     1.249
2009   39    1970     1.289
2009   40    1969     1.320
2009   41    1968     1.342
2009   42    1967     1.357
2009   43    1966     1.365
2009   44    1965     1.370
2009   45    1964     1.373
2009   46    1963     1.374
2009   47    1962     1.375
2009   48    1961     1.375
2009   49    1960     1.375
2009   50    1959     1.375
2009   51    1958     1.375
2009   52    1957     1.375
2009   53    1956     1.375
2009   54    1955     1.375
2009   55    1954     1.375
2010   12    1998     0.000
2010   13    1997     0.000
2010   14    1996     0.000
2010   15    1995     0.000
2010   16    1994     0.001
2010   17    1993     0.002
2010   18    1992     0.007
2010   19    1991     0.015
2010   20    1990     0.030
2010   21    1989     0.051
2010   22    1988     0.079
2010   23    1987     0.113
2010   24    1986     0.154
2010   25    1985     0.203
2010   26    1984     0.262
2010   27    1983     0.330
2010   28    1982     0.407
2010   29    1981     0.494
2010   30    1980     0.588
2010   31    1979     0.687
2010   32    1978     0.790
2010   33    1977     0.889
2010   34    1976     0.985
2010   35    1975     1.072
2010   36    1974     1.151
2010   37    1973     1.218
2010   38    1972     1.273
2010   39    1971     1.316
2010   40    1970     1.348
2010   41    1969     1.372
2010   42    1968     1.388
2010   43    1967     1.397
2010   44    1966     1.402
2010   45    1965     1.405
2010   46    1964     1.407
2010   47    1963     1.407
2010   48    1962     1.408
2010   49    1961     1.408
2010   50    1960     1.408
2010   51    1959     1.408
2010   52    1958     1.408
2010   53    1957     1.408
2010   54    1956     1.408
2010   55    1955     1.408
2011   12    1999     0.000
2011   13    1998     0.000
2011   14    1997     0.000
2011   15    1996     0.000
2011   16    1995     0.001
2011   17    1994     0.002
2011   18    1993     0.006
2011   19    1992     0.014
2011   20    1991     0.028
2011   21    1990     0.047
2011   22    1989     0.073
2011   23    1988     0.105
2011   24    1987     0.143
2011   25    1986     0.189
2011   26    1985     0.244
2011   27    1984     0.310
2011   28    1983     0.383
2011   29    1982     0.467
2011   30    1981     0.559
2011   31    1980     0.657
2011   32    1979     0.758
2011   33    1978     0.858
2011   34    1977     0.952
2011   35    1976     1.040
2011   36    1975     1.118
2011   37    1974     1.187
2011   38    1973     1.243
2011   39    1972     1.286
2011   40    1971     1.319
2011   41    1970     1.344
2011   42    1969     1.360
2011   43    1968     1.369
2011   44    1967     1.375
2011   45    1966     1.378
2011   46    1965     1.379
2011   47    1964     1.380
2011   48    1963     1.380
2011   49    1962     1.380
2011   50    1961     1.380
2011   51    1960     1.380
2011   52    1959     1.380
2011   53    1958     1.380
2011   54    1957     1.380
2011   55    1956     1.380
2012   12    2000     0.000
2012   13    1999     0.000
2012   14    1998     0.000
2012   15    1997     0.000
2012   16    1996     0.001
2012   17    1995     0.002
2012   18    1994     0.006
2012   19    1993     0.014
2012   20    1992     0.027
2012   21    1991     0.047
2012   22    1990     0.072
2012   23    1989     0.104
2012   24    1988     0.141
2012   25    1987     0.186
2012   26    1986     0.240
2012   27    1985     0.305
2012   28    1984     0.379
2012   29    1983     0.463
2012   30    1982     0.555
2012   31    1981     0.655
2012   32    1980     0.758
2012   33    1979     0.860
2012   34    1978     0.957
2012   35    1977     1.047
2012   36    1976     1.127
2012   37    1975     1.197
2012   38    1974     1.255
2012   39    1973     1.300
2012   40    1972     1.335
2012   41    1971     1.361
2012   42    1970     1.377
2012   43    1969     1.387
2012   44    1968     1.393
2012   45    1967     1.396
2012   46    1966     1.398
2012   47    1965     1.398
2012   48    1964     1.399
2012   49    1963     1.399
2012   50    1962     1.399
2012   51    1961     1.399
2012   52    1960     1.399
2012   53    1959     1.399
2012   54    1958     1.399
2012   55    1957     1.399
2013   12    2001     0.000
2013   13    2000     0.000
2013   14    1999     0.000
2013   15    1998     0.000
2013   16    1997     0.001
2013   17    1996     0.002
2013   18    1995     0.006
2013   19    1994     0.014
2013   20    1993     0.027
2013   21    1992     0.045
2013   22    1991     0.070
2013   23    1990     0.099
2013   24    1989     0.135
2013   25    1988     0.179
2013   26    1987     0.232
2013   27    1986     0.296
2013   28    1985     0.369
2013   29    1984     0.453
2013   30    1983     0.545
2013   31    1982     0.644
2013   32    1981     0.749
2013   33    1980     0.853
2013   34    1979     0.952
2013   35    1978     1.045
2013   36    1977     1.128
2013   37    1976     1.200
2013   38    1975     1.260
2013   39    1974     1.308
2013   40    1973     1.345
2013   41    1972     1.372
2013   42    1971     1.389
2013   43    1970     1.400
2013   44    1969     1.406
2013   45    1968     1.409
2013   46    1967     1.411
2013   47    1966     1.412
2013   48    1965     1.412
2013   49    1964     1.412
2013   50    1963     1.412
2013   51    1962     1.412
2013   52    1961     1.412
2013   53    1960     1.412
2013   54    1959     1.412
2013   55    1958     1.412
2014   12    2002     0.000
2014   13    2001     0.000
2014   14    2000     0.000
2014   15    1999     0.000
2014   16    1998     0.001
2014   17    1997     0.002
2014   18    1996     0.006
2014   19    1995     0.014
2014   20    1994     0.027
2014   21    1993     0.046
2014   22    1992     0.069
2014   23    1991     0.099
2014   24    1990     0.135
2014   25    1989     0.179
2014   26    1988     0.232
2014   27    1987     0.297
2014   28    1986     0.372
2014   29    1985     0.458
2014   30    1984     0.554
2014   31    1983     0.659
2014   32    1982     0.769
2014   33    1981     0.878
2014   34    1980     0.983
2014   35    1979     1.080
2014   36    1978     1.168
2014   37    1977     1.244
2014   38    1976     1.307
2014   39    1975     1.357
2014   40    1974     1.397
2014   41    1973     1.426
2014   42    1972     1.445
2014   43    1971     1.457
2014   44    1970     1.464
2014   45    1969     1.467
2014   46    1968     1.469
2014   47    1967     1.470
2014   48    1966     1.470
2014   49    1965     1.470
2014   50    1964     1.470
2014   51    1963     1.470
2014   52    1962     1.470
2014   53    1961     1.471
2014   54    1960     1.471
2014   55    1959     1.471
2015   12    2003     0.000
2015   13    2002     0.000
2015   14    2001     0.000
2015   15    2000     0.000
2015   16    1999     0.001
2015   17    1998     0.003
2015   18    1997     0.007
2015   19    1996     0.014
2015   20    1995     0.027
2015   21    1994     0.046
2015   22    1993     0.070
2015   23    1992     0.100
2015   24    1991     0.137
2015   25    1990     0.181
2015   26    1989     0.234
2015   27    1988     0.299
2015   28    1987     0.375
2015   29    1986     0.463
2015   30    1985     0.561
2015   31    1984     0.668
2015   32    1983     0.780
2015   33    1982     0.892
2015   34    1981     1.000
2015   35    1980     1.100
2015   36    1979     1.190
2015   37    1978     1.269
2015   38    1977     1.334
2015   39    1976     1.386
2015   40    1975     1.426
2015   41    1974     1.456
2015   42    1973     1.477
2015   43    1972     1.489
2015   44    1971     1.496
2015   45    1970     1.499
2015   46    1969     1.501
2015   47    1968     1.502
2015   48    1967     1.503
2015   49    1966     1.503
2015   50    1965     1.503
2015   51    1964     1.503
2015   52    1963     1.503
2015   53    1962     1.503
2015   54    1961     1.503
2015   55    1960     1.503
2016   12    2004     0.000
2016   13    2003     0.000
2016   14    2002     0.000
2016   15    2001     0.000
2016   16    2000     0.001
2016   17    1999     0.003
2016   18    1998     0.008
2016   19    1997     0.016
2016   20    1996     0.032
2016   21    1995     0.053
2016   22    1994     0.081
2016   23    1993     0.115
2016   24    1992     0.154
2016   25    1991     0.201
2016   26    1990     0.257
2016   27    1989     0.325
2016   28    1988     0.405
2016   29    1987     0.497
2016   30    1986     0.600
2016   31    1985     0.712
2016   32    1984     0.831
2016   33    1983     0.950
2016   34    1982     1.063
2016   35    1981     1.169
2016   36    1980     1.265
2016   37    1979     1.349
2016   38    1978     1.418
2016   39    1977     1.474
2016   40    1976     1.517
2016   41    1975     1.550
2016   42    1974     1.571
2016   43    1973     1.585
2016   44    1972     1.593
2016   45    1971     1.597
2016   46    1970     1.599
2016   47    1969     1.600
2016   48    1968     1.600
2016   49    1967     1.601
2016   50    1966     1.601
2016   51    1965     1.601
2016   52    1964     1.601
2016   53    1963     1.601
2016   54    1962     1.601
2016   55    1961     1.601
2017   12    2005     0.000
2017   13    2004     0.000
2017   14    2003     0.000
2017   15    2002     0.000
2017   16    2001     0.001
2017   17    2000     0.002
2017   18    1999     0.006
2017   19    1998     0.014
2017   20    1997     0.027
2017   21    1996     0.046
2017   22    1995     0.072
2017   23    1994     0.103
2017   24    1993     0.141
2017   25    1992     0.185
2017   26    1991     0.240
2017   27    1990     0.306
2017   28    1989     0.384
2017   29    1988     0.474
2017   30    1987     0.576
2017   31    1986     0.687
2017   32    1985     0.805
2017   33    1984     0.924
2017   34    1983     1.038
2017   35    1982     1.144
2017   36    1981     1.239
2017   37    1980     1.324
2017   38    1979     1.393
2017   39    1978     1.449
2017   40    1977     1.493
2017   41    1976     1.526
2017   42    1975     1.547
2017   43    1974     1.561
2017   44    1973     1.569
2017   45    1972     1.573
2017   46    1971     1.576
2017   47    1970     1.577
2017   48    1969     1.577
2017   49    1968     1.578
2017   50    1967     1.578
2017   51    1966     1.578
2017   52    1965     1.578
2017   53    1964     1.578
2017   54    1963     1.578
2017   55    1962     1.578
