Germany, Period fertility rates by calendar year, age, birth cohort and birth order (Lexis triangles)
Last modified: 04/02/2019
Year   Age   Cohort      ASFR       ASFR1       ASFR2       ASFR3       ASFR4      ASFR5p
2009   12-       .    0.00000     0.00000     0.00000     0.00000     0.00000     0.00000
2009   13     1996    0.00000     0.00000     0.00000     0.00000     0.00000     0.00000
2009   13     1995    0.00008     0.00008     0.00000     0.00000     0.00000     0.00000
2009   14     1995    0.00020     0.00020     0.00000     0.00000     0.00000     0.00000
2009   14     1994    0.00051     0.00051     0.00000     0.00000     0.00000     0.00000
2009   15     1994    0.00076     0.00074     0.00002     0.00000     0.00000     0.00000
2009   15     1993    0.00190     0.00186     0.00004     0.00000     0.00000     0.00000
2009   16     1993    0.00272     0.00267     0.00006     0.00000     0.00000     0.00000
2009   16     1992    0.00470     0.00454     0.00016     0.00000     0.00000     0.00000
2009   17     1992    0.00592     0.00566     0.00024     0.00000     0.00000     0.00000
2009   17     1991    0.00867     0.00806     0.00056     0.00004     0.00000     0.00000
2009   18     1991    0.01041     0.00952     0.00081     0.00007     0.00000     0.00000
2009   18     1990    0.01533     0.01371     0.00149     0.00012     0.00001     0.00000
2009   19     1990    0.01789     0.01578     0.00195     0.00015     0.00001     0.00000
2009   19     1989    0.02252     0.01908     0.00312     0.00030     0.00002     0.00000
2009   20     1989    0.02490     0.02063     0.00384     0.00041     0.00003     0.00000
2009   20     1988    0.02949     0.02312     0.00556     0.00073     0.00008     0.00000
2009   21     1988    0.03174     0.02419     0.00648     0.00094     0.00012     0.00003
2009   21     1987    0.03600     0.02609     0.00828     0.00140     0.00018     0.00005
2009   22     1987    0.03819     0.02703     0.00920     0.00167     0.00023     0.00006
2009   22     1986    0.04274     0.02895     0.01096     0.00233     0.00041     0.00008
2009   23     1986    0.04516     0.03000     0.01189     0.00265     0.00051     0.00010
2009   23     1985    0.05043     0.03242     0.01392     0.00320     0.00071     0.00019
2009   24     1985    0.05331     0.03380     0.01496     0.00351     0.00081     0.00023
2009   24     1984    0.05981     0.03723     0.01707     0.00423     0.00101     0.00027
2009   25     1984    0.06294     0.03879     0.01816     0.00458     0.00112     0.00030
2009   25     1983    0.06882     0.04155     0.02029     0.00519     0.00133     0.00046
2009   26     1983    0.07180     0.04277     0.02150     0.00557     0.00143     0.00053
2009   26     1982    0.07770     0.04462     0.02430     0.00653     0.00161     0.00064
2009   27     1982    0.08043     0.04550     0.02559     0.00692     0.00172     0.00070
2009   27     1981    0.08516     0.04701     0.02784     0.00744     0.00198     0.00089
2009   28     1981    0.08749     0.04768     0.02894     0.00778     0.00211     0.00098
2009   28     1980    0.09191     0.04880     0.03096     0.00869     0.00235     0.00110
2009   29     1980    0.09380     0.04912     0.03196     0.00909     0.00248     0.00115
2009   29     1979    0.09682     0.04922     0.03391     0.00974     0.00274     0.00122
2009   30     1979    0.09782     0.04895     0.03470     0.01006     0.00284     0.00127
2009   30     1978    0.09866     0.04780     0.03576     0.01071     0.00293     0.00146
2009   31     1978    0.09841     0.04671     0.03623     0.01095     0.00299     0.00153
2009   31     1977    0.09638     0.04351     0.03693     0.01117     0.00313     0.00164
2009   32     1977    0.09501     0.04190     0.03691     0.01134     0.00319     0.00166
2009   32     1976    0.09133     0.03861     0.03606     0.01177     0.00329     0.00159
2009   33     1976    0.08925     0.03677     0.03560     0.01189     0.00338     0.00162
2009   33     1975    0.08474     0.03280     0.03456     0.01186     0.00365     0.00186
2009   34     1975    0.08173     0.03090     0.03343     0.01183     0.00365     0.00191
2009   34     1974    0.07440     0.02725     0.03023     0.01170     0.00337     0.00184
2009   35     1974    0.07096     0.02553     0.02871     0.01157     0.00332     0.00184
2009   35     1973    0.06446     0.02230     0.02569     0.01124     0.00332     0.00192
2009   36     1973    0.06057     0.02061     0.02406     0.01076     0.00324     0.00190
2009   36     1972    0.05216     0.01729     0.02077     0.00937     0.00295     0.00178
2009   37     1972    0.04823     0.01576     0.01918     0.00874     0.00283     0.00172
2009   37     1971    0.04074     0.01293     0.01610     0.00752     0.00258     0.00162
2009   38     1971    0.03731     0.01167     0.01463     0.00702     0.00243     0.00155
2009   38     1970    0.03093     0.00939     0.01183     0.00623     0.00211     0.00138
2009   39     1970    0.02796     0.00846     0.01055     0.00567     0.00197     0.00131
2009   39     1969    0.02252     0.00691     0.00824     0.00444     0.00174     0.00119
2009   40     1969    0.01994     0.00612     0.00718     0.00393     0.00158     0.00113
2009   40     1968    0.01529     0.00469     0.00530     0.00304     0.00124     0.00102
2009   41     1968    0.01309     0.00396     0.00449     0.00262     0.00109     0.00092
2009   41     1967    0.00919     0.00263     0.00314     0.00191     0.00083     0.00068
2009   42     1967    0.00770     0.00218     0.00259     0.00160     0.00072     0.00061
2009   42     1966    0.00533     0.00150     0.00172     0.00107     0.00054     0.00050
2009   43     1966    0.00438     0.00123     0.00134     0.00089     0.00046     0.00046
2009   43     1965    0.00290     0.00078     0.00076     0.00061     0.00034     0.00041
2009   44     1965    0.00232     0.00063     0.00059     0.00049     0.00028     0.00034
2009   44     1964    0.00146     0.00043     0.00036     0.00030     0.00016     0.00022
2009   45     1964    0.00112     0.00033     0.00028     0.00023     0.00012     0.00017
2009   45     1963    0.00064     0.00018     0.00017     0.00013     0.00007     0.00010
2009   46     1963    0.00049     0.00014     0.00012     0.00009     0.00005     0.00008
2009   46     1962    0.00027     0.00009     0.00006     0.00005     0.00002     0.00005
2009   47     1962    0.00022     0.00008     0.00005     0.00004     0.00002     0.00004
2009   47     1961    0.00016     0.00006     0.00004     0.00004     0.00002     0.00001
2009   48     1961    0.00013     0.00004     0.00003     0.00003     0.00002     0.00001
2009   48     1960    0.00008     0.00003     0.00002     0.00002     0.00001     0.00001
2009   49     1960    0.00007     0.00002     0.00002     0.00002     0.00001     0.00001
2009   49     1959    0.00005     0.00002     0.00001     0.00001     0.00001     0.00001
2009   50     1959    0.00005     0.00002     0.00001     0.00001     0.00000     0.00001
2009   50     1958    0.00003     0.00002     0.00001     0.00001     0.00000     0.00001
2009   51     1958    0.00003     0.00001     0.00001     0.00000     0.00000     0.00000
2009   51     1957    0.00002     0.00001     0.00000     0.00000     0.00000     0.00000
2009   52     1957    0.00002     0.00001     0.00000     0.00000     0.00000     0.00000
2009   52     1956    0.00001     0.00001     0.00000     0.00000     0.00000     0.00000
2009   53     1956    0.00001     0.00001     0.00000     0.00000     0.00000     0.00000
2009   53     1955    0.00001     0.00000     0.00000     0.00000     0.00000     0.00000
2009   54     1955    0.00000     0.00000     0.00000     0.00000     0.00000     0.00000
2009   54     1954    0.00000     0.00000     0.00000     0.00000     0.00000     0.00000
2009   55+       .    0.00000     0.00000     0.00000     0.00000     0.00000     0.00000
2010   12-       .    0.00000     0.00000     0.00000     0.00000     0.00000     0.00000
2010   13     1997    0.00000     0.00000     0.00000     0.00000     0.00000     0.00000
2010   13     1996    0.00008     0.00008     0.00000     0.00000     0.00000     0.00000
2010   14     1996    0.00020     0.00020     0.00000     0.00000     0.00000     0.00000
2010   14     1995    0.00049     0.00049     0.00000     0.00000     0.00000     0.00000
2010   15     1995    0.00073     0.00072     0.00000     0.00000     0.00000     0.00000
2010   15     1994    0.00186     0.00182     0.00004     0.00000     0.00000     0.00000
2010   16     1994    0.00268     0.00261     0.00007     0.00000     0.00000     0.00000
2010   16     1993    0.00455     0.00437     0.00017     0.00000     0.00000     0.00000
2010   17     1993    0.00573     0.00546     0.00025     0.00002     0.00000     0.00000
2010   17     1992    0.00861     0.00802     0.00056     0.00003     0.00000     0.00000
2010   18     1992    0.01041     0.00957     0.00080     0.00004     0.00000     0.00000
2010   18     1991    0.01533     0.01362     0.00160     0.00010     0.00001     0.00000
2010   19     1991    0.01782     0.01554     0.00212     0.00014     0.00001     0.00000
2010   19     1990    0.02186     0.01839     0.00311     0.00032     0.00004     0.00000
2010   20     1990    0.02402     0.01978     0.00373     0.00044     0.00006     0.00000
2010   20     1989    0.02848     0.02231     0.00531     0.00074     0.00010     0.00001
2010   21     1989    0.03069     0.02343     0.00618     0.00094     0.00013     0.00002
2010   21     1988    0.03506     0.02534     0.00808     0.00140     0.00021     0.00003
2010   22     1988    0.03728     0.02628     0.00903     0.00167     0.00027     0.00003
2010   22     1987    0.04178     0.02822     0.01077     0.00230     0.00044     0.00006
2010   23     1987    0.04422     0.02931     0.01170     0.00262     0.00053     0.00007
2010   23     1986    0.04953     0.03186     0.01368     0.00322     0.00064     0.00014
2010   24     1986    0.05253     0.03336     0.01471     0.00355     0.00072     0.00019
2010   24     1985    0.05959     0.03711     0.01681     0.00436     0.00103     0.00027
2010   25     1985    0.06298     0.03880     0.01796     0.00473     0.00116     0.00033
2010   25     1984    0.06935     0.04180     0.02053     0.00530     0.00129     0.00043
2010   26     1984    0.07244     0.04314     0.02179     0.00563     0.00137     0.00050
2010   26     1983    0.07799     0.04518     0.02413     0.00641     0.00158     0.00069
2010   27     1983    0.08088     0.04622     0.02540     0.00680     0.00170     0.00076
2010   27     1982    0.08676     0.04819     0.02823     0.00756     0.00196     0.00082
2010   28     1982    0.08938     0.04897     0.02949     0.00796     0.00209     0.00087
2010   28     1981    0.09377     0.05004     0.03153     0.00880     0.00234     0.00106
2010   29     1981    0.09574     0.05039     0.03254     0.00919     0.00246     0.00116
2010   29     1980    0.09897     0.05065     0.03439     0.00989     0.00265     0.00138
2010   30     1980    0.10018     0.05045     0.03524     0.01025     0.00276     0.00148
2010   30     1979    0.10175     0.04946     0.03669     0.01096     0.00301     0.00162
2010   31     1979    0.10165     0.04833     0.03730     0.01123     0.00311     0.00167
2010   31     1978    0.09945     0.04481     0.03823     0.01150     0.00324     0.00166
2010   32     1978    0.09817     0.04316     0.03831     0.01171     0.00330     0.00170
2010   32     1977    0.09504     0.03994     0.03761     0.01225     0.00335     0.00189
2010   33     1977    0.09291     0.03811     0.03712     0.01238     0.00337     0.00193
2010   33     1976    0.08751     0.03414     0.03579     0.01235     0.00339     0.00183
2010   34     1976    0.08473     0.03231     0.03477     0.01237     0.00344     0.00184
2010   34     1975    0.07899     0.02890     0.03210     0.01244     0.00362     0.00194
2010   35     1975    0.07557     0.02704     0.03060     0.01232     0.00363     0.00197
2010   35     1974    0.06795     0.02322     0.02731     0.01188     0.00351     0.00204
2010   36     1974    0.06399     0.02140     0.02566     0.01144     0.00345     0.00203
2010   36     1973    0.05593     0.01794     0.02243     0.01025     0.00334     0.00197
2010   37     1973    0.05178     0.01639     0.02067     0.00963     0.00317     0.00191
2010   37     1972    0.04349     0.01362     0.01708     0.00835     0.00268     0.00177
2010   38     1972    0.03982     0.01235     0.01556     0.00775     0.00251     0.00166
2010   38     1971    0.03310     0.01000     0.01289     0.00657     0.00225     0.00139
2010   39     1971    0.03005     0.00901     0.01156     0.00604     0.00212     0.00131
2010   39     1970    0.02456     0.00727     0.00905     0.00511     0.00189     0.00124
2010   40     1970    0.02171     0.00646     0.00785     0.00450     0.00172     0.00117
2010   40     1969    0.01637     0.00506     0.00570     0.00325     0.00137     0.00100
2010   41     1969    0.01399     0.00428     0.00482     0.00278     0.00119     0.00092
2010   41     1968    0.00989     0.00285     0.00338     0.00202     0.00086     0.00078
2010   42     1968    0.00823     0.00235     0.00278     0.00169     0.00074     0.00067
2010   42     1967    0.00559     0.00161     0.00183     0.00113     0.00058     0.00044
2010   43     1967    0.00454     0.00129     0.00146     0.00092     0.00048     0.00039
2010   43     1966    0.00290     0.00077     0.00091     0.00059     0.00031     0.00033
2010   44     1966    0.00236     0.00063     0.00072     0.00048     0.00025     0.00028
2010   44     1965    0.00160     0.00045     0.00047     0.00032     0.00016     0.00020
2010   45     1965    0.00125     0.00034     0.00037     0.00025     0.00013     0.00016
2010   45     1964    0.00071     0.00017     0.00021     0.00016     0.00009     0.00009
2010   46     1964    0.00055     0.00014     0.00016     0.00012     0.00006     0.00007
2010   46     1963    0.00034     0.00010     0.00009     0.00007     0.00003     0.00005
2010   47     1963    0.00026     0.00008     0.00007     0.00004     0.00002     0.00004
2010   47     1962    0.00013     0.00004     0.00004     0.00001     0.00001     0.00002
2010   48     1962    0.00011     0.00004     0.00004     0.00001     0.00001     0.00002
2010   48     1961    0.00010     0.00004     0.00003     0.00001     0.00000     0.00002
2010   49     1961    0.00009     0.00003     0.00002     0.00001     0.00000     0.00002
2010   49     1960    0.00006     0.00002     0.00002     0.00001     0.00000     0.00000
2010   50     1960    0.00005     0.00002     0.00002     0.00001     0.00000     0.00000
2010   50     1959    0.00004     0.00001     0.00001     0.00001     0.00000     0.00001
2010   51     1959    0.00004     0.00001     0.00001     0.00001     0.00000     0.00001
2010   51     1958    0.00003     0.00001     0.00001     0.00000     0.00000     0.00001
2010   52     1958    0.00002     0.00001     0.00001     0.00000     0.00000     0.00000
2010   52     1957    0.00001     0.00001     0.00001     0.00000     0.00000     0.00000
2010   53     1957    0.00001     0.00000     0.00000     0.00000     0.00000     0.00000
2010   53     1956    0.00001     0.00000     0.00000     0.00000     0.00000     0.00000
2010   54     1956    0.00000     0.00000     0.00000     0.00000     0.00000     0.00000
2010   54     1955    0.00000     0.00000     0.00000     0.00000     0.00000     0.00000
2010   55+       .    0.00000     0.00000     0.00000     0.00000     0.00000     0.00000
2011   12-       .    0.00000     0.00000     0.00000     0.00000     0.00000     0.00000
2011   13     1998    0.00000     0.00000     0.00000     0.00000     0.00000     0.00000
2011   13     1997    0.00007     0.00007     0.00000     0.00000     0.00000     0.00000
2011   14     1997    0.00018     0.00018     0.00000     0.00000     0.00000     0.00000
2011   14     1996    0.00055     0.00055     0.00000     0.00000     0.00000     0.00000
2011   15     1996    0.00082     0.00081     0.00001     0.00000     0.00000     0.00000
2011   15     1995    0.00177     0.00174     0.00003     0.00000     0.00000     0.00000
2011   16     1995    0.00242     0.00238     0.00004     0.00000     0.00000     0.00000
2011   16     1994    0.00420     0.00406     0.00013     0.00000     0.00000     0.00000
2011   17     1994    0.00530     0.00507     0.00022     0.00000     0.00000     0.00000
2011   17     1993    0.00782     0.00726     0.00053     0.00003     0.00000     0.00000
2011   18     1993    0.00948     0.00864     0.00077     0.00006     0.00001     0.00000
2011   18     1992    0.01440     0.01285     0.00142     0.00011     0.00001     0.00000
2011   19     1992    0.01688     0.01485     0.00186     0.00016     0.00001     0.00000
2011   19     1991    0.02070     0.01744     0.00287     0.00035     0.00003     0.00001
2011   20     1991    0.02273     0.01873     0.00348     0.00046     0.00005     0.00001
2011   20     1990    0.02692     0.02120     0.00500     0.00062     0.00008     0.00001
2011   21     1990    0.02887     0.02222     0.00578     0.00074     0.00011     0.00002
2011   21     1989    0.03229     0.02372     0.00722     0.00116     0.00018     0.00003
2011   22     1989    0.03421     0.02455     0.00801     0.00139     0.00022     0.00004
2011   22     1988    0.03864     0.02648     0.00983     0.00189     0.00037     0.00006
2011   23     1988    0.04103     0.02758     0.01072     0.00218     0.00046     0.00009
2011   23     1987    0.04636     0.03035     0.01238     0.00281     0.00065     0.00018
2011   24     1987    0.04932     0.03189     0.01332     0.00314     0.00074     0.00022
2011   24     1986    0.05612     0.03561     0.01554     0.00380     0.00090     0.00026
2011   25     1986    0.05948     0.03733     0.01668     0.00418     0.00099     0.00030
2011   25     1985    0.06605     0.04031     0.01897     0.00513     0.00120     0.00044
2011   26     1985    0.06919     0.04172     0.02015     0.00551     0.00131     0.00050
2011   26     1984    0.07472     0.04410     0.02255     0.00591     0.00154     0.00062
2011   27     1984    0.07770     0.04534     0.02384     0.00620     0.00165     0.00068
2011   27     1983    0.08409     0.04788     0.02662     0.00694     0.00182     0.00082
2011   28     1983    0.08690     0.04874     0.02802     0.00733     0.00192     0.00089
2011   28     1982    0.09156     0.04935     0.03082     0.00819     0.00215     0.00105
2011   29     1982    0.09363     0.04974     0.03196     0.00857     0.00225     0.00112
2011   29     1981    0.09688     0.05065     0.03348     0.00918     0.00238     0.00120
2011   30     1981    0.09821     0.05054     0.03434     0.00958     0.00250     0.00125
2011   30     1980    0.10015     0.04922     0.03610     0.01060     0.00286     0.00138
2011   31     1980    0.10036     0.04820     0.03675     0.01099     0.00297     0.00144
2011   31     1979    0.09929     0.04559     0.03757     0.01153     0.00304     0.00156
2011   32     1979    0.09794     0.04373     0.03778     0.01172     0.00308     0.00162
2011   32     1978    0.09337     0.03892     0.03774     0.01185     0.00316     0.00170
2011   33     1978    0.09126     0.03706     0.03736     0.01191     0.00320     0.00174
2011   33     1977    0.08708     0.03407     0.03594     0.01199     0.00329     0.00179
2011   34     1977    0.08452     0.03241     0.03497     0.01199     0.00333     0.00183
2011   34     1976    0.07866     0.02897     0.03249     0.01186     0.00338     0.00195
2011   35     1976    0.07551     0.02727     0.03109     0.01177     0.00339     0.00199
2011   35     1975    0.06888     0.02400     0.02800     0.01155     0.00334     0.00199
2011   36     1975    0.06511     0.02221     0.02635     0.01127     0.00330     0.00198
2011   36     1974    0.05708     0.01857     0.02296     0.01045     0.00318     0.00193
2011   37     1974    0.05291     0.01688     0.02118     0.00988     0.00309     0.00188
2011   37     1973    0.04437     0.01371     0.01758     0.00847     0.00284     0.00177
2011   38     1973    0.04073     0.01246     0.01602     0.00788     0.00269     0.00169
2011   38     1972    0.03434     0.01042     0.01322     0.00689     0.00234     0.00148
2011   39     1972    0.03117     0.00944     0.01193     0.00624     0.00216     0.00140
2011   39     1971    0.02517     0.00766     0.00963     0.00484     0.00179     0.00125
2011   40     1971    0.02227     0.00673     0.00841     0.00430     0.00165     0.00117
2011   40     1970    0.01698     0.00500     0.00612     0.00341     0.00142     0.00103
2011   41     1970    0.01449     0.00423     0.00515     0.00294     0.00127     0.00091
2011   41     1969    0.01012     0.00292     0.00353     0.00208     0.00096     0.00063
2011   42     1969    0.00847     0.00242     0.00292     0.00175     0.00081     0.00056
2011   42     1968    0.00591     0.00167     0.00198     0.00121     0.00057     0.00048
2011   43     1968    0.00482     0.00135     0.00159     0.00099     0.00046     0.00043
2011   43     1967    0.00307     0.00085     0.00098     0.00064     0.00029     0.00032
2011   44     1967    0.00247     0.00068     0.00076     0.00053     0.00024     0.00027
2011   44     1966    0.00163     0.00044     0.00044     0.00037     0.00018     0.00019
2011   45     1966    0.00126     0.00034     0.00033     0.00028     0.00015     0.00016
2011   45     1965    0.00071     0.00019     0.00017     0.00014     0.00010     0.00011
2011   46     1965    0.00054     0.00015     0.00013     0.00010     0.00007     0.00008
2011   46     1964    0.00031     0.00010     0.00009     0.00005     0.00004     0.00004
2011   47     1964    0.00024     0.00008     0.00007     0.00004     0.00003     0.00003
2011   47     1963    0.00016     0.00005     0.00004     0.00003     0.00001     0.00003
2011   48     1963    0.00014     0.00004     0.00003     0.00002     0.00001     0.00003
2011   48     1962    0.00010     0.00003     0.00003     0.00001     0.00001     0.00001
2011   49     1962    0.00009     0.00003     0.00003     0.00001     0.00001     0.00001
2011   49     1961    0.00006     0.00002     0.00001     0.00001     0.00001     0.00001
2011   50     1961    0.00006     0.00002     0.00001     0.00001     0.00001     0.00001
2011   50     1960    0.00005     0.00002     0.00001     0.00000     0.00000     0.00001
2011   51     1960    0.00005     0.00002     0.00001     0.00000     0.00000     0.00001
2011   51     1959    0.00004     0.00002     0.00001     0.00000     0.00000     0.00000
2011   52     1959    0.00003     0.00001     0.00001     0.00000     0.00000     0.00000
2011   52     1958    0.00002     0.00001     0.00001     0.00000     0.00000     0.00000
2011   53     1958    0.00001     0.00001     0.00000     0.00000     0.00000     0.00000
2011   53     1957    0.00001     0.00000     0.00000     0.00000     0.00000     0.00000
2011   54     1957    0.00001     0.00000     0.00000     0.00000     0.00000     0.00000
2011   54     1956    0.00000     0.00000     0.00000     0.00000     0.00000     0.00000
2011   55+       .    0.00000     0.00000     0.00000     0.00000     0.00000     0.00000
2012   12-       .    0.00000     0.00000     0.00000     0.00000     0.00000     0.00000
2012   13     1999    0.00000     0.00000     0.00000     0.00000     0.00000     0.00000
2012   13     1998    0.00007     0.00007     0.00000     0.00000     0.00000     0.00000
2012   14     1998    0.00019     0.00019     0.00000     0.00000     0.00000     0.00000
2012   14     1997    0.00051     0.00051     0.00000     0.00000     0.00000     0.00000
2012   15     1997    0.00076     0.00075     0.00001     0.00000     0.00000     0.00000
2012   15     1996    0.00171     0.00168     0.00003     0.00000     0.00000     0.00000
2012   16     1996    0.00238     0.00232     0.00005     0.00000     0.00000     0.00000
2012   16     1995    0.00422     0.00408     0.00013     0.00000     0.00000     0.00000
2012   17     1995    0.00535     0.00514     0.00021     0.00000     0.00000     0.00000
2012   17     1994    0.00775     0.00720     0.00052     0.00004     0.00000     0.00000
2012   18     1994    0.00930     0.00845     0.00076     0.00008     0.00000     0.00000
2012   18     1993    0.01362     0.01204     0.00147     0.00011     0.00000     0.00000
2012   19     1993    0.01600     0.01390     0.00194     0.00014     0.00002     0.00000
2012   19     1992    0.02104     0.01759     0.00306     0.00036     0.00003     0.00000
2012   20     1992    0.02336     0.01910     0.00372     0.00051     0.00004     0.00000
2012   20     1991    0.02669     0.02066     0.00522     0.00072     0.00009     0.00000
2012   21     1991    0.02839     0.02143     0.00596     0.00086     0.00013     0.00002
2012   21     1990    0.03170     0.02299     0.00722     0.00126     0.00020     0.00003
2012   22     1990    0.03353     0.02384     0.00793     0.00147     0.00025     0.00003
2012   22     1989    0.03778     0.02585     0.00960     0.00193     0.00035     0.00006
2012   23     1989    0.04014     0.02697     0.01049     0.00220     0.00042     0.00007
2012   23     1988    0.04562     0.02955     0.01248     0.00288     0.00061     0.00011
2012   24     1988    0.04854     0.03105     0.01345     0.00319     0.00071     0.00014
2012   24     1987    0.05481     0.03476     0.01522     0.00364     0.00095     0.00023
2012   25     1987    0.05826     0.03661     0.01633     0.00395     0.00108     0.00029
2012   25     1986    0.06617     0.04034     0.01917     0.00492     0.00133     0.00040
2012   26     1986    0.06969     0.04194     0.02053     0.00531     0.00143     0.00047
2012   26     1985    0.07529     0.04432     0.02303     0.00576     0.00157     0.00061
2012   27     1985    0.07830     0.04552     0.02435     0.00611     0.00165     0.00068
2012   27     1984    0.08454     0.04769     0.02703     0.00716     0.00185     0.00081
2012   28     1984    0.08718     0.04851     0.02827     0.00758     0.00195     0.00087
2012   28     1983    0.09097     0.04938     0.03035     0.00813     0.00216     0.00095
2012   29     1983    0.09336     0.05008     0.03153     0.00848     0.00226     0.00101
2012   29     1982    0.09931     0.05215     0.03417     0.00932     0.00247     0.00119
2012   30     1982    0.10111     0.05222     0.03530     0.00974     0.00258     0.00127
2012   30     1981    0.10236     0.05050     0.03711     0.01057     0.00280     0.00138
2012   31     1981    0.10237     0.04935     0.03774     0.01092     0.00292     0.00144
2012   31     1980    0.10075     0.04634     0.03824     0.01142     0.00317     0.00158
2012   32     1980    0.09950     0.04458     0.03841     0.01164     0.00323     0.00164
2012   32     1979    0.09593     0.04056     0.03848     0.01197     0.00319     0.00173
2012   33     1979    0.09387     0.03858     0.03822     0.01208     0.00322     0.00177
2012   33     1978    0.08913     0.03462     0.03717     0.01214     0.00338     0.00182
2012   34     1978    0.08641     0.03274     0.03629     0.01210     0.00342     0.00186
2012   34     1977    0.08024     0.02913     0.03388     0.01183     0.00343     0.00196
2012   35     1977    0.07711     0.02747     0.03249     0.01172     0.00344     0.00197
2012   35     1976    0.07083     0.02451     0.02939     0.01155     0.00350     0.00188
2012   36     1976    0.06703     0.02267     0.02769     0.01131     0.00349     0.00187
2012   36     1975    0.05863     0.01867     0.02407     0.01059     0.00337     0.00193
2012   37     1975    0.05455     0.01702     0.02225     0.01014     0.00327     0.00187
2012   37     1974    0.04653     0.01417     0.01866     0.00909     0.00303     0.00159
2012   38     1974    0.04283     0.01288     0.01701     0.00851     0.00289     0.00154
2012   38     1973    0.03587     0.01052     0.01395     0.00726     0.00259     0.00154
2012   39     1973    0.03263     0.00958     0.01253     0.00664     0.00240     0.00149
2012   39     1972    0.02684     0.00805     0.01001     0.00550     0.00196     0.00132
2012   40     1972    0.02363     0.00711     0.00870     0.00481     0.00177     0.00123
2012   40     1971    0.01738     0.00523     0.00625     0.00343     0.00144     0.00102
2012   41     1971    0.01493     0.00445     0.00531     0.00295     0.00129     0.00093
2012   41     1970    0.01095     0.00315     0.00379     0.00224     0.00102     0.00076
2012   42     1970    0.00917     0.00261     0.00314     0.00188     0.00087     0.00067
2012   42     1969    0.00624     0.00176     0.00210     0.00126     0.00059     0.00052
2012   43     1969    0.00508     0.00143     0.00168     0.00103     0.00049     0.00045
2012   43     1968    0.00328     0.00093     0.00104     0.00067     0.00032     0.00032
2012   44     1968    0.00262     0.00074     0.00081     0.00053     0.00026     0.00027
2012   44     1967    0.00165     0.00045     0.00048     0.00032     0.00018     0.00022
2012   45     1967    0.00131     0.00036     0.00037     0.00026     0.00014     0.00018
2012   45     1966    0.00084     0.00023     0.00023     0.00017     0.00010     0.00012
2012   46     1966    0.00065     0.00019     0.00017     0.00012     0.00008     0.00009
2012   46     1965    0.00035     0.00013     0.00009     0.00005     0.00003     0.00004
2012   47     1965    0.00028     0.00011     0.00008     0.00004     0.00003     0.00003
2012   47     1964    0.00021     0.00008     0.00006     0.00002     0.00003     0.00002
2012   48     1964    0.00018     0.00007     0.00006     0.00002     0.00002     0.00001
2012   48     1963    0.00012     0.00005     0.00004     0.00001     0.00001     0.00000
2012   49     1963    0.00009     0.00004     0.00003     0.00001     0.00001     0.00000
2012   49     1962    0.00004     0.00001     0.00002     0.00001     0.00000     0.00000
2012   50     1962    0.00003     0.00001     0.00001     0.00001     0.00000     0.00000
2012   50     1961    0.00004     0.00001     0.00001     0.00001     0.00000     0.00001
2012   51     1961    0.00004     0.00002     0.00001     0.00001     0.00000     0.00001
2012   51     1960    0.00004     0.00001     0.00001     0.00001     0.00000     0.00001
2012   52     1960    0.00003     0.00001     0.00001     0.00001     0.00000     0.00000
2012   52     1959    0.00002     0.00001     0.00000     0.00000     0.00000     0.00000
2012   53     1959    0.00002     0.00001     0.00000     0.00000     0.00000     0.00000
2012   53     1958    0.00001     0.00000     0.00000     0.00000     0.00000     0.00000
2012   54     1958    0.00001     0.00000     0.00000     0.00000     0.00000     0.00000
2012   54     1957    0.00000     0.00000     0.00000     0.00000     0.00000     0.00000
2012   55+       .    0.00000     0.00000     0.00000     0.00000     0.00000     0.00000
2013   12-       .    0.00000     0.00000     0.00000     0.00000     0.00000     0.00000
2013   13     2000    0.00000     0.00000     0.00000     0.00000     0.00000     0.00000
2013   13     1999    0.00007     0.00007     0.00000     0.00000     0.00000     0.00000
2013   14     1999    0.00017     0.00017     0.00000     0.00000     0.00000     0.00000
2013   14     1998    0.00054     0.00054     0.00000     0.00000     0.00000     0.00000
2013   15     1998    0.00082     0.00081     0.00001     0.00000     0.00000     0.00000
2013   15     1997    0.00167     0.00162     0.00005     0.00000     0.00000     0.00000
2013   16     1997    0.00224     0.00217     0.00008     0.00000     0.00000     0.00000
2013   16     1996    0.00386     0.00369     0.00016     0.00000     0.00000     0.00000
2013   17     1996    0.00493     0.00468     0.00023     0.00002     0.00000     0.00000
2013   17     1995    0.00797     0.00734     0.00057     0.00005     0.00000     0.00000
2013   18     1995    0.00975     0.00886     0.00082     0.00007     0.00000     0.00000
2013   18     1994    0.01357     0.01203     0.00140     0.00014     0.00000     0.00000
2013   19     1994    0.01559     0.01361     0.00180     0.00018     0.00001     0.00000
2013   19     1993    0.01943     0.01611     0.00295     0.00034     0.00003     0.00000
2013   20     1993    0.02139     0.01727     0.00361     0.00045     0.00005     0.00001
2013   20     1992    0.02532     0.01938     0.00503     0.00078     0.00012     0.00002
2013   21     1992    0.02718     0.02030     0.00574     0.00097     0.00016     0.00002
2013   21     1991    0.03050     0.02199     0.00695     0.00133     0.00019     0.00003
2013   22     1991    0.03239     0.02293     0.00766     0.00154     0.00022     0.00004
2013   22     1990    0.03685     0.02507     0.00937     0.00202     0.00034     0.00006
2013   23     1990    0.03916     0.02619     0.01021     0.00227     0.00040     0.00008
2013   23     1989    0.04394     0.02860     0.01181     0.00281     0.00056     0.00016
2013   24     1989    0.04680     0.03011     0.01274     0.00309     0.00066     0.00020
2013   24     1988    0.05386     0.03408     0.01496     0.00369     0.00090     0.00023
2013   25     1988    0.05742     0.03606     0.01611     0.00398     0.00100     0.00027
2013   25     1987    0.06469     0.04025     0.01845     0.00447     0.00111     0.00041
2013   26     1987    0.06814     0.04197     0.01967     0.00481     0.00121     0.00048
2013   26     1986    0.07413     0.04415     0.02203     0.00580     0.00156     0.00060
2013   27     1986    0.07734     0.04535     0.02338     0.00623     0.00172     0.00067
2013   27     1985    0.08404     0.04776     0.02657     0.00688     0.00201     0.00083
2013   28     1985    0.08705     0.04876     0.02801     0.00727     0.00212     0.00089
2013   28     1984    0.09211     0.05027     0.03047     0.00822     0.00222     0.00093
2013   29     1984    0.09438     0.05090     0.03161     0.00860     0.00229     0.00098
2013   29     1983    0.09792     0.05183     0.03340     0.00908     0.00245     0.00116
2013   30     1983    0.09969     0.05197     0.03451     0.00945     0.00254     0.00123
2013   30     1982    0.10330     0.05157     0.03722     0.01049     0.00271     0.00131
2013   31     1982    0.10389     0.05074     0.03810     0.01087     0.00282     0.00136
2013   31     1981    0.10267     0.04792     0.03879     0.01135     0.00311     0.00150
2013   32     1981    0.10148     0.04611     0.03900     0.01156     0.00321     0.00159
2013   32     1980    0.09751     0.04163     0.03891     0.01181     0.00328     0.00187
2013   33     1980    0.09553     0.03964     0.03867     0.01195     0.00334     0.00193
2013   33     1979    0.09135     0.03594     0.03781     0.01225     0.00352     0.00183
2013   34     1979    0.08881     0.03412     0.03701     0.01233     0.00355     0.00180
2013   34     1978    0.08311     0.03070     0.03484     0.01232     0.00349     0.00176
2013   35     1978    0.07968     0.02878     0.03340     0.01226     0.00347     0.00177
2013   35     1977    0.07185     0.02470     0.02987     0.01204     0.00340     0.00184
2013   36     1977    0.06803     0.02289     0.02820     0.01174     0.00337     0.00184
2013   36     1976    0.06044     0.01962     0.02498     0.01078     0.00329     0.00177
2013   37     1976    0.05661     0.01806     0.02328     0.01031     0.00320     0.00177
2013   37     1975    0.04905     0.01511     0.01987     0.00933     0.00294     0.00181
2013   38     1975    0.04524     0.01379     0.01812     0.00874     0.00282     0.00177
2013   38     1974    0.03768     0.01136     0.01465     0.00747     0.00259     0.00160
2013   39     1974    0.03428     0.01033     0.01313     0.00684     0.00243     0.00154
2013   39     1973    0.02819     0.00856     0.01046     0.00564     0.00208     0.00145
2013   40     1973    0.02490     0.00754     0.00917     0.00499     0.00188     0.00133
2013   40     1972    0.01865     0.00558     0.00685     0.00374     0.00147     0.00101
2013   41     1972    0.01596     0.00472     0.00583     0.00320     0.00131     0.00090
2013   41     1971    0.01138     0.00326     0.00410     0.00230     0.00103     0.00069
2013   42     1971    0.00955     0.00275     0.00340     0.00190     0.00088     0.00063
2013   42     1970    0.00660     0.00197     0.00228     0.00122     0.00060     0.00053
2013   43     1970    0.00541     0.00162     0.00181     0.00102     0.00050     0.00047
2013   43     1969    0.00357     0.00103     0.00110     0.00074     0.00034     0.00037
2013   44     1969    0.00284     0.00083     0.00085     0.00059     0.00027     0.00030
2013   44     1968    0.00174     0.00055     0.00051     0.00033     0.00017     0.00019
2013   45     1968    0.00136     0.00043     0.00040     0.00026     0.00013     0.00015
2013   45     1967    0.00081     0.00025     0.00024     0.00017     0.00007     0.00009
2013   46     1967    0.00065     0.00020     0.00019     0.00013     0.00005     0.00008
2013   46     1966    0.00046     0.00014     0.00013     0.00007     0.00004     0.00007
2013   47     1966    0.00035     0.00012     0.00010     0.00005     0.00003     0.00006
2013   47     1965    0.00018     0.00007     0.00004     0.00003     0.00001     0.00002
2013   48     1965    0.00014     0.00006     0.00003     0.00002     0.00001     0.00002
2013   48     1964    0.00011     0.00004     0.00003     0.00002     0.00001     0.00001
2013   49     1964    0.00010     0.00004     0.00002     0.00002     0.00001     0.00001
2013   49     1963    0.00008     0.00003     0.00002     0.00001     0.00001     0.00001
2013   50     1963    0.00007     0.00002     0.00001     0.00001     0.00001     0.00001
2013   50     1962    0.00005     0.00002     0.00001     0.00001     0.00001     0.00001
2013   51     1962    0.00004     0.00002     0.00001     0.00001     0.00000     0.00000
2013   51     1961    0.00003     0.00001     0.00001     0.00001     0.00000     0.00000
2013   52     1961    0.00003     0.00001     0.00001     0.00000     0.00000     0.00000
2013   52     1960    0.00002     0.00001     0.00000     0.00000     0.00000     0.00000
2013   53     1960    0.00001     0.00001     0.00000     0.00000     0.00000     0.00000
2013   53     1959    0.00001     0.00000     0.00000     0.00000     0.00000     0.00000
2013   54     1959    0.00001     0.00000     0.00000     0.00000     0.00000     0.00000
2013   54     1958    0.00000     0.00000     0.00000     0.00000     0.00000     0.00000
2013   55+       .    0.00000     0.00000     0.00000     0.00000     0.00000     0.00000
2014   12-       .    0.00000     0.00000     0.00000     0.00000     0.00000     0.00000
2014   13     2001    0.00000     0.00000     0.00000     0.00000     0.00000     0.00000
2014   13     2000    0.00010     0.00009     0.00000     0.00000     0.00000     0.00000
2014   14     2000    0.00024     0.00024     0.00000     0.00000     0.00000     0.00000
2014   14     1999    0.00060     0.00060     0.00001     0.00000     0.00000     0.00000
2014   15     1999    0.00085     0.00085     0.00001     0.00000     0.00000     0.00000
2014   15     1998    0.00177     0.00173     0.00003     0.00000     0.00000     0.00000
2014   16     1998    0.00239     0.00233     0.00006     0.00000     0.00000     0.00000
2014   16     1997    0.00419     0.00402     0.00016     0.00001     0.00000     0.00000
2014   17     1997    0.00530     0.00503     0.00025     0.00001     0.00000     0.00000
2014   17     1996    0.00773     0.00706     0.00063     0.00005     0.00000     0.00000
2014   18     1996    0.00926     0.00828     0.00091     0.00008     0.00000     0.00000
2014   18     1995    0.01340     0.01169     0.00159     0.00012     0.00001     0.00000
2014   19     1995    0.01556     0.01335     0.00201     0.00016     0.00004     0.00000
2014   19     1994    0.01948     0.01610     0.00292     0.00041     0.00004     0.00000
2014   20     1994    0.02139     0.01726     0.00350     0.00057     0.00005     0.00001
2014   20     1993    0.02460     0.01852     0.00512     0.00081     0.00012     0.00002
2014   21     1993    0.02640     0.01931     0.00593     0.00096     0.00017     0.00003
2014   21     1992    0.03065     0.02163     0.00736     0.00136     0.00026     0.00005
2014   22     1992    0.03273     0.02267     0.00811     0.00157     0.00031     0.00006
2014   22     1991    0.03674     0.02452     0.00967     0.00204     0.00043     0.00007
2014   23     1991    0.03900     0.02567     0.01044     0.00230     0.00050     0.00009
2014   23     1990    0.04414     0.02855     0.01189     0.00290     0.00067     0.00014
2014   24     1990    0.04705     0.03023     0.01271     0.00318     0.00075     0.00018
2014   24     1989    0.05384     0.03440     0.01467     0.00366     0.00085     0.00026
2014   25     1989    0.05745     0.03649     0.01575     0.00397     0.00093     0.00031
2014   25     1988    0.06532     0.04065     0.01825     0.00484     0.00117     0.00042
2014   26     1988    0.06904     0.04251     0.01953     0.00522     0.00129     0.00049
2014   26     1987    0.07553     0.04543     0.02214     0.00573     0.00158     0.00064
2014   27     1987    0.07898     0.04693     0.02350     0.00611     0.00172     0.00071
2014   27     1986    0.08601     0.04980     0.02626     0.00720     0.00197     0.00077
2014   28     1986    0.08941     0.05106     0.02774     0.00768     0.00210     0.00082
2014   28     1985    0.09578     0.05309     0.03093     0.00843     0.00231     0.00101
2014   29     1985    0.09863     0.05394     0.03233     0.00882     0.00244     0.00111
2014   29     1984    0.10341     0.05524     0.03450     0.00957     0.00276     0.00134
2014   30     1984    0.10529     0.05545     0.03563     0.00995     0.00285     0.00141
2014   30     1983    0.10779     0.05507     0.03776     0.01074     0.00281     0.00141
2014   31     1983    0.10838     0.05415     0.03875     0.01115     0.00287     0.00145
2014   31     1982    0.10812     0.05085     0.04048     0.01202     0.00316     0.00160
2014   32     1982    0.10711     0.04901     0.04085     0.01233     0.00325     0.00167
2014   32     1981    0.10320     0.04494     0.04047     0.01266     0.00335     0.00179
2014   33     1981    0.10099     0.04279     0.04017     0.01280     0.00341     0.00183
2014   33     1980    0.09578     0.03826     0.03923     0.01291     0.00355     0.00183
2014   34     1980    0.09303     0.03619     0.03844     0.01293     0.00360     0.00187
2014   34     1979    0.08731     0.03234     0.03636     0.01291     0.00371     0.00199
2014   35     1979    0.08383     0.03042     0.03485     0.01281     0.00371     0.00204
2014   35     1978    0.07595     0.02677     0.03106     0.01243     0.00359     0.00209
2014   36     1978    0.07188     0.02483     0.02931     0.01210     0.00356     0.00209
2014   36     1977    0.06343     0.02085     0.02587     0.01113     0.00356     0.00202
2014   37     1977    0.05940     0.01913     0.02420     0.01064     0.00347     0.00196
2014   37     1976    0.05155     0.01603     0.02103     0.00962     0.00312     0.00175
2014   38     1976    0.04783     0.01470     0.01933     0.00908     0.00299     0.00173
2014   38     1975    0.04078     0.01233     0.01588     0.00796     0.00278     0.00183
2014   39     1975    0.03721     0.01122     0.01430     0.00730     0.00262     0.00177
2014   39     1974    0.03038     0.00926     0.01149     0.00589     0.00223     0.00152
2014   40     1974    0.02689     0.00815     0.01002     0.00525     0.00206     0.00141
2014   40     1973    0.02027     0.00597     0.00725     0.00408     0.00177     0.00121
2014   41     1973    0.01747     0.00511     0.00617     0.00356     0.00154     0.00109
2014   41     1972    0.01277     0.00372     0.00445     0.00268     0.00104     0.00088
2014   42     1972    0.01070     0.00313     0.00369     0.00222     0.00088     0.00077
2014   42     1971    0.00727     0.00219     0.00245     0.00142     0.00064     0.00057
2014   43     1971    0.00589     0.00175     0.00196     0.00114     0.00054     0.00050
2014   43     1970    0.00375     0.00101     0.00121     0.00075     0.00039     0.00039
2014   44     1970    0.00296     0.00082     0.00093     0.00059     0.00031     0.00031
2014   44     1969    0.00180     0.00057     0.00053     0.00034     0.00018     0.00018
2014   45     1969    0.00144     0.00047     0.00042     0.00027     0.00014     0.00014
2014   45     1968    0.00095     0.00033     0.00026     0.00018     0.00008     0.00009
2014   46     1968    0.00074     0.00026     0.00020     0.00014     0.00006     0.00007
2014   46     1967    0.00042     0.00014     0.00012     0.00008     0.00003     0.00004
2014   47     1967    0.00033     0.00011     0.00010     0.00006     0.00002     0.00004
2014   47     1966    0.00024     0.00009     0.00007     0.00004     0.00002     0.00003
2014   48     1966    0.00019     0.00008     0.00006     0.00003     0.00001     0.00002
2014   48     1965    0.00011     0.00005     0.00003     0.00002     0.00001     0.00001
2014   49     1965    0.00009     0.00004     0.00002     0.00001     0.00001     0.00001
2014   49     1964    0.00007     0.00003     0.00002     0.00001     0.00001     0.00000
2014   50     1964    0.00006     0.00003     0.00002     0.00001     0.00001     0.00000
2014   50     1963    0.00005     0.00002     0.00002     0.00001     0.00000     0.00001
2014   51     1963    0.00005     0.00002     0.00002     0.00001     0.00000     0.00001
2014   51     1962    0.00003     0.00001     0.00001     0.00000     0.00000     0.00000
2014   52     1962    0.00003     0.00001     0.00001     0.00000     0.00000     0.00000
2014   52     1961    0.00002     0.00001     0.00001     0.00000     0.00000     0.00000
2014   53     1961    0.00001     0.00001     0.00000     0.00000     0.00000     0.00000
2014   53     1960    0.00001     0.00000     0.00000     0.00000     0.00000     0.00000
2014   54     1960    0.00001     0.00000     0.00000     0.00000     0.00000     0.00000
2014   54     1959    0.00000     0.00000     0.00000     0.00000     0.00000     0.00000
2014   55+       .    0.00000     0.00000     0.00000     0.00000     0.00000     0.00000
2015   12-       .    0.00000     0.00000     0.00000     0.00000     0.00000     0.00000
2015   13     2002    0.00001     0.00000     0.00000     0.00000     0.00000     0.00000
2015   13     2001    0.00011     0.00010     0.00000     0.00000     0.00000     0.00000
2015   14     2001    0.00027     0.00026     0.00001     0.00000     0.00000     0.00000
2015   14     2000    0.00066     0.00065     0.00001     0.00000     0.00000     0.00000
2015   15     2000    0.00092     0.00090     0.00001     0.00000     0.00000     0.00000
2015   15     1999    0.00185     0.00180     0.00004     0.00000     0.00000     0.00000
2015   16     1999    0.00246     0.00238     0.00007     0.00000     0.00000     0.00000
2015   16     1998    0.00413     0.00392     0.00020     0.00001     0.00000     0.00000
2015   17     1998    0.00516     0.00482     0.00032     0.00002     0.00000     0.00000
2015   17     1997    0.00755     0.00681     0.00069     0.00005     0.00001     0.00000
2015   18     1997    0.00908     0.00802     0.00096     0.00009     0.00001     0.00000
2015   18     1996    0.01334     0.01137     0.00178     0.00019     0.00001     0.00000
2015   19     1996    0.01559     0.01302     0.00229     0.00026     0.00001     0.00000
2015   19     1995    0.01978     0.01587     0.00341     0.00045     0.00004     0.00000
2015   20     1995    0.02184     0.01711     0.00406     0.00057     0.00007     0.00002
2015   20     1994    0.02526     0.01874     0.00552     0.00086     0.00014     0.00001
2015   21     1994    0.02702     0.01953     0.00627     0.00103     0.00018     0.00001
2015   21     1993    0.03057     0.02104     0.00776     0.00148     0.00025     0.00003
2015   22     1993    0.03250     0.02191     0.00850     0.00174     0.00030     0.00005
2015   22     1992    0.03689     0.02412     0.00995     0.00230     0.00041     0.00011
2015   23     1992    0.03924     0.02533     0.01069     0.00259     0.00049     0.00014
2015   23     1991    0.04437     0.02799     0.01220     0.00320     0.00078     0.00020
2015   24     1991    0.04725     0.02968     0.01297     0.00346     0.00090     0.00023
2015   24     1990    0.05386     0.03429     0.01450     0.00377     0.00100     0.00030
2015   25     1990    0.05743     0.03645     0.01554     0.00402     0.00108     0.00034
2015   25     1989    0.06540     0.04032     0.01849     0.00481     0.00133     0.00044
2015   26     1989    0.06924     0.04220     0.01988     0.00522     0.00144     0.00050
2015   26     1988    0.07622     0.04551     0.02232     0.00613     0.00163     0.00063
2015   27     1988    0.07992     0.04718     0.02373     0.00656     0.00174     0.00070
2015   27     1987    0.08753     0.05042     0.02697     0.00731     0.00199     0.00084
2015   28     1987    0.09106     0.05183     0.02848     0.00771     0.00212     0.00091
2015   28     1986    0.09727     0.05418     0.03114     0.00849     0.00240     0.00106
2015   29     1986    0.10012     0.05502     0.03249     0.00893     0.00253     0.00115
2015   29     1985    0.10496     0.05580     0.03505     0.00995     0.00274     0.00141
2015   30     1985    0.10693     0.05592     0.03624     0.01038     0.00288     0.00150
2015   30     1984    0.10982     0.05560     0.03829     0.01103     0.00329     0.00161
2015   31     1984    0.11039     0.05479     0.03923     0.01134     0.00339     0.00164
2015   31     1983    0.10950     0.05199     0.04081     0.01177     0.00331     0.00162
2015   32     1983    0.10873     0.05019     0.04142     0.01211     0.00337     0.00165
2015   32     1982    0.10639     0.04571     0.04214     0.01308     0.00370     0.00176
2015   33     1982    0.10436     0.04352     0.04196     0.01330     0.00377     0.00181
2015   33     1981    0.09863     0.03918     0.04054     0.01322     0.00376     0.00192
2015   34     1981    0.09570     0.03710     0.03963     0.01323     0.00375     0.00199
2015   34     1980    0.08953     0.03310     0.03735     0.01325     0.00366     0.00217
2015   35     1980    0.08607     0.03108     0.03591     0.01322     0.00367     0.00219
2015   35     1979    0.07875     0.02717     0.03256     0.01317     0.00375     0.00210
2015   36     1979    0.07441     0.02510     0.03068     0.01280     0.00374     0.00208
2015   36     1978    0.06481     0.02088     0.02674     0.01145     0.00364     0.00211
2015   37     1978    0.06046     0.01919     0.02472     0.01094     0.00354     0.00206
2015   37     1977    0.05221     0.01634     0.02063     0.01012     0.00327     0.00185
2015   38     1977    0.04843     0.01499     0.01900     0.00953     0.00310     0.00181
2015   38     1976    0.04136     0.01248     0.01630     0.00811     0.00264     0.00183
2015   39     1976    0.03799     0.01140     0.01483     0.00747     0.00252     0.00177
2015   39     1975    0.03169     0.00952     0.01194     0.00627     0.00245     0.00152
2015   40     1975    0.02833     0.00849     0.01052     0.00560     0.00227     0.00144
2015   40     1974    0.02194     0.00657     0.00795     0.00429     0.00179     0.00134
2015   41     1974    0.01872     0.00555     0.00670     0.00368     0.00157     0.00122
2015   41     1973    0.01296     0.00369     0.00453     0.00262     0.00119     0.00093
2015   42     1973    0.01073     0.00306     0.00370     0.00216     0.00101     0.00080
2015   42     1972    0.00726     0.00213     0.00241     0.00142     0.00071     0.00058
2015   43     1972    0.00596     0.00177     0.00195     0.00118     0.00056     0.00050
2015   43     1971    0.00398     0.00120     0.00128     0.00084     0.00032     0.00036
2015   44     1971    0.00322     0.00098     0.00100     0.00067     0.00026     0.00031
2015   44     1970    0.00208     0.00066     0.00059     0.00039     0.00019     0.00025
2015   45     1970    0.00163     0.00052     0.00046     0.00030     0.00015     0.00020
2015   45     1969    0.00098     0.00031     0.00030     0.00017     0.00009     0.00011
2015   46     1969    0.00077     0.00026     0.00024     0.00012     0.00007     0.00008
2015   46     1968    0.00049     0.00018     0.00016     0.00006     0.00004     0.00005
2015   47     1968    0.00039     0.00015     0.00012     0.00004     0.00004     0.00004
2015   47     1967    0.00022     0.00011     0.00005     0.00003     0.00002     0.00002
2015   48     1967    0.00019     0.00009     0.00004     0.00002     0.00002     0.00002
2015   48     1966    0.00015     0.00006     0.00003     0.00002     0.00002     0.00001
2015   49     1966    0.00013     0.00005     0.00003     0.00002     0.00001     0.00001
2015   49     1965    0.00008     0.00004     0.00002     0.00001     0.00000     0.00001
2015   50     1965    0.00007     0.00004     0.00002     0.00001     0.00000     0.00001
2015   50     1964    0.00006     0.00003     0.00001     0.00001     0.00000     0.00001
2015   51     1964    0.00005     0.00003     0.00001     0.00000     0.00000     0.00001
2015   51     1963    0.00004     0.00002     0.00001     0.00000     0.00000     0.00001
2015   52     1963    0.00003     0.00002     0.00001     0.00000     0.00000     0.00001
2015   52     1962    0.00002     0.00001     0.00000     0.00000     0.00000     0.00000
2015   53     1962    0.00002     0.00001     0.00000     0.00000     0.00000     0.00000
2015   53     1961    0.00001     0.00000     0.00000     0.00000     0.00000     0.00000
2015   54     1961    0.00001     0.00000     0.00000     0.00000     0.00000     0.00000
2015   54     1960    0.00000     0.00000     0.00000     0.00000     0.00000     0.00000
2015   55+       .    0.00000     0.00000     0.00000     0.00000     0.00000     0.00000
2016   12-       .    0.00000     0.00000     0.00000     0.00000     0.00000     0.00000
2016   13     2003    0.00001     0.00001     0.00000     0.00000     0.00000     0.00000
2016   13     2002    0.00012     0.00012     0.00000     0.00000     0.00000     0.00000
2016   14     2002    0.00030     0.00029     0.00000     0.00000     0.00000     0.00000
2016   14     2001    0.00071     0.00070     0.00001     0.00000     0.00000     0.00000
2016   15     2001    0.00099     0.00098     0.00001     0.00000     0.00000     0.00000
2016   15     2000    0.00207     0.00201     0.00006     0.00000     0.00000     0.00000
2016   16     2000    0.00279     0.00267     0.00012     0.00000     0.00000     0.00000
2016   16     1999    0.00471     0.00438     0.00031     0.00002     0.00000     0.00000
2016   17     1999    0.00591     0.00541     0.00047     0.00003     0.00000     0.00000
2016   17     1998    0.00883     0.00781     0.00092     0.00010     0.00000     0.00000
2016   18     1998    0.01067     0.00925     0.00125     0.00016     0.00001     0.00000
2016   18     1997    0.01567     0.01300     0.00234     0.00030     0.00003     0.00000
2016   19     1997    0.01818     0.01475     0.00297     0.00040     0.00005     0.00000
2016   19     1996    0.02212     0.01732     0.00404     0.00066     0.00010     0.00000
2016   20     1996    0.02427     0.01858     0.00473     0.00083     0.00013     0.00000
2016   20     1995    0.02892     0.02077     0.00668     0.00125     0.00020     0.00002
2016   21     1995    0.03105     0.02168     0.00760     0.00149     0.00024     0.00005
2016   21     1994    0.03470     0.02328     0.00902     0.00197     0.00036     0.00006
2016   22     1994    0.03647     0.02397     0.00975     0.00224     0.00044     0.00007
2016   22     1993    0.03955     0.02488     0.01110     0.00279     0.00064     0.00013
2016   23     1993    0.04166     0.02585     0.01180     0.00310     0.00075     0.00017
2016   23     1992    0.04758     0.02929     0.01328     0.00381     0.00096     0.00025
2016   24     1992    0.05052     0.03087     0.01413     0.00416     0.00106     0.00030
2016   24     1991    0.05638     0.03369     0.01625     0.00485     0.00120     0.00038
2016   25     1991    0.05980     0.03562     0.01728     0.00516     0.00130     0.00044
2016   25     1990    0.06795     0.04098     0.01917     0.00558     0.00163     0.00059
2016   26     1990    0.07199     0.04331     0.02033     0.00590     0.00177     0.00067
2016   26     1989    0.07992     0.04709     0.02318     0.00686     0.00197     0.00082
2016   27     1989    0.08389     0.04893     0.02467     0.00729     0.00209     0.00091
2016   27     1988    0.09149     0.05212     0.02785     0.00806     0.00238     0.00107
2016   28     1988    0.09518     0.05355     0.02946     0.00848     0.00252     0.00115
2016   28     1987    0.10204     0.05587     0.03269     0.00937     0.00278     0.00132
2016   29     1987    0.10506     0.05675     0.03419     0.00980     0.00291     0.00141
2016   29     1986    0.10981     0.05781     0.03674     0.01058     0.00313     0.00155
2016   30     1986    0.11198     0.05799     0.03805     0.01101     0.00327     0.00166
2016   30     1985    0.11580     0.05757     0.04062     0.01198     0.00368     0.00196
2016   31     1985    0.11653     0.05669     0.04167     0.01233     0.00379     0.00206
2016   31     1984    0.11546     0.05375     0.04314     0.01270     0.00377     0.00210
2016   32     1984    0.11441     0.05181     0.04371     0.01293     0.00382     0.00214
2016   32     1983    0.11088     0.04691     0.04435     0.01335     0.00400     0.00226
2016   33     1983    0.10881     0.04471     0.04416     0.01358     0.00406     0.00230
2016   33     1982    0.10390     0.04061     0.04278     0.01407     0.00412     0.00232
2016   34     1982    0.10112     0.03859     0.04182     0.01420     0.00419     0.00233
2016   34     1981    0.09492     0.03465     0.03936     0.01421     0.00440     0.00231
2016   35     1981    0.09139     0.03265     0.03782     0.01418     0.00440     0.00233
2016   35     1980    0.08368     0.02878     0.03419     0.01407     0.00418     0.00246
2016   36     1980    0.07934     0.02662     0.03237     0.01378     0.00411     0.00246
2016   36     1979    0.06997     0.02211     0.02871     0.01279     0.00404     0.00231
2016   37     1979    0.06531     0.02024     0.02673     0.01214     0.00392     0.00228
2016   37     1978    0.05592     0.01695     0.02265     0.01054     0.00354     0.00224
2016   38     1978    0.05182     0.01556     0.02076     0.00988     0.00342     0.00220
2016   38     1977    0.04435     0.01312     0.01716     0.00870     0.00329     0.00209
2016   39     1977    0.04069     0.01198     0.01556     0.00806     0.00308     0.00201
2016   39     1976    0.03381     0.00993     0.01276     0.00682     0.00249     0.00181
2016   40     1976    0.03016     0.00885     0.01122     0.00610     0.00227     0.00172
2016   40     1975    0.02317     0.00682     0.00824     0.00465     0.00190     0.00156
2016   41     1975    0.02002     0.00583     0.00705     0.00403     0.00171     0.00140
2016   41     1974    0.01453     0.00407     0.00511     0.00296     0.00136     0.00103
2016   42     1974    0.01226     0.00343     0.00429     0.00248     0.00116     0.00091
2016   42     1973    0.00856     0.00245     0.00295     0.00168     0.00077     0.00071
2016   43     1973    0.00700     0.00200     0.00239     0.00135     0.00064     0.00062
2016   43     1972    0.00454     0.00124     0.00154     0.00085     0.00043     0.00048
2016   44     1972    0.00359     0.00101     0.00118     0.00067     0.00035     0.00038
2016   44     1971    0.00215     0.00070     0.00063     0.00040     0.00022     0.00019
2016   45     1971    0.00174     0.00057     0.00050     0.00032     0.00018     0.00016
2016   45     1970    0.00123     0.00036     0.00037     0.00023     0.00012     0.00014
2016   46     1970    0.00097     0.00031     0.00028     0.00017     0.00009     0.00012
2016   46     1969    0.00056     0.00024     0.00014     0.00007     0.00004     0.00007
2016   47     1969    0.00044     0.00020     0.00012     0.00005     0.00003     0.00005
2016   47     1968    0.00030     0.00012     0.00010     0.00004     0.00002     0.00002
2016   48     1968    0.00025     0.00010     0.00008     0.00004     0.00001     0.00001
2016   48     1967    0.00017     0.00008     0.00005     0.00002     0.00001     0.00001
2016   49     1967    0.00015     0.00007     0.00004     0.00002     0.00001     0.00001
2016   49     1966    0.00014     0.00006     0.00003     0.00002     0.00001     0.00002
2016   50     1966    0.00012     0.00005     0.00003     0.00002     0.00001     0.00002
2016   50     1965    0.00008     0.00003     0.00002     0.00001     0.00001     0.00001
2016   51     1965    0.00007     0.00003     0.00002     0.00001     0.00000     0.00001
2016   51     1964    0.00005     0.00002     0.00001     0.00001     0.00000     0.00001
2016   52     1964    0.00004     0.00002     0.00001     0.00001     0.00000     0.00000
2016   52     1963    0.00002     0.00001     0.00001     0.00000     0.00000     0.00000
2016   53     1963    0.00002     0.00001     0.00000     0.00000     0.00000     0.00000
2016   53     1962    0.00001     0.00000     0.00000     0.00000     0.00000     0.00000
2016   54     1962    0.00001     0.00000     0.00000     0.00000     0.00000     0.00000
2016   54     1961    0.00000     0.00000     0.00000     0.00000     0.00000     0.00000
2016   55+       .    0.00000     0.00000     0.00000     0.00000     0.00000     0.00000
2017   12-       .    0.00000     0.00000     0.00000     0.00000     0.00000     0.00000
2017   13     2004    0.00000     0.00000     0.00000     0.00000     0.00000     0.00000
2017   13     2003    0.00009     0.00009     0.00000     0.00000     0.00000     0.00000
2017   14     2003    0.00022     0.00022     0.00000     0.00000     0.00000     0.00000
2017   14     2002    0.00056     0.00056     0.00000     0.00000     0.00000     0.00000
2017   15     2002    0.00081     0.00080     0.00001     0.00000     0.00000     0.00000
2017   15     2001    0.00177     0.00169     0.00008     0.00000     0.00000     0.00000
2017   16     2001    0.00242     0.00227     0.00013     0.00001     0.00000     0.00000
2017   16     2000    0.00394     0.00367     0.00025     0.00002     0.00000     0.00000
2017   17     2000    0.00493     0.00455     0.00035     0.00002     0.00000     0.00000
2017   17     1999    0.00762     0.00664     0.00090     0.00008     0.00001     0.00000
2017   18     1999    0.00930     0.00787     0.00129     0.00013     0.00001     0.00000
2017   18     1998    0.01371     0.01122     0.00219     0.00028     0.00002     0.00000
2017   19     1998    0.01595     0.01279     0.00274     0.00038     0.00003     0.00000
2017   19     1997    0.01947     0.01491     0.00391     0.00056     0.00008     0.00000
2017   20     1997    0.02146     0.01602     0.00462     0.00070     0.00011     0.00002
2017   20     1996    0.02600     0.01821     0.00643     0.00117     0.00016     0.00003
2017   21     1996    0.02815     0.01916     0.00731     0.00144     0.00020     0.00004
2017   21     1995    0.03206     0.02075     0.00887     0.00204     0.00033     0.00006
2017   22     1995    0.03404     0.02164     0.00956     0.00236     0.00042     0.00007
2017   22     1994    0.03792     0.02371     0.01050     0.00289     0.00069     0.00012
2017   23     1994    0.04006     0.02478     0.01112     0.00318     0.00082     0.00015
2017   23     1993    0.04471     0.02691     0.01277     0.00385     0.00090     0.00027
2017   24     1993    0.04755     0.02845     0.01366     0.00413     0.00099     0.00033
2017   24     1992    0.05485     0.03299     0.01569     0.00446     0.00132     0.00038
2017   25     1992    0.05853     0.03512     0.01675     0.00477     0.00147     0.00042
2017   25     1991    0.06594     0.03888     0.01893     0.00585     0.00169     0.00059
2017   26     1991    0.06984     0.04100     0.02011     0.00627     0.00180     0.00065
2017   26     1990    0.07794     0.04581     0.02265     0.00672     0.00203     0.00073
2017   27     1990    0.08181     0.04782     0.02407     0.00702     0.00212     0.00079
2017   27     1989    0.08867     0.05056     0.02729     0.00764     0.00222     0.00097
2017   28     1989    0.09244     0.05209     0.02888     0.00807     0.00234     0.00107
2017   28     1988    0.10064     0.05535     0.03187     0.00931     0.00281     0.00130
2017   29     1988    0.10411     0.05641     0.03350     0.00983     0.00297     0.00141
2017   29     1987    0.10943     0.05718     0.03699     0.01058     0.00308     0.00160
2017   30     1987    0.11172     0.05737     0.03847     0.01100     0.00320     0.00169
2017   30     1986    0.11526     0.05734     0.04067     0.01190     0.00352     0.00184
2017   31     1986    0.11605     0.05645     0.04167     0.01233     0.00366     0.00194
2017   31     1985    0.11543     0.05299     0.04314     0.01315     0.00396     0.00220
2017   32     1985    0.11453     0.05106     0.04365     0.01352     0.00403     0.00226
2017   32     1984    0.11138     0.04677     0.04420     0.01415     0.00401     0.00225
2017   33     1984    0.10911     0.04453     0.04398     0.01432     0.00402     0.00226
2017   33     1983    0.10308     0.03990     0.04254     0.01429     0.00407     0.00228
2017   34     1983    0.10010     0.03770     0.04163     0.01434     0.00413     0.00230
2017   34     1982    0.09395     0.03344     0.03929     0.01449     0.00437     0.00236
2017   35     1982    0.09062     0.03149     0.03792     0.01442     0.00440     0.00239
2017   35     1981    0.08373     0.02799     0.03493     0.01404     0.00429     0.00248
2017   36     1981    0.07948     0.02602     0.03307     0.01365     0.00423     0.00251
2017   36     1980    0.06988     0.02193     0.02885     0.01246     0.00410     0.00254
2017   37     1980    0.06532     0.02008     0.02682     0.01193     0.00398     0.00250
2017   37     1979    0.05641     0.01661     0.02288     0.01091     0.00367     0.00234
2017   38     1979    0.05229     0.01522     0.02097     0.01030     0.00351     0.00228
2017   38     1978    0.04456     0.01291     0.01732     0.00900     0.00316     0.00217
2017   39     1978    0.04087     0.01181     0.01572     0.00825     0.00300     0.00209
2017   39     1977    0.03403     0.00983     0.01289     0.00671     0.00272     0.00188
2017   40     1977    0.03034     0.00872     0.01140     0.00599     0.00248     0.00175
2017   40     1976    0.02317     0.00655     0.00857     0.00464     0.00192     0.00149
2017   41     1976    0.02008     0.00565     0.00731     0.00406     0.00170     0.00136
2017   41     1975    0.01478     0.00416     0.00516     0.00307     0.00131     0.00108
2017   42     1975    0.01252     0.00350     0.00429     0.00260     0.00116     0.00096
2017   42     1974    0.00880     0.00241     0.00291     0.00179     0.00093     0.00075
2017   43     1974    0.00719     0.00198     0.00233     0.00145     0.00077     0.00066
2017   43     1973    0.00458     0.00130     0.00142     0.00088     0.00049     0.00049
2017   44     1973    0.00374     0.00108     0.00115     0.00072     0.00038     0.00040
2017   44     1972    0.00259     0.00080     0.00078     0.00053     0.00022     0.00025
2017   45     1972    0.00205     0.00066     0.00062     0.00040     0.00017     0.00020
2017   45     1971    0.00120     0.00043     0.00035     0.00018     0.00011     0.00013
2017   46     1971    0.00094     0.00034     0.00027     0.00015     0.00008     0.00009
2017   46     1970    0.00059     0.00022     0.00016     0.00013     0.00004     0.00004
2017   47     1970    0.00047     0.00017     0.00013     0.00010     0.00003     0.00003
2017   47     1969    0.00028     0.00011     0.00009     0.00005     0.00002     0.00001
2017   48     1969    0.00023     0.00009     0.00007     0.00004     0.00002     0.00001
2017   48     1968    0.00016     0.00007     0.00004     0.00002     0.00001     0.00001
2017   49     1968    0.00014     0.00006     0.00004     0.00002     0.00001     0.00001
2017   49     1967    0.00012     0.00006     0.00004     0.00001     0.00000     0.00001
2017   50     1967    0.00011     0.00006     0.00003     0.00001     0.00000     0.00001
2017   50     1966    0.00009     0.00004     0.00002     0.00001     0.00000     0.00001
2017   51     1966    0.00007     0.00003     0.00001     0.00001     0.00000     0.00001
2017   51     1965    0.00005     0.00002     0.00001     0.00001     0.00000     0.00001
2017   52     1965    0.00004     0.00002     0.00001     0.00001     0.00000     0.00001
2017   52     1964    0.00002     0.00001     0.00000     0.00000     0.00000     0.00000
2017   53     1964    0.00002     0.00001     0.00000     0.00000     0.00000     0.00000
2017   53     1963    0.00001     0.00000     0.00000     0.00000     0.00000     0.00000
2017   54     1963    0.00001     0.00000     0.00000     0.00000     0.00000     0.00000
2017   54     1962    0.00000     0.00000     0.00000     0.00000     0.00000     0.00000
2017   55+       .    0.00000     0.00000     0.00000     0.00000     0.00000     0.00000
