Germany, Live births by calendar year, age, birth cohort and birth order (Lexis triangles)
Last modified: 04/02/2019
Year   Age    Cohort           Total             B1             B2             B3             B4            B5p
2009    12-        .            0.17           0.17           0.00           0.00           0.00           0.00
2009    13      1996            0.79           0.79           0.00           0.00           0.00           0.00
2009    13      1995           14.84          14.84           0.00           0.00           0.00           0.00
2009    14      1995           37.19          37.19           0.00           0.00           0.00           0.00
2009    14      1994           97.10          96.51           0.59           0.00           0.00           0.00
2009    15      1994          146.90         143.49           3.41           0.00           0.00           0.00
2009    15      1993          370.16         362.35           7.80           0.00           0.00           0.00
2009    16      1993          546.84         535.65          11.20           0.00           0.00           0.00
2009    16      1992          934.77         903.26          31.24           0.13           0.15           0.00
2009    17      1992         1207.23        1155.74          49.76           0.87           0.85           0.00
2009    17      1991         1780.15        1655.55         115.80           7.83           0.98           0.00
2009    18      1991         2228.85        2039.45         173.20          15.17           1.02           0.00
2009    18      1990         3526.06        3154.74         342.89          27.10           1.33           0.00
2009    19      1990         4177.94        3685.26         456.11          34.90           1.67           0.00
2009    19      1989         5161.94        4373.91         714.51          69.28           4.24           0.00
2009    20      1989         5814.06        4816.09         895.49          95.72           6.76           0.00
2009    20      1988         6999.83        5486.63        1319.38         173.90          19.05           0.88
2009    21      1988         7690.17        5859.37        1568.62         227.10          28.95           6.12
2009    21      1987         8475.14        6143.12        1948.39         328.89          42.83          11.91
2009    22      1987         9134.86        6465.88        2199.61         400.11          55.17          14.09
2009    22      1986        10078.63        6828.54        2584.70         548.73          96.80          19.86
2009    23      1986        10730.37        7128.46        2825.30         630.27         122.20          24.14
2009    23      1985        11498.16        7390.19        3174.61         728.89         161.10          43.38
2009    24      1985        12487.84        7918.81        3503.39         821.11         189.90          54.62
2009    24      1984        13818.35        8602.07        3943.80         977.39         233.72          61.37
2009    25      1984        14745.65        9087.93        4253.20        1072.61         261.28          70.63
2009    25      1983        16024.69        9674.88        4724.83        1209.19         308.79         107.00
2009    26      1983        17205.31       10249.12        5152.17        1333.81         342.21         128.00
2009    26      1982        18786.25       10788.77        5875.83        1578.48         389.61         153.55
2009    27      1982        19719.75       11155.23        6273.17        1697.52         421.39         172.45
2009    27      1981        20633.53       11389.34        6744.78        1801.97         480.91         216.53
2009    28      1981        21624.47       11783.66        7153.22        1924.03         522.09         241.47
2009    28      1980        22538.29       11966.77        7592.54        2131.67         577.26         270.05
2009    29      1980        23228.71       12163.23        7915.46        2250.33         613.74         285.95
2009    29      1979        22662.33       11520.97        7936.66        2278.69         641.48         284.54
2009    30      1979        23192.67       11606.03        8226.34        2386.31         672.52         301.46
2009    30      1978        22539.99       10920.48        8170.36        2447.93         668.61         332.60
2009    31      1978        23333.01       11075.52        8589.64        2597.07         708.39         362.40
2009    31      1977        22035.24        9947.66        8442.86        2554.47         714.47         375.78
2009    32      1977        22213.76        9797.34        8630.14        2651.53         745.53         389.22
2009    32      1976        20477.43        8657.03        8085.67        2640.24         738.11         356.38
2009    33      1976        20701.57        8528.97        8256.33        2756.76         782.89         376.62
2009    33      1975        18356.95        7105.74        7487.14        2569.91         790.33         403.84
2009    34      1975        18558.05        7017.26        7591.86        2687.09         828.67         433.16
2009    34      1974        16446.28        6024.38        6683.32        2586.88         745.74         405.96
2009    35      1974        16458.72        5920.62        6658.68        2683.12         769.26         427.04
2009    35      1973        14371.03        4971.46        5726.66        2505.26         740.16         427.50
2009    36      1973        14288.97        4861.54        5676.34        2538.74         763.84         448.50
2009    36      1972        12367.64        4099.51        4925.29        2220.75         700.50         421.59
2009    37      1972        12655.36        4135.49        5031.71        2294.25         741.50         452.41
2009    37      1971        10912.58        3461.97        4313.45        2013.40         690.01         433.74
2009    38      1971        10572.42        3308.03        4145.55        1990.60         688.99         439.26
2009    38      1970         8668.69        2630.59        3315.26        1745.14         590.69         387.00
2009    39      1970         8203.31        2482.41        3094.74        1662.86         578.31         385.00
2009    39      1969         6680.06        2049.77        2444.40        1317.31         515.49         353.09
2009    40      1969         6375.94        1958.23        2295.60        1255.69         505.51         360.91
2009    40      1968         4781.32        1468.07        1656.41         949.53         388.28         319.03
2009    41      1968         4375.68        1322.93        1501.59         877.47         365.72         307.97
2009    41      1967         2985.79         854.40        1020.33         619.88         269.69         221.49
2009    42      1967         2632.21         744.60         885.67         546.12         247.31         208.51
2009    42      1966         1784.46         503.44         575.25         357.96         180.31         167.51
2009    43      1966         1542.54         431.56         472.75         312.04         163.69         162.49
2009    43      1965          975.63         262.32         255.40         205.48         115.89         136.55
2009    44      1965          820.37         222.68         206.60         172.52          97.11         121.45
2009    44      1964          500.98         146.53         122.39         103.36          54.60          74.11
2009    45      1964          406.02         119.47          99.61          82.64          43.40          60.89
2009    45      1963          219.08          61.97          56.89          43.48          23.21          33.53
2009    46      1963          173.92          51.03          44.11          33.52          17.79          27.47
2009    46      1962           91.53          31.21          20.03          15.50           8.04          16.75
2009    47      1962           76.47          26.79          16.97          13.50           6.96          12.25
2009    47      1961           54.10          18.61          13.44          11.68           5.83           4.54
2009    48      1961           45.90          15.39          11.56          10.32           5.17           3.46
2009    48      1960           27.32           8.49           7.10           6.60           3.17           1.96
2009    49      1960           23.68           7.51           5.90           5.40           2.83           2.04
2009    49      1959           16.29           5.44           3.12           2.64           2.15           2.95
2009    50      1959           14.71           5.56           2.88           2.36           0.85           3.05
2009    50      1958           10.30           4.83           2.13           1.62           0.00           1.73
2009    51      1958            9.13           4.49           1.89           1.38           0.00           1.37
2009    51      1957            6.38           3.34           1.36           0.93           0.00           0.75
2009    52      1957            5.47           2.93           1.20           0.78           0.00           0.56
2009    52      1956            3.34           1.85           0.79           0.46           0.00           0.25
2009    53      1956            2.78           1.55           0.68           0.38           0.00           0.18
2009    53      1955            1.61           0.90           0.42           0.21           0.00           0.08
2009    54      1955            1.17           0.66           0.31           0.15           0.00           0.05
2009    54      1954            0.60           0.34           0.17           0.08           0.00           0.02
2009    55+        .            0.22           0.12           0.06           0.03           0.00           0.01
2010    12-        .            0.17           0.17           0.00           0.00           0.00           0.00
2010    13      1997            0.81           0.81           0.00           0.00           0.00           0.00
2010    13      1996           15.66          15.66           0.00           0.00           0.00           0.00
2010    14      1996           38.36          38.36           0.00           0.00           0.00           0.00
2010    14      1995           93.29          93.14           0.14           0.00           0.00           0.00
2010    15      1995          136.71         135.86           0.86           0.00           0.00           0.00
2010    15      1994          352.22         345.55           6.67           0.00           0.00           0.00
2010    16      1994          517.78         504.45          13.33           0.00           0.00           0.00
2010    16      1993          886.60         852.41          33.48           0.70           0.00           0.00
2010    17      1993         1152.40        1097.59          50.52           4.30           0.00           0.00
2010    17      1992         1715.47        1597.55         111.39           6.24           0.14           0.14
2010    18      1992         2134.53        1961.45         163.61           7.76           0.86           0.86
2010    18      1991         3158.62        2806.17         329.88          19.91           1.65           1.01
2010    19      1991         3850.38        3358.83         457.12          31.09           2.35           0.99
2010    19      1990         5064.23        4260.41         720.73          72.97           9.19           0.93
2010    20      1990         5676.77        4675.59         881.27         104.03          14.81           1.07
2010    20      1989         6591.76        5164.40        1229.01         172.34          23.15           2.86
2010    21      1989         7244.24        5529.60        1458.99         221.66          29.85           4.14
2010    21      1988         8388.99        6063.23        1933.17         335.07          50.98           6.52
2010    22      1988         9108.01        6419.77        2205.83         407.93          66.02           8.48
2010    22      1987         9906.64        6690.82        2554.01         544.37         104.12          13.31
2010    23      1987        10665.36        7068.18        2820.99         631.63         126.88          17.69
2010    23      1986        11752.59        7558.61        3246.01         762.93         151.44          33.59
2010    24      1986        12577.41        7987.39        3520.99         851.07         173.56          44.41
2010    24      1985        13658.48        8505.99        3853.00        1000.47         236.11          62.90
2010    25      1985        14834.52        9140.01        4230.00        1114.53         272.89          77.10
2010    25      1984        16082.81        9693.22        4761.26        1229.21         298.69         100.44
2010    26      1984        17046.19       10151.78        5127.74        1325.79         323.31         117.56
2010    26      1983        18195.44       10541.13        5628.25        1496.39         369.69         159.98
2010    27      1983        19445.56       11111.87        6107.75        1634.61         408.31         183.02
2010    27      1982        20997.84       11662.04        6832.83        1829.55         475.36         198.06
2010    28      1982        21974.16       12038.96        7249.17        1956.45         514.64         214.94
2010    28      1981        22739.68       12134.73        7646.14        2133.31         568.20         257.29
2010    29      1981        23705.32       12477.27        8056.86        2275.69         608.80         286.71
2010    29      1980        24268.06       12421.09        8432.61        2425.97         649.74         338.65
2010    30      1980        24845.94       12512.91        8740.39        2542.03         684.26         366.35
2010    30      1979        23812.53       11575.02        8586.85        2566.05         704.67         379.94
2010    31      1979        24129.47       11472.98        8855.15        2666.95         738.33         396.06
2010    31      1978        22718.37       10236.28        8734.49        2628.14         741.14         378.31
2010    32      1978        23317.63       10251.72        9099.51        2780.86         782.86         402.69
2010    32      1977        21724.37        9129.62        8596.87        2798.99         765.79         433.10
2010    33      1977        21755.63        8924.38        8691.13        2899.01         790.21         450.90
2010    33      1976        19614.95        7652.03        8023.32        2768.51         759.85         411.23
2010    34      1976        19684.05        7505.97        8077.68        2874.49         798.15         427.77
2010    34      1975        17110.63        6260.28        6953.65        2693.87         783.63         419.20
2010    35      1975        17176.37        6145.72        6956.35        2801.13         825.37         447.80
2010    35      1974        15018.23        5132.01        6035.99        2624.62         775.67         449.95
2010    36      1974        14847.77        4965.99        5954.01        2655.38         800.33         472.05
2010    36      1973        12462.57        3998.00        4998.53        2283.52         743.75         438.78
2010    37      1973        12214.43        3867.00        4876.47        2271.48         748.25         451.22
2010    37      1972        10300.79        3225.71        4044.64        1977.68         633.90         418.85
2010    38      1972        10444.21        3238.29        4080.36        2031.32         658.10         436.15
2010    38      1971         8849.58        2673.19        3447.24        1755.60         602.02         371.52
2010    39      1971         8513.42        2552.81        3274.76        1711.40         601.98         372.48
2010    39      1970         6872.01        2033.91        2531.10        1431.25         528.39         347.36
2010    40      1970         6365.99        1895.09        2300.90        1320.75         505.61         343.64
2010    40      1969         4849.30        1497.94        1687.73         962.03         405.57         296.03
2010    41      1969         4469.70        1368.06        1539.27         886.97         381.43         293.97
2010    41      1968         3087.73         889.49        1054.47         631.61         268.16         244.00
2010    42      1968         2749.27         784.51         927.53         563.39         248.84         225.00
2010    42      1967         1813.54         523.30         591.98         367.37         187.84         143.04
2010    43      1967         1553.46         441.70         500.02         314.63         165.16         131.96
2010    43      1966          970.56         258.63         303.19         196.56         102.94         109.23
2010    44      1966          829.44         220.37         254.81         167.44          87.06          99.77
2010    44      1965          536.12         149.53         159.22         105.92          53.02          68.43
2010    45      1965          440.88         120.47         129.78          89.08          44.98          56.57
2010    45      1964          244.51          59.25          72.05          54.45          29.21          29.55
2010    46      1964          199.49          49.75          57.95          43.55          22.79          25.45
2010    46      1963          117.80          34.33          31.40          23.27          10.09          18.70
2010    47      1963           93.20          28.67          25.60          15.73           7.91          15.30
2010    47      1962           44.53          14.77          14.62           3.76           4.53           6.84
2010    48      1962           38.47          13.23          12.38           3.24           3.47           6.16
2010    48      1961           32.56          11.95           8.34           3.97           1.61           6.68
2010    49      1961           29.44          11.05           7.66           4.03           1.39           5.32
2010    49      1960           19.33           7.39           6.15           3.13           1.14           1.52
2010    50      1960           17.67           6.61           5.85           2.87           0.86           1.48
2010    50      1959           13.67           4.47           4.46           1.89           0.30           2.54
2010    51      1959           12.51           3.94           4.04           1.64           0.23           2.67
2010    51      1958            8.44           2.65           2.74           1.05           0.14           1.87
2010    52      1958            7.17           2.31           2.38           0.89           0.12           1.48
2010    52      1957            4.32           1.53           1.51           0.54           0.07           0.66
2010    53      1957            3.53           1.30           1.26           0.44           0.06           0.46
2010    53      1956            1.99           0.80           0.73           0.25           0.04           0.17
2010    54      1956            1.42           0.59           0.52           0.18           0.03           0.10
2010    54      1955            0.70           0.30           0.26           0.09           0.01           0.04
2010    55+        .            0.25           0.11           0.09           0.03           0.01           0.01
2011    12-        .            0.15           0.13           0.00           0.02           0.00           0.00
2011    13      1998            0.70           0.63           0.00           0.06           0.00           0.00
2011    13      1997           13.94          13.53           0.00           0.41           0.00           0.00
2011    14      1997           37.22          36.71           0.00           0.51           0.00           0.00
2011    14      1996          108.12         107.65           0.46           0.00           0.00           0.00
2011    15      1996          158.88         156.35           2.54           0.00           0.00           0.00
2011    15      1995          335.87         330.49           5.38           0.00           0.00           0.00
2011    16      1995          458.13         450.51           7.62           0.00           0.00           0.00
2011    16      1994          797.06         771.37          25.36           0.32           0.00           0.00
2011    17      1994         1025.94         982.63          42.64           0.68           0.00           0.00
2011    17      1993         1527.94        1418.90         103.43           5.32           0.28           0.00
2011    18      1993         1919.06        1750.10         155.57          11.68           1.72           0.00
2011    18      1992         2880.47        2570.84         284.93          22.74           1.82           0.14
2011    19      1992         3501.53        3080.16         385.07          33.26           2.18           0.86
2011    19      1991         4303.38        3626.50         596.82          72.13           6.57           1.36
2011    20      1991         4986.62        4109.50         764.18         100.87          10.43           1.64
2011    20      1990         6309.94        4969.91        1171.06         146.21          19.72           3.04
2011    21      1990         6915.06        5322.09        1384.94         177.79          26.28           3.96
2011    21      1989         7557.37        5550.05        1688.71         270.30          41.45           6.85
2011    22      1989         8171.63        5863.95        1913.29         331.70          53.55           9.15
2011    22      1988         9324.10        6389.58        2372.64         456.69          89.55          15.64
2011    23      1988        10155.90        6828.42        2653.36         539.31         113.45          21.36
2011    23      1987        11084.80        7256.34        2960.06         672.04         154.24          42.12
2011    24      1987        12032.20        7779.66        3249.94         766.96         180.76          54.88
2011    24      1986        13418.79        8515.39        3716.29         909.01         214.83          63.27
2011    25      1986        14386.21        9028.61        4033.71        1011.99         239.17          72.73
2011    25      1985        15222.58        9291.49        4371.40        1182.83         276.33         100.53
2011    26      1985        16437.42        9910.51        4787.60        1309.17         310.67         119.47
2011    26      1984        17404.47       10272.45        5252.14        1376.59         359.59         143.69
2011    27      1984        18417.53       10745.55        5650.86        1468.41         391.41         161.31
2011    27      1983        19682.60       11208.01        6231.59        1625.01         426.96         191.03
2011    28      1983        21020.40       11789.99        6777.41        1772.99         465.04         214.97
2011    28      1982        22219.88       11976.56        7479.62        1987.00         521.74         254.95
2011    29      1982        23139.12       12291.44        7898.38        2118.00         555.26         276.05
2011    29      1981        23537.46       12304.62        8132.83        2229.36         579.09         291.56
2011    30      1981        24415.54       12565.38        8537.17        2380.64         620.91         311.44
2011    30      1980        24595.42       12087.27        8865.56        2602.81         701.64         338.13
2011    31      1980        24980.58       11998.73        9148.44        2736.19         739.36         357.87
2011    31      1979        23265.56       10682.90        8802.18        2701.68         712.27         366.53
2011    32      1979        23328.44       10416.10        8999.82        2792.32         734.73         385.47
2011    32      1978        21365.91        8906.02        8636.84        2711.75         722.14         389.16
2011    33      1978        21748.09        8830.98        8903.16        2838.25         761.86         413.84
2011    33      1977        19934.59        7798.74        8228.03        2744.88         754.22         408.73
2011    34      1977        19857.41        7614.26        8214.97        2816.12         782.78         429.27
2011    34      1976        17660.31        6504.21        7295.26        2662.42         759.92         438.50
2011    35      1976        17590.69        6353.79        7242.74        2742.58         789.08         462.50
2011    35      1975        14934.32        5203.13        6071.80        2505.13         723.12         431.14
2011    36      1975        14836.68        5060.87        6005.20        2568.87         750.88         450.86
2011    36      1974        12621.63        4104.88        5075.69        2311.39         703.66         426.01
2011    37      1974        12308.37        3927.12        4926.31        2298.61         718.34         437.99
2011    37      1973         9885.54        3053.78        3917.67        1887.25         633.07         393.77
2011    38      1973         9626.46        2945.22        3785.33        1862.75         634.93         398.23
2011    38      1972         8128.82        2465.98        3128.24        1630.81         553.53         350.26
2011    39      1972         8185.18        2479.02        3132.76        1639.19         567.47         366.74
2011    39      1971         6729.87        2047.37        2573.63        1295.20         479.32         334.35
2011    40      1971         6319.13        1910.63        2386.37        1220.80         468.68         332.65
2011    40      1970         4747.49        1397.44        1711.28         952.92         398.25         287.59
2011    41      1970         4250.51        1239.56        1509.72         862.08         372.75         266.41
2011    41      1969         2995.02         863.14        1044.70         616.93         283.00         187.25
2011    42      1969         2706.98         774.86         933.30         559.07         260.00         179.75
2011    42      1968         1842.90         519.86         617.19         377.76         177.22         150.87
2011    43      1968         1609.10         450.14         529.81         331.24         154.78         143.13
2011    43      1967          994.52         273.92         317.66         206.35          94.04         102.55
2011    44      1967          845.48         231.08         259.34         179.65          82.96          92.45
2011    44      1966          545.22         146.25         148.53         125.00          60.63          64.81
2011    45      1966          443.78         119.75         116.47          99.00          52.37          56.19
2011    45      1965          236.98          65.23          57.74          46.41          31.87          35.72
2011    46      1965          189.02          53.77          47.26          34.59          25.13          28.28
2011    46      1964          104.54          32.84          30.79          15.85          12.38          12.68
2011    47      1964           87.46          28.16          25.21          13.15           9.62          11.32
2011    47      1963           55.31          18.12          12.52           9.11           4.91          10.64
2011    48      1963           48.69          15.88          11.48           7.89           4.09           9.36
2011    48      1962           33.94          10.36          11.34           4.96           2.60           4.69
2011    49      1962           30.06           9.64           9.66           4.04           2.40           4.31
2011    49      1961           20.64           8.12           4.19           2.14           2.07           4.13
2011    50      1961           19.36           7.88           3.81           1.86           1.93           3.87
2011    50      1960           16.55           6.83           4.10           1.48           1.45           2.68
2011    51      1960           15.49           6.49           4.10           1.36           1.28           2.26
2011    51      1959           10.91           4.72           3.17           0.95           0.81           1.26
2011    52      1959            9.40           4.14           2.84           0.83           0.66           0.94
2011    52      1958            5.32           2.43           1.70           0.48           0.32           0.39
2011    53      1958            4.26           1.97           1.39           0.39           0.24           0.26
2011    53      1957            2.34           1.11           0.79           0.22           0.12           0.11
2011    54      1957            1.64           0.78           0.56           0.16           0.08           0.07
2011    54      1956            0.80           0.39           0.27           0.08           0.03           0.03
2011    55+        .            0.29           0.14           0.10           0.03           0.01           0.01
2012    12-        .            0.15           0.14           0.02           0.00           0.00           0.00
2012    13      1999            0.73           0.68           0.05           0.00           0.00           0.00
2012    13      1998           14.28          13.95           0.33           0.00           0.00           0.00
2012    14      1998           36.83          36.23           0.60           0.00           0.00           0.00
2012    14      1997          100.28          99.45           0.83           0.00           0.00           0.00
2012    15      1997          152.72         151.55           1.17           0.00           0.00           0.00
2012    15      1996          337.31         331.50           5.64           0.17           0.00           0.00
2012    16      1996          459.69         448.50          10.36           0.83           0.00           0.00
2012    16      1995          802.00         776.54          25.00           0.46           0.00           0.00
2012    17      1995         1016.00         976.46          39.00           0.54           0.00           0.00
2012    17      1994         1477.27        1371.90          98.49           6.88           0.00           0.00
2012    18      1994         1816.73        1652.10         149.51          15.12           0.00           0.00
2012    18      1993         2678.46        2367.93         289.10          20.77           0.65           0.00
2012    19      1993         3294.55        2862.08         399.90          28.23           4.35           0.00
2012    19      1992         4259.48        3561.43         618.69          73.11           6.25           0.00
2012    20      1992         4944.53        4042.59         786.31         107.89           7.75           0.00
2012    20      1991         5632.54        4360.17        1101.23         151.61          19.03           0.50
2012    21      1991         6343.48        4788.86        1331.77         191.39          27.97           3.50
2012    21      1990         7528.35        5460.40        1715.32         298.09          47.73           6.81
2012    22      1990         8168.67        5808.63        1932.68         358.91          60.27           8.19
2012    22      1989         8946.70        6120.15        2273.18         456.47          83.24          13.66
2012    23      1989         9763.33        6558.88        2550.82         534.53         101.76          17.34
2012    23      1988        11155.63        7225.02        3050.93         704.52         148.46          26.70
2012    24      1988        12207.40        7808.02        3382.06         803.48         179.54          34.30
2012    24      1987        13255.41        8407.91        3682.13         879.33         229.77          56.26
2012    25      1987        14422.63        9063.14        4042.87         978.67         266.23          71.74
2012    25      1986        15981.97        9743.84        4631.16        1188.83         320.41          97.74
2012    26      1986        17077.07       10277.22        5030.84        1302.17         351.59         115.26
2012    26      1985        17502.10       10303.50        5353.58        1338.13         365.26         141.63
2012    27      1985        18831.95       10946.56        5855.42        1468.87         397.73         163.37
2012    27      1984        19835.25       11188.73        6341.58        1680.82         434.11         190.00
2012    28      1984        20887.81       11623.33        6772.41        1817.18         466.89         208.00
2012    28      1983        21424.50       11630.23        7148.25        1913.71         508.27         224.04
2012    29      1983        22801.57       12230.85        7700.75        2070.28         552.73         246.96
2012    29      1982        24225.72       12722.41        8334.79        2274.41         603.28         290.82
2012    30      1982        25201.36       13015.67        8798.20        2427.59         643.72         316.18
2012    30      1981        24969.42       12318.99        9051.17        2578.35         683.95         336.96
2012    31      1981        25653.66       12368.09        9456.83        2735.65         731.05         362.04
2012    31      1980        24832.65       11421.97        9424.94        2814.31         781.25         390.18
2012    32      1980        24960.43       11182.10        9636.06        2919.69         810.75         411.82
2012    32      1979        22552.95        9536.20        9045.58        2814.41         749.07         407.70
2012    33      1979        22516.12        9254.86        9167.43        2896.59         771.93         425.30
2012    33      1978        20464.92        7949.07        8534.19        2787.47         775.76         418.44
2012    34      1978        20726.14        7853.99        8703.82        2902.53         820.24         445.56
2012    34      1977        18428.08        6691.51        7782.49        2716.67         786.77         450.64
2012    35      1977        18226.98        6494.54        7681.52        2771.33         814.23         465.36
2012    35      1976        15946.94        5517.74        6617.25        2600.12         788.92         422.91
2012    36      1976        15705.10        5312.30        6486.76        2650.88         817.08         438.09
2012    36      1975        12743.90        4058.30        5232.93        2301.59         731.66         419.43
2012    37      1975        12504.13        3901.73        5100.07        2323.41         750.34         428.57
2012    37      1974        10315.56        3140.32        4136.34        2014.82         670.83         353.27
2012    38      1974        10014.47        3012.71        3977.67        1989.18         675.17         359.73
2012    38      1973         8007.18        2349.51        3114.56        1620.59         578.76         343.76
2012    39      1973         7750.84        2274.50        2976.45        1577.41         569.24         353.24
2012    39      1972         6361.56        1907.90        2372.81        1303.52         463.62         313.71
2012    40      1972         6231.46        1875.11        2295.19        1269.48         467.38         324.29
2012    40      1971         4652.07        1400.36        1673.89         917.45         386.71         273.65
2012    41      1971         4248.94        1266.65        1510.11         840.55         367.29         264.35
2012    41      1970         3062.38         880.37        1059.10         626.90         284.23         211.77
2012    42      1970         2698.63         768.63         922.90         554.10         254.77         198.23
2012    42      1969         1846.70         521.94         620.54         374.29         175.11         154.82
2012    43      1969         1626.31         459.06         537.46         329.72         155.89         144.18
2012    43      1968         1023.35         291.18         324.34         208.82         100.63          98.37
2012    44      1968          877.65         247.82         271.66         178.18          88.37          91.63
2012    44      1967          533.86         145.70         156.67         104.96          56.80          69.74
2012    45      1967          449.14         122.30         128.33          88.04          49.20          61.26
2012    45      1966          281.74          76.31          76.53          56.63          33.37          38.90
2012    46      1966          228.26          66.69          61.47          43.37          26.63          30.10
2012    46      1965          117.57          44.47          30.46          18.14          11.70          12.80
2012    47      1965          100.43          39.53          26.54          13.86          10.30          10.20
2012    47      1964           73.35          27.82          21.14           7.75           9.47           7.17
2012    48      1964           63.65          25.18          19.86           6.25           7.53           4.83
2012    48      1963           39.83          18.45          14.81           3.20           2.85           0.53
2012    49      1963           31.17          13.55          12.19           2.80           2.15           0.47
2012    49      1962           12.44           3.14           5.40           1.97           1.07           0.85
2012    50      1962           11.56           2.86           4.60           2.03           0.93           1.15
2012    50      1961           14.39           4.79           3.87           2.62           0.79           2.31
2012    51      1961           14.72           5.24           3.51           2.68           0.71           2.58
2012    51      1960           11.57           4.57           2.46           2.08           0.48           1.98
2012    52      1960           10.31           4.30           2.17           1.83           0.40           1.61
2012    52      1959            6.17           2.81           1.37           1.06           0.23           0.70
2012    53      1959            5.07           2.39           1.16           0.84           0.18           0.49
2012    53      1958            2.67           1.33           0.66           0.42           0.09           0.17
2012    54      1958            1.86           0.94           0.47           0.28           0.07           0.10
2012    54      1957            0.91           0.47           0.24           0.13           0.03           0.04
2012    55+        .            0.33           0.17           0.09           0.05           0.01           0.01
2013    12-        .            0.13           0.13           0.00           0.00           0.00           0.00
2013    13      2000            0.63           0.63           0.00           0.00           0.00           0.00
2013    13      1999           12.28          12.28           0.00           0.00           0.00           0.00
2013    14      1999           32.96          32.96           0.00           0.00           0.00           0.00
2013    14      1998          104.11         103.69           0.42           0.00           0.00           0.00
2013    15      1998          160.89         158.31           2.58           0.00           0.00           0.00
2013    15      1997          329.55         319.52          10.03           0.00           0.00           0.00
2013    16      1997          456.45         440.48          15.97           0.00           0.00           0.00
2013    16      1996          767.24         734.02          32.67           0.55           0.00           0.00
2013    17      1996          958.76         909.98          45.33           3.45           0.00           0.00
2013    17      1995         1521.48        1402.88         108.80           9.65           0.15           0.00
2013    18      1995         1872.52        1701.12         157.20          13.35           0.85           0.00
2013    18      1994         2608.89        2313.24         268.75          26.03           0.88           0.00
2013    19      1994         3107.11        2710.76         359.25          35.97           1.12           0.00
2013    19      1993         3885.14        3221.96         589.36          67.64           5.79           0.39
2013    20      1993         4505.86        3637.04         760.64          94.36          11.21           2.61
2013    20      1992         5228.92        4002.38        1037.90         160.13          24.34           4.17
2013    21      1992         5873.08        4386.62        1239.10         208.87          33.66           4.83
2013    21      1991         6556.77        4727.22        1494.97         286.02          41.49           7.07
2013    22      1991         7376.23        5221.78        1744.03         350.98          50.51           8.93
2013    22      1990         8903.56        6056.24        2263.76         487.31          81.19          15.06
2013    23      1990         9722.44        6503.76        2535.24         563.69          99.81          19.94
2013    23      1989        10595.96        6896.71        2848.95         676.98         135.40          37.92
2013    24      1989        11586.04        7455.29        3154.05         765.02         162.60          49.08
2013    24      1988        13380.97        8465.29        3717.54         917.55         222.37          58.22
2013    25      1988        14666.03        9210.71        4113.46        1017.45         255.63          68.78
2013    25      1987        15875.42        9877.31        4528.35        1096.95         272.41         100.40
2013    26      1987        17101.58       10533.69        4936.65        1207.05         303.59         120.60
2013    26      1986        18139.92       10802.98        5389.93        1418.70         380.95         147.36
2013    27      1986        19191.08       11252.02        5801.07        1545.30         426.05         166.64
2013    27      1985        19776.59       11238.53        6252.66        1617.94         472.14         195.32
2013    28      1985        21188.41       11868.47        6818.34        1769.06         515.86         216.68
2013    28      1984        21845.61       11921.60        7226.15        1949.60         527.08         221.18
2013    29      1984        22863.39       12329.40        7656.85        2084.40         554.92         237.82
2013    29      1983        23283.30       12324.42        7941.10        2158.58         582.76         276.43
2013    30      1983        24582.70       12814.58        8509.90        2329.42         625.24         303.57
2013    30      1982        25413.90       12688.15        9156.68        2580.03         667.21         321.83
2013    31      1982        26139.10       12764.85        9585.32        2735.97         709.79         343.17
2013    31      1981        25244.72       11782.78        9537.05        2791.78         764.63         368.48
2013    32      1981        25635.28       11649.22        9852.95        2921.22         810.37         401.52
2013    32      1980        24222.54       10341.82        9666.18        2933.89         815.52         465.12
2013    33      1980        24148.46       10020.18        9774.82        3021.11         845.48         486.88
2013    33      1979        21628.35        8509.93        8952.20        2901.11         832.75         432.36
2013    34      1979        21467.65        8248.07        8946.80        2979.89         857.25         435.64
2013    34      1978        19206.36        7094.42        8051.92        2846.61         806.26         407.16
2013    35      1978        19254.64        6954.58        8072.08        2963.39         837.74         426.84
2013    35      1977        16604.88        5708.26        6902.09        2783.63         786.83         424.08
2013    36      1977        16188.12        5447.74        6708.91        2793.37         801.17         436.92
2013    36      1976        13684.83        4443.06        5655.32        2440.87         744.34         401.25
2013    37      1976        13349.17        4258.94        5488.68        2430.13         754.66         416.75
2013    37      1975        10725.63        3303.79        4345.03        2039.33         642.15         395.33
2013    38      1975        10433.37        3180.21        4177.97        2016.67         649.85         408.67
2013    38      1974         8395.68        2532.27        3263.63        1665.24         577.39         357.15
2013    39      1974         8061.32        2428.73        3088.37        1609.76         572.61         361.85
2013    39      1973         6324.95        1920.38        2346.86        1266.43         466.72         324.55
2013    40      1973         5946.05        1799.62        2189.14        1191.57         449.28         316.45
2013    40      1972         4439.07        1327.34        1630.13         889.51         350.64         241.45
2013    41      1972         4227.93        1251.66        1544.87         847.49         346.36         237.55
2013    41      1971         3057.15         876.28        1100.97         616.85         276.79         186.26
2013    42      1971         2726.85         784.72         970.03         542.15         251.21         178.74
2013    42      1970         1851.72         553.91         638.54         343.58         167.66         148.03
2013    43      1970         1597.28         477.09         534.46         300.42         146.34         138.97
2013    43      1969         1059.76         305.06         325.31         219.63         101.40         108.36
2013    44      1969          912.24         265.94         273.69         188.37          87.60          96.64
2013    44      1968          542.86         170.55         158.88         103.50          51.99          57.93
2013    45      1968          455.14         143.45         133.12          87.50          42.01          49.07
2013    45      1967          263.17          79.61          78.51          55.75          21.35          27.95
2013    46      1967          223.83          68.39          66.49          45.25          17.65          26.05
2013    46      1966          152.71          47.93          43.78          24.03          12.07          24.90
2013    47      1966          123.29          41.07          34.22          18.97           8.93          20.10
2013    47      1965           58.75          23.99          14.67           9.61           2.64           7.85
2013    48      1965           50.25          21.01          12.33           8.39           2.36           6.15
2013    48      1964           37.89          15.29           9.52           6.69           2.77           3.61
2013    49      1964           35.11          13.71           8.48           6.31           3.23           3.39
2013    49      1963           25.96           8.85           5.16           4.65           4.21           3.09
2013    50      1963           24.04           8.15           4.84           4.35           3.79           2.91
2013    50      1962           17.41           6.32           4.17           3.26           1.69           1.96
2013    51      1962           15.52           5.76           3.91           2.90           1.31           1.64
2013    51      1961           10.66           4.13           2.90           1.95           0.74           0.95
2013    52      1961            9.01           3.58           2.54           1.61           0.57           0.72
2013    52      1960            5.18           2.16           1.55           0.87           0.28           0.32
2013    53      1960            4.21           1.80           1.29           0.68           0.21           0.23
2013    53      1959            2.30           1.02           0.74           0.35           0.10           0.09
2013    54      1959            1.64           0.74           0.53           0.24           0.07           0.06
2013    54      1958            0.78           0.36           0.26           0.11           0.03           0.02
2013    55+        .            0.28           0.13           0.09           0.04           0.01           0.01
2014    12-        .            0.18           0.17           0.01           0.00           0.00           0.00
2014    13      2001            0.89           0.84           0.04           0.00           0.00           0.00
2014    13      2000           18.14          17.83           0.31           0.00           0.00           0.00
2014    14      2000           46.79          46.16           0.63           0.00           0.00           0.00
2014    14      1999          113.44         112.24           1.20           0.00           0.00           0.00
2014    15      1999          164.56         162.76           1.80           0.00           0.00           0.00
2014    15      1998          341.15         334.86           6.14           0.15           0.00           0.00
2014    16      1998          470.85         459.14          10.86           0.85           0.00           0.00
2014    16      1997          829.86         796.83          31.02           2.01           0.00           0.00
2014    17      1997         1085.14        1030.17          51.98           2.99           0.00           0.00
2014    17      1996         1544.89        1409.82         125.17           9.90           0.00           0.00
2014    18      1996         1826.11        1632.18         178.83          15.10           0.00           0.00
2014    18      1995         2589.18        2257.38         307.12          23.61           1.07           0.00
2014    19      1995         3057.82        2622.62         395.88          32.39           6.93           0.00
2014    19      1994         3817.72        3156.23         572.87          80.47           7.77           0.38
2014    20      1994         4383.28        3536.77         717.13         117.53           9.23           2.62
2014    20      1993         5032.88        3789.51        1047.98         165.54          24.95           4.91
2014    21      1993         5691.12        4162.49        1279.02         206.46          37.05           6.09
2014    21      1992         6463.53        4561.29        1551.35         285.83          54.85          10.21
2014    22      1992         7223.47        5003.71        1790.65         347.17          69.15          12.79
2014    22      1991         8049.36        5371.65        2119.03         447.65          94.64          16.40
2014    23      1991         9080.64        5977.35        2429.97         536.35         116.36          20.60
2014    23      1990        10867.98        7028.49        2926.08         713.35         164.41          35.65
2014    24      1990        11909.02        7651.51        3217.92         805.65         188.59          45.35
2014    24      1989        13214.86        8444.28        3599.62         897.31         209.34          64.32
2014    25      1989        14477.14        9194.72        3969.38         999.69         234.66          78.68
2014    25      1988        16480.51       10254.79        4603.94        1220.66         294.07         107.04
2014    26      1988        17902.49       11023.21        5065.06        1352.34         334.93         126.96
2014    26      1987        18791.26       11303.34        5508.36        1426.22         392.98         160.37
2014    27      1987        20108.74       11949.66        5984.64        1555.78         438.02         180.63
2014    27      1986        21314.05       12341.05        6508.44        1785.23         489.28         190.06
2014    28      1986        22480.95       12839.95        6975.56        1930.77         527.72         206.94
2014    28      1985        22811.69       12645.46        7367.00        2006.79         550.73         241.70
2014    29      1985        24326.31       13303.54        7973.00        2174.21         601.27         274.30
2014    29      1984        24796.44       13245.62        8273.75        2293.70         662.77         320.60
2014    30      1984        25820.56       13597.38        8737.25        2441.30         699.23         345.40
2014    30      1983        25878.32       13220.29        9066.69        2577.57         674.79         338.98
2014    31      1983        27026.68       13504.71        9663.31        2780.43         716.21         362.02
2014    31      1982        26850.49       12627.52       10053.90        2985.96         784.87         398.24
2014    32      1982        27223.51       12455.48       10382.10        3135.04         827.13         423.76
2014    32      1981        25580.24       11137.94       10030.15        3139.07         829.73         443.34
2014    33      1981        25746.76       10908.06       10241.85        3261.93         869.27         465.66
2014    33      1980        23973.19        9576.78        9819.52        3230.40         887.68         458.81
2014    34      1980        23733.81        9233.22        9805.48        3299.60         919.32         476.19
2014    34      1979        20832.31        7715.18        8675.90        3080.97         884.32         475.94
2014    35      1979        20453.69        7422.82        8504.10        3125.03         904.68         497.06
2014    35      1978        17683.61        6233.40        7232.57        2894.63         835.86         487.15
2014    36      1978        17515.39        6049.60        7141.43        2947.37         868.14         508.85
2014    36      1977        14755.84        4850.61        6017.73        2588.88         829.03         469.59
2014    37      1977        14246.16        4588.39        5804.27        2552.12         831.97         469.41
2014    37      1976        11747.61        3652.53        4792.66        2192.69         710.10         399.63
2014    38      1976        11365.39        3492.47        4594.34        2157.31         709.90         411.37
2014    38      1975         8971.01        2711.58        3493.58        1751.98         611.33         402.54
2014    39      1975         8650.99        2608.42        3325.42        1696.02         608.67         412.46
2014    39      1974         6808.33        2074.48        2575.51        1318.89         498.84         340.62
2014    40      1974         6367.67        1929.52        2373.49        1243.11         487.16         334.38
2014    40      1973         4572.86        1347.13        1634.31         920.46         399.08         271.87
2014    41      1973         4198.14        1228.87        1481.69         855.54         368.92         263.13
2014    41      1972         3052.74         889.80        1063.29         640.98         248.04         210.63
2014    42      1972         2849.26         834.20         982.71         592.02         233.96         206.37
2014    42      1971         1959.05         590.76         659.60         381.60         173.00         154.09
2014    43      1971         1689.95         501.24         561.40         328.40         156.00         142.91
2014    43      1970         1056.47         285.38         341.03         212.13         108.54         109.39
2014    44      1970          878.53         242.62         276.97         174.87          91.46          92.61
2014    44      1969          536.06         168.95         159.03         101.37          54.52          52.18
2014    45      1969          462.94         152.05         133.97          86.63          45.48          44.82
2014    45      1968          296.83         104.89          81.44          54.97          26.40          29.13
2014    46      1968          248.17          88.11          68.56          46.03          20.60          24.87
2014    46      1967          135.05          45.48          39.76          25.92           9.31          14.58
2014    47      1967          114.95          39.52          34.24          21.08           7.69          12.42
2014    47      1966           80.74          30.47          24.41          12.04           5.40           8.42
2014    48      1966           67.26          26.53          19.59           9.96           4.60           6.58
2014    48      1965           35.26          15.43           8.52           5.96           2.60           2.75
2014    49      1965           30.74          13.57           7.48           5.04           2.40           2.25
2014    49      1964           23.02           9.83           6.49           3.10           2.15           1.46
2014    50      1964           21.98           9.17           6.51           2.90           1.85           1.54
2014    50      1963           18.09           6.91           5.68           2.50           0.92           2.07
2014    51      1963           16.88           6.30           5.40           2.33           0.75           2.11
2014    51      1962           11.68           4.33           3.84           1.61           0.44           1.46
2014    52      1962            9.96           3.74           3.33           1.37           0.36           1.16
2014    52      1961            5.92           2.33           2.05           0.80           0.20           0.54
2014    53      1961            4.80           1.94           1.68           0.65           0.16           0.38
2014    53      1960            2.61           1.11           0.93           0.34           0.08           0.15
2014    54      1960            1.85           0.80           0.66           0.24           0.06           0.09
2014    54      1959            0.90           0.40           0.32           0.11           0.03           0.04
2014    55+        .            0.33           0.14           0.12           0.04           0.01           0.01
2015    12-        .            0.19           0.17           0.02           0.00           0.00           0.00
2015    13      2002            0.95           0.87           0.08           0.00           0.00           0.00
2015    13      2001           19.19          18.56           0.64           0.00           0.00           0.00
2015    14      2001           49.66          48.40           1.27           0.00           0.00           0.00
2015    14      2000          124.39         122.14           2.08           0.17           0.00           0.00
2015    15      2000          180.61         176.86           2.92           0.83           0.00           0.00
2015    15      1999          350.26         341.28           8.50           0.48           0.00           0.00
2015    16      1999          480.74         465.72          14.50           0.52           0.00           0.00
2015    16      1998          803.76         762.35          39.46           1.81           0.14           0.00
2015    17      1998         1031.24         963.65          63.54           3.19           0.86           0.00
2015    17      1997         1507.64        1358.54         136.82          10.87           1.40           0.00
2015    18      1997         1903.36        1680.46         202.18          19.13           1.60           0.00
2015    18      1996         2701.92        2301.88         360.19          38.11           1.75           0.00
2015    19      1996         3179.08        2656.12         467.81          52.89           2.25           0.00
2015    19      1995         3911.54        3138.91         674.70          89.10           8.13           0.71
2015    20      1995         4463.46        3498.09         830.30         116.90          13.87           4.29
2015    20      1994         5091.65        3777.40        1111.84         172.93          27.54           1.94
2015    21      1994         5725.35        4137.60        1328.16         219.07          38.46           2.06
2015    21      1993         6399.85        4404.59        1624.45         310.32          53.35           7.14
2015    22      1993         7223.15        4869.41        1889.55         385.68          66.65          11.86
2015    22      1992         7946.33        5196.39        2143.33         494.88          88.86          22.87
2015    23      1992         8942.67        5771.61        2435.67         591.12         112.14          32.13
2015    23      1991         9939.43        6269.35        2733.34         717.45         174.32          44.97
2015    24      1991        11333.57        7118.65        3111.66         830.55         216.68          56.03
2015    24      1990        13517.55        8606.51        3639.14         946.54         250.70          74.66
2015    25      1990        14919.45        9469.49        4036.86        1045.46         280.30          87.34
2015    25      1989        16338.44       10074.26        4619.89        1202.69         331.89         109.70
2015    26      1989        17877.56       10896.74        5132.11        1348.31         372.11         128.30
2015    26      1988        19523.99       11656.31        5716.85        1570.44         418.13         162.27
2015    27      1988        21196.01       12512.69        6294.15        1740.56         461.87         186.73
2015    27      1987        22093.31       12725.52        6807.66        1845.68         502.11         212.35
2015    28      1987        23677.69       13478.48        7406.34        2004.32         550.89         237.65
2015    28      1986        24423.94       13603.88        7820.50        2132.12         602.45         264.99
2015    29      1986        25667.06       14104.12        8330.50        2289.88         648.55         294.01
2015    29      1985        25328.45       13466.82        8459.06        2401.69         661.50         339.38
2015    30      1985        26915.55       14076.18        9121.94        2613.31         725.50         378.62
2015    30      1984        26659.16       13497.03        9294.26        2678.85         798.19         390.84
2015    31      1984        27581.84       13688.97        9802.74        2833.15         846.81         410.16
2015    31      1983        26586.80       12621.98        9909.48        2857.52         804.15         393.67
2015    32      1983        27577.20       12729.02       10504.52        3070.48         855.85         417.33
2015    32      1982        26690.39       11468.46       10572.52        3280.44         928.22         440.76
2015    33      1982        26936.61       11232.54       10829.48        3433.56         973.78         467.24
2015    33      1981        24670.60        9800.77       10140.75        3306.95         940.78         481.35
2015    34      1981        24738.40        9589.23       10244.25        3421.05         969.22         514.65
2015    34      1980        22616.08        8361.57        9435.38        3346.03         925.68         547.42
2015    35      1980        22287.92        8049.43        9298.62        3422.97         949.32         567.58
2015    35      1979        18966.25        6544.48        7840.98        3172.57         903.41         504.82
2015    36      1979        18413.75        6211.52        7593.02        3168.43         925.59         515.18
2015    36      1978        15216.79        4901.97        6276.83        2687.82         854.56         495.60
2015    37      1978        14921.21        4736.03        6101.17        2700.18         874.44         509.40
2015    37      1977        12242.13        3830.28        4836.41        2373.41         767.81         434.23
2015    38      1977        11762.87        3641.72        4615.59        2313.59         752.19         439.77
2015    38      1976         9498.94        2865.71        3742.70        1863.38         606.03         421.13
2015    39      1976         9128.06        2739.29        3563.30        1794.62         605.97         424.87
2015    39      1975         7027.96        2110.90        2647.34        1389.97         542.72         337.03
2015    40      1975         6664.04        1998.10        2475.66        1317.03         534.28         338.97
2015    40      1974         4950.22        1482.67        1793.65         968.02         402.84         303.04
2015    41      1974         4482.78        1328.33        1604.35         880.98         376.16         292.96
2015    41      1973         2941.13         837.39        1028.98         593.64         269.49         211.63
2015    42      1973         2605.87         742.61         898.02         525.36         244.51         195.37
2015    42      1972         1744.83         513.25         580.11         341.40         170.30         139.76
2015    43      1972         1599.17         474.75         523.89         316.60         150.70         133.24
2015    43      1971         1077.33         323.69         345.32         226.30          85.67          96.35
2015    44      1971          929.67         283.31         289.68         192.70          74.33          89.65
2015    44      1970          586.92         185.94         165.73         111.43          53.29          70.53
2015    45      1970          487.08         156.06         138.27          88.57          44.71          59.47
2015    45      1969          291.45          93.85          89.82          49.44          25.82          32.53
2015    46      1969          249.55          83.15          78.18          38.56          22.18          27.47
2015    46      1968          155.15          56.76          49.79          17.45          14.01          17.14
2015    47      1968          130.85          51.24          39.21          14.55          11.99          13.86
2015    47      1967           73.26          34.47          16.19           9.50           6.68           6.42
2015    48      1967           64.74          30.53          13.81           8.50           6.32           5.58
2015    48      1966           50.43          20.92          11.48           6.52           6.70           4.81
2015    49      1966           44.57          19.08          10.52           5.48           5.30           4.19
2015    49      1965           26.52          13.40           6.85           2.68           1.62           1.98
2015    50      1965           24.48          12.60           6.15           2.32           1.38           2.02
2015    50      1964           20.71          10.18           4.41           1.74           1.30           3.08
2015    51      1964           19.35           9.40           3.98           1.57           1.21           3.20
2015    51      1963           13.37           6.49           2.74           1.08           0.82           2.24
2015    52      1963           11.49           5.64           2.42           0.94           0.69           1.79
2015    52      1962            6.55           3.32           1.51           0.57           0.37           0.77
2015    53      1962            5.27           2.70           1.26           0.48           0.29           0.53
2015    53      1961            2.90           1.51           0.76           0.28           0.15           0.20
2015    54      1961            2.03           1.06           0.55           0.20           0.10           0.12
2015    54      1960            0.98           0.51           0.28           0.10           0.05           0.04
2015    55+        .            0.35           0.18           0.10           0.04           0.02           0.02
2016    12-        .            0.22           0.20           0.01           0.00           0.00           0.00
2016    13      2003            1.06           1.01           0.04           0.00           0.00           0.00
2016    13      2002           21.40          21.08           0.32           0.00           0.00           0.00
2016    14      2002           54.35          53.72           0.62           0.00           0.00           0.00
2016    14      2001          129.80         128.64           1.16           0.00           0.00           0.00
2016    15      2001          186.26         184.42           1.84           0.00           0.00           0.00
2016    15      2000          397.33         386.15          11.04           0.14           0.00           0.00
2016    16      2000          551.86         528.03          22.96           0.86           0.00           0.00
2016    16      1999          905.70         842.91          59.81           2.97           0.00           0.00
2016    17      1999         1167.72        1069.47          93.22           5.03           0.00           0.00
2016    17      1998         1745.50        1544.00         182.09          18.99           0.25           0.17
2016    18      1998         2167.28        1878.68         254.00          32.03           1.75           0.83
2016    18      1997         3198.89        2653.02         477.35          61.53           7.00           0.00
2016    19      1997         3904.52        3169.12         638.88          85.52          11.01           0.00
2016    19      1996         4635.13        3628.80         846.98         138.68          20.68           0.00
2016    20      1996         5085.80        3894.64         991.39         173.42          26.35           0.00
2016    20      1995         5948.82        4272.65        1374.58         257.44          40.17           3.99
2016    21      1995         6491.66        4533.01        1588.00         310.75          49.88          10.02
2016    21      1994         7231.56        4851.55        1880.48         410.73          75.86          12.93
2016    22      1994         7869.45        5172.29        2103.28         482.56          95.23          16.10
2016    22      1993         8536.77        5371.20        2396.48         602.73         137.94          28.42
2016    23      1993         9445.82        5860.80        2675.47         702.69         169.22          37.63
2016    23      1992        10582.43        6513.26        2952.41         847.17         213.72          55.88
2016    24      1992        11730.02        7167.14        3280.74         966.41         246.52          69.22
2016    24      1991        13008.65        7772.89        3750.01        1119.99         277.32          88.44
2016    25      1991        14577.85        8683.96        4211.43        1257.76         317.99         106.71
2016    25      1990        17504.85       10556.86        4938.23        1437.98         419.74         152.04
2016    26      1990        18954.42       11404.91        5353.62        1553.96         465.71         176.21
2016    26      1989        20456.61       12053.85        5933.50        1754.81         503.28         211.17
2016    27      1989        21944.85       12799.37        6454.71        1907.33         546.25         237.18
2016    27      1988        23967.96       13654.82        7296.21        2112.69         624.44         279.80
2016    28      1988        25506.91       14351.89        7896.47        2273.67         676.22         308.66
2016    28      1987        26302.96       14402.27        8425.83        2416.09         717.80         340.97
2016    29      1987        27607.80       14913.61        8984.21        2575.46         764.95         369.58
2016    29      1986        28113.34       14801.05        9404.93        2708.88         800.85         397.64
2016    30      1986        29019.06       15026.85        9861.39        2853.83         847.98         429.00
2016    30      1985        28521.98       14179.42       10004.08        2949.77         905.67         483.05
2016    31      1985        29646.62       14422.16       10600.40        3137.07         963.27         523.72
2016    31      1984        28558.27       13294.06       10671.07        3142.22         931.65         519.27
2016    32      1984        28850.18       13064.10       11022.54        3260.70         962.30         540.54
2016    32      1983        27379.04       11582.47       10952.26        3297.22         988.17         558.92
2016    33      1983        27841.98       11440.07       11300.34        3473.79        1039.84         587.95
2016    33      1982        26470.26       10346.63       10898.40        3583.95        1050.40         590.89
2016    34      1982        26298.27       10035.41       10876.02        3693.18        1088.65         605.01
2016    34      1981        24076.00        8788.72        9982.02        3602.93        1116.23         586.10
2016    35      1981        23796.54        8502.75        9846.98        3693.16        1145.86         607.79
2016    35      1980        21459.28        7379.77        8767.66        3609.18        1071.46         631.20
2016    36      1980        20689.13        6942.18        8440.82        3592.83        1072.56         640.74
2016    36      1979        17091.30        5401.60        7012.71        3124.77         987.03         565.19
2016    37      1979        16260.35        5039.75        6654.17        3022.90         976.89         566.64
2016    37      1978        13297.18        4029.92        5386.61        2507.15         841.62         531.88
2016    38      1978        12871.04        3864.05        5156.77        2455.16         849.16         545.90
2016    38      1977        10530.26        3114.20        4073.90        2065.28         780.73         496.16
2016    39      1977         9939.82        2926.49        3800.06        1969.76         751.97         491.55
2016    39      1976         7850.18        2305.60        2962.45        1583.45         577.89         420.79
2016    40      1976         7290.84        2139.88        2711.22        1475.32         548.61         415.81
2016    40      1975         5198.52        1530.28        1847.96        1044.29         426.29         349.68
2016    41      1975         4733.46        1379.01        1666.41         952.19         404.07         331.79
2016    41      1974         3315.87         929.03        1165.69         675.13         310.08         235.94
2016    42      1974         2948.38         824.13        1031.53         596.16         278.17         218.38
2016    42      1973         1964.08         562.37         676.82         384.50         177.66         162.73
2016    43      1973         1706.65         486.72         583.30         329.67         155.48         151.49
2016    43      1972         1100.57         300.86         372.00         206.47         104.07         117.17
2016    44      1972          967.84         273.19         317.06         180.61          94.01         102.98
2016    44      1971          585.72         191.87         171.49         108.60          60.87          52.90
2016    45      1971          504.50         166.16         145.54          93.45          52.18          47.17
2016    45      1970          349.66         103.67         104.21          66.70          34.35          40.72
2016    46      1970          290.47          92.34          84.80          51.33          26.67          35.33
2016    46      1969          166.83          71.19          41.64          20.54          12.16          21.30
2016    47      1969          144.23          63.82          37.36          17.47           9.85          15.72
2016    47      1968           95.31          38.81          31.73          13.70           6.04           5.04
2016    48      1968           84.73          35.20          28.28          12.31           4.97           3.97
2016    48      1967           55.62          26.70          16.29           7.63           2.63           2.37
2016    49      1967           52.40          25.30          14.71           7.38           2.38           2.63
2016    49      1966           46.18          20.09          11.65           7.22           2.01           5.21
2016    50      1966           42.84          17.91          10.35           6.78           1.99           5.80
2016    50      1965           28.49          11.27           6.53           4.47           1.80           4.43
2016    51      1965           24.98           9.78           5.70           3.90           1.70           3.91
2016    51      1964           16.35           6.50           3.85           2.52           1.18           2.30
2016    52      1964           13.69           5.53           3.32           2.10           0.99           1.75
2016    52      1963            7.58           3.20           1.97           1.14           0.52           0.74
2016    53      1963            6.07           2.62           1.63           0.90           0.40           0.51
2016    53      1962            3.18           1.42           0.91           0.46           0.19           0.20
2016    54      1962            2.21           1.00           0.65           0.31           0.13           0.12
2016    54      1961            1.08           0.50           0.33           0.15           0.06           0.05
2016    55+        .            0.38           0.18           0.12           0.05           0.02           0.02
2017    12-        .            0.17           0.17           0.00           0.00           0.00           0.00
2017    13      2004            0.81           0.81           0.00           0.00           0.00           0.00
2017    13      2003           15.54          15.54           0.00           0.00           0.00           0.00
2017    14      2003           39.48          39.48           0.00           0.00           0.00           0.00
2017    14      2002          102.05         101.64           0.41           0.00           0.00           0.00
2017    15      2002          149.98         147.39           2.59           0.00           0.00           0.00
2017    15      2001          329.17         314.19          14.69           0.29           0.00           0.00
2017    16      2001          457.92         430.90          25.32           1.71           0.00           0.00
2017    16      2000          765.50         712.88          49.53           2.95           0.14           0.00
2017    17      2000          981.71         906.32          70.48           4.05           0.86           0.00
2017    17      1999         1481.57        1290.49         174.63          14.72           1.73           0.00
2017    18      1999         1860.83        1574.85         258.42          25.29           2.27           0.00
2017    18      1998         2753.44        2253.51         439.52          55.54           4.87           0.00
2017    19      1998         3312.29        2657.08         569.59          78.48           7.13           0.00
2017    19      1997         4074.49        3120.92         818.84         117.79          16.31           0.64
2017    20      1997         4723.56        3525.88        1016.35         153.26          23.70           4.36
2017    20      1996         5597.24        3920.26        1383.43         251.61          34.87           7.06
2017    21      1996         6030.15        4103.69        1565.88         309.49          43.15           7.94
2017    21      1995         6743.37        4365.45        1865.69         430.04          69.69          12.50
2017    22      1995         7254.30        4610.60        2036.71         502.12          89.36          15.51
2017    22      1994         8050.23        5034.75        2229.91         613.83         146.83          24.91
2017    23      1994         8834.80        5466.46        2452.56         702.39         180.28          33.10
2017    23      1993         9845.91        5925.81        2813.28         848.49         198.25          60.07
2017    24      1993        10987.59        6572.61        3155.31         954.81         227.89          76.97
2017    24      1992        12428.75        7476.51        3555.99        1011.56         299.47          85.23
2017    25      1992        13815.39        8289.27        3954.76        1125.80         346.74          98.83
2017    25      1991        15464.75        9118.63        4440.17        1373.01         395.72         137.22
2017    26      1991        17277.17       10143.53        4975.75        1550.48         445.54         161.88
2017    26      1990        20349.91       11961.59        5912.81        1755.55         530.26         189.70
2017    27      1990        21804.13       12744.17        6414.39        1870.06         566.09         209.42
2017    27      1989        22996.27       13111.61        7076.50        1981.82         575.47         250.87
2017    28      1989        24467.42       13787.40        7642.94        2135.87         618.91         282.30
2017    28      1988        26643.67       14653.47        8437.59        2464.62         742.89         345.10
2017    29      1988        28205.90       15281.84        9075.10        2662.23         803.60         383.13
2017    29      1987        28507.52       14895.36        9637.09        2755.74         803.53         415.80
2017    30      1987        29639.44       15218.96       10205.82        2919.20         847.99         447.47
2017    30      1986        29829.69       14838.66       10525.63        3078.45         909.86         477.08
2017    31      1986        30341.52       14757.58       10894.40        3224.58         957.72         507.23
2017    31      1985        28734.46       13189.71       10738.61        3274.40         985.20         546.54
2017    32      1985        29396.50       13106.12       11204.44        3469.70        1035.43         580.81
2017    32      1984        27802.77       11675.37       11034.54        3531.45         999.95         561.45
2017    33      1984        27741.89       11321.08       11183.51        3640.72        1022.68         573.90
2017    33      1983        25679.32        9939.60       10599.01        3560.34        1013.33         567.05
2017    34      1983        25814.84        9723.47       10735.93        3697.82        1065.32         592.31
2017    34      1982        24119.14        8584.49       10087.06        3720.46        1121.70         605.42
2017    35      1982        23732.60        8246.23        9931.70        3775.72        1152.00         626.95
2017    35      1981        21392.35        7150.51        8924.56        3587.04        1095.78         634.46
2017    36      1981        20834.71        6819.88        8668.93        3578.07        1109.89         657.93
2017    36      1980        18044.69        5663.55        7448.87        3218.75        1058.45         655.07
2017    37      1980        17149.52        5272.50        7040.31        3133.21        1046.19         657.32
2017    37      1979        13863.26        4081.24        5622.37        2682.35         902.81         574.49
2017    38      1979        13094.97        3812.49        5252.48        2580.42         879.72         569.85
2017    38      1978        10665.09        3090.00        4145.38        2152.73         756.74         520.25
2017    39      1978        10212.41        2951.54        3927.22        2061.88         749.71         522.06
2017    39      1977         8126.73        2348.54        3078.73        1602.80         648.44         448.21
2017    40      1977         7453.13        2142.85        2799.69        1470.64         608.92         431.04
2017    40      1976         5413.27        1529.47        2001.88        1083.87         449.46         348.58
2017    41      1976         4882.97        1373.77        1778.38         987.42         413.78         329.62
2017    41      1975         3333.74         937.80        1163.82         692.88         295.27         243.96
2017    42      1975         2975.02         832.34        1019.32         618.30         275.89         229.17
2017    42      1974         2016.39         552.85         666.48         411.24         212.96         172.86
2017    43      1974         1739.06         479.23         563.59         349.86         187.15         159.24
2017    43      1973         1054.44         298.42         327.14         203.03         111.99         113.86
2017    44      1973          915.79         265.62         280.90         177.01          93.06          99.20
2017    44      1972          628.60         194.42         190.67         128.92          54.12          60.47
2017    45      1972          553.54         178.61         166.35         108.11          46.91          53.56
2017    45      1971          327.74         117.03          96.03          49.71          29.29          35.69
2017    46      1971          273.33          99.99          78.98          43.30          23.73          27.33
2017    46      1970          169.49          62.15          46.33          36.83          12.71          11.46
2017    47      1970          139.55          51.86          38.67          30.17          10.30           8.55
2017    47      1969           82.85          31.97          25.54          14.76           6.49           4.09
2017    48      1969           73.17          29.04          22.46          12.24           5.52           3.91
2017    48      1968           50.27          20.96          13.69           7.76           3.50           4.35
2017    49      1968           47.74          21.04          13.31           6.24           2.50           4.65
2017    49      1967           39.48          19.90          12.67           2.51           0.51           3.90
2017    50      1967           37.53          19.10          11.33           2.49           0.49           4.11
2017    50      1966           28.60          13.26           6.21           3.80           1.10           4.23
2017    51      1966           25.84          11.51           5.13           4.02           1.27           3.90
2017    51      1965           17.05           7.27           3.19           3.15           1.11           2.33
2017    52      1965           14.36           6.10           2.69           2.78           1.00           1.79
2017    52      1964            8.16           3.55           1.64           1.61           0.58           0.78
2017    53      1964            6.57           2.90           1.37           1.29           0.46           0.55
2017    53      1963            3.46           1.57           0.80           0.65           0.23           0.22
2017    54      1963            2.43           1.12           0.58           0.44           0.15           0.13
2017    54      1962            1.14           0.54           0.29           0.20           0.07           0.05
2017    55+        .            0.41           0.19           0.10           0.07           0.02           0.02
