East Germany, Period fertility tables, birth orders 1 to 5+
Last modified: 04/02/2019
Year     x       w0x       m1x       q1x     l0x    b1x     L0x   Sb1x       w1x       m2x       q2x    l1x    b2x     L1x   Sb2x       w2x       m3x       q3x    l2x    b3x     L2x   Sb3x       w3x       m4x       q4x    l3x    b4x     L3x   Sb4x       w4x      m5px      q5px    l4x   b5px     L4x  Sb5px
1986    12-  1.00000   0.00000   0.00000   10000      0   10000      0   0.00000         .         .      0      0       0      0   0.00000         .         .      0      0       0      0   0.00000         .         .      0      0       0      0   0.00000         .         .      0      0       0      0
1986    13   1.00000   0.00000   0.00000   10000      0   10000      0   0.00000         .         .      0      0       0      0   0.00000         .         .      0      0       0      0   0.00000         .         .      0      0       0      0   0.00000         .         .      0      0       0      0
1986    14   0.99995   0.00010   0.00010   10000      1    9999      0   0.00005   0.00000   0.00000      0      0       1      0   0.00000         .         .      0      0       0      0   0.00000         .         .      0      0       0      0   0.00000         .         .      0      0       0      0
1986    15   0.99912   0.00142   0.00142    9999     14    9992      1   0.00087   0.00511   0.00509      1      0       8      0   0.00001         .         .      0      0       0      0   0.00000         .         .      0      0       0      0   0.00000         .         .      0      0       0      0
1986    16   0.99501   0.00623   0.00621    9985     62    9954     15   0.00493   0.02954   0.02911     15      1      46      0   0.00006   0.00000   0.00000      0      0       0      0   0.00000         .         .      0      0       0      0   0.00000         .         .      0      0       0      0
1986    17   0.98105   0.01996   0.01976    9923    196    9825     77   0.01859   0.03072   0.03025     76      5     173      1   0.00035   0.00477   0.00476      1      0       3      0   0.00001         .         .      0      0       0      0   0.00000         .         .      0      0       0      0
1986    18   0.94198   0.05714   0.05556    9727    540    9456    273   0.05610   0.04565   0.04463    267     24     531      7   0.00183   0.04790   0.04678      7      1      12      0   0.00009   0.02092   0.02070      0      0       0      0   0.00000         .         .      0      0       0      0
1986    19   0.85987   0.12050   0.11365    9186   1044    8664    814   0.13245   0.06676   0.06461    783     85    1279     31   0.00731   0.06337   0.06142     30      3      55      1   0.00035   0.11130   0.10543      1      0       2      0   0.00002         .         .      0      0       0      0
1986    20   0.73816   0.16427   0.15181    8142   1236    7524   1858   0.23870   0.08600   0.08245   1741    197    2288    116   0.02182   0.06069   0.05890    112     11     181      4   0.00123   0.09297   0.08884      4      1       7      0   0.00008   0.02210   0.02186      0      0       0      0
1986    21   0.60199   0.19779   0.17999    6906   1243    6285   3094   0.34385   0.10730   0.10183   2781    350    3261    313   0.05039   0.06334   0.06140    298     27     430     15   0.00346   0.09816   0.09357     14      2      23      1   0.00030   0.13748   0.12864      1      0       1      0
1986    22   0.47039   0.22034   0.19848    5663   1124    5101   4337   0.42677   0.12597   0.11851   3674    506    4018    663   0.09451   0.06106   0.05925    621     50     820     42   0.00748   0.09552   0.09116     39      5      56      3   0.00085   0.10912   0.10347      3      1       5      0
1986    23   0.35541   0.23516   0.21042    4539    955    4062   5461   0.47456   0.14436   0.13464   4292    647    4480   1169   0.15402   0.05729   0.05569   1077     77    1336     92   0.01415   0.09278   0.08866     84     10     110      8   0.00187   0.13228   0.12407      8      2      12      1
1986    24   0.26407   0.23467   0.21003    3584    753    3208   6416   0.48348   0.15908   0.14736   4600    738    4637   1816   0.22508   0.05330   0.05191   1647    104    1943    169   0.02379   0.08901   0.08522    150     17     187     19   0.00358   0.12130   0.11436     19      3      25      2
1986    25   0.19934   0.21316   0.19263    2831    545    2559   7169   0.46304   0.16409   0.15165   4615    745    4538   2554   0.29609   0.04860   0.04745   2281    125    2577    272   0.03535   0.08126   0.07809    237     23     282     35   0.00618   0.11767   0.11113     35      5      44      5
1986    26   0.15855   0.17524   0.16113    2286    368    2102   7714   0.42548   0.16074   0.14878   4416    687    4272   3298   0.35889   0.04585   0.04482   2901    145    3164    398   0.04761   0.07488   0.07218    340     29     392     58   0.00947   0.12077   0.11389     58      9      70     11
1986    27   0.13263   0.14000   0.13084    1918    251    1792   8082   0.38789   0.14435   0.13464   4098    570    3947   3985   0.40780   0.04134   0.04051   3442    151    3648    543   0.05883   0.06594   0.06383    455     34     510     88   0.01285   0.09600   0.09160     88     10     102     19
1986    28   0.11578   0.11555   0.10924    1667    182    1576   8333   0.35766   0.12004   0.11325   3779    439    3656   4555   0.44158   0.03829   0.03757   3861    153    4002    694   0.06893   0.05683   0.05526    572     36     629    121   0.01605   0.09027   0.08637    121     12     137     29
1986    29   0.10539   0.09126   0.08727    1485    130    1420   8515   0.33345   0.09610   0.09169   3522    329    3425   4993   0.46498   0.03404   0.03347   4147    144    4239    847   0.07723   0.04802   0.04690    690     36     743    157   0.01895   0.08867   0.08491    157     15     173     41
1986    30   0.09748   0.07389   0.07126    1355     97    1307   8645   0.31635   0.07879   0.07580   3322    256    3245   5323   0.48013   0.02901   0.02860   4332    128    4395    991   0.08379   0.04194   0.04108    799     35     844    193   0.02225   0.08912   0.08531    193     19     209     57
1986    31   0.09209   0.05829   0.05664    1259     71    1223   8741   0.30512   0.06025   0.05849   3163    187    3106   5578   0.48623   0.02535   0.02503   4460    114    4496   1119   0.09040   0.04005   0.03926    891     37     929    228   0.02617   0.09110   0.08713    228     22     246     75
1986    32   0.08746   0.04392   0.04298    1187     51    1162   8813   0.29751   0.04157   0.04072   3047    125    3011   5765   0.48992   0.02108   0.02086   4533     96    4548   1233   0.09642   0.03448   0.03390    967     34     998    265   0.02869   0.08052   0.07741    265     23     282     98
1986    33   0.08167   0.03605   0.03541    1136     40    1116   8864   0.29570   0.03154   0.03105   2973     93    2947   5891   0.49143   0.01836   0.01819   4562     84    4567   1328   0.10056   0.03106   0.03058   1029     33    1055    300   0.03064   0.07094   0.06851    300     22     315    120
1986    34   0.07729   0.02752   0.02715    1096     30    1081   8904   0.29848   0.02189   0.02166   2920     64    2904   5984   0.48800   0.01468   0.01457   4571     67    4570   1412   0.10277   0.02651   0.02616   1080     29    1099    332   0.03345   0.05717   0.05558    332     20     347    143
1986    35   0.07577   0.02050   0.02030    1066     22    1055   8934   0.30021   0.01587   0.01575   2887     46    2875   6047   0.48116   0.01186   0.01179   4568     54    4564   1479   0.10676   0.02112   0.02090   1118     24    1133    362   0.03611   0.05092   0.04965    362     19     373    162
1986    36   0.07557   0.01546   0.01534    1045     16    1037   8955   0.29916   0.01079   0.01074   2863     31    2855   6093   0.47143   0.00911   0.00907   4559     41    4554   1534   0.11415   0.01793   0.01777   1148     21    1159    385   0.03969   0.04422   0.04326    385     17     396    181
1986    37   0.07554   0.01285   0.01277    1029     13    1022   8971   0.29220   0.00729   0.00726   2848     21    2844   6124   0.46456   0.00673   0.00671   4549     31    4544   1575   0.12244   0.01314   0.01305   1169     15    1176    406   0.04526   0.03550   0.03488    406     15     414    199
1986    38   0.07559   0.00883   0.00879    1015      9    1011   8985   0.28943   0.00489   0.00488   2840     14    2838   6144   0.45500   0.00445   0.00444   4539     20    4536   1606   0.12915   0.00775   0.00772   1184      9    1189    422   0.05084   0.02406   0.02378    422     10     426    214
1986    39   0.07507   0.00476   0.00475    1006      5    1004   8994   0.29171   0.00336   0.00336   2835     10    2833   6158   0.43912   0.00276   0.00276   4532     13    4531   1626   0.13672   0.00580   0.00579   1195      7    1198    431   0.05739   0.01789   0.01773    431      8     434    224
1986    40   0.08036   0.00227   0.00227    1002      2    1001   8998   0.28965   0.00155   0.00155   2831      4    2830   6168   0.42276   0.00157   0.00157   4529      7    4528   1638   0.14268   0.00367   0.00366   1200      4    1202    438   0.06455   0.01322   0.01314    438      6     440    232
1986    41   0.08569   0.00160   0.00160     999      2     999   9001   0.28771   0.00080   0.00080   2828      2    2828   6172   0.41027   0.00126   0.00126   4527      6    4525   1645   0.14739   0.00240   0.00239   1203      3    1205    442   0.06892   0.00735   0.00732    442      3     444    238
1986    42   0.08907   0.00136   0.00136     998      1     997   9002   0.28444   0.00054   0.00054   2828      2    2828   6174   0.39948   0.00099   0.00099   4523      4    4522   1651   0.15231   0.00193   0.00193   1206      2    1207    445   0.07471   0.00494   0.00493    445      2     446    241
1986    43   0.09852   0.00068   0.00068     996      1     996   9004   0.27896   0.00027   0.00027   2828      1    2828   6176   0.38356   0.00039   0.00039   4520      2    4520   1656   0.15551   0.00076   0.00076   1208      1    1209    447   0.08345   0.00240   0.00240    447      1     448    243
1986    44   0.10117   0.00034   0.00034     996      0     996   9004   0.27712   0.00025   0.00025   2828      1    2827   6177   0.36825   0.00025   0.00025   4519      1    4519   1657   0.15978   0.00035   0.00035   1209      0    1209    448   0.09368   0.00158   0.00158    448      1     449    244
1986    45         .         .         .     995      .       .   9005         .         .         .   2827      .       .   6177         .         .         .   4519      .       .   1658         .         .         .   1210      .       .    449         .         .         .    449      .       .    245
1986    46         .         .         .       .      .       .      .         .         .         .      .      .       .      .         .         .         .      .      .       .      .         .         .         .      .      .       .      .         .         .         .      .      .       .      .
1986    47         .         .         .       .      .       .      .         .         .         .      .      .       .      .         .         .         .      .      .       .      .         .         .         .      .      .       .      .         .         .         .      .      .       .      .
1986    48         .         .         .       .      .       .      .         .         .         .      .      .       .      .         .         .         .      .      .       .      .         .         .         .      .      .       .      .         .         .         .      .      .       .      .
1986    49         .         .         .       .      .       .      .         .         .         .      .      .       .      .         .         .         .      .      .       .      .         .         .         .      .      .       .      .         .         .         .      .      .       .      .
1986    50         .         .         .       .      .       .      .         .         .         .      .      .       .      .         .         .         .      .      .       .      .         .         .         .      .      .       .      .         .         .         .      .      .       .      .
1986    51         .         .         .       .      .       .      .         .         .         .      .      .       .      .         .         .         .      .      .       .      .         .         .         .      .      .       .      .         .         .         .      .      .       .      .
1986    52         .         .         .       .      .       .      .         .         .         .      .      .       .      .         .         .         .      .      .       .      .         .         .         .      .      .       .      .         .         .         .      .      .       .      .
1986    53         .         .         .       .      .       .      .         .         .         .      .      .       .      .         .         .         .      .      .       .      .         .         .         .      .      .       .      .         .         .         .      .      .       .      .
1986    54         .         .         .       .      .       .      .         .         .         .      .      .       .      .         .         .         .      .      .       .      .         .         .         .      .      .       .      .         .         .         .      .      .       .      .
1986    55+        .         .         .       .      .       .      .         .         .         .      .      .       .      .         .         .         .      .      .       .      .         .         .         .      .      .       .      .         .         .         .      .      .       .      .
1987    12-  1.00000   0.00000   0.00000   10000      0   10000      0   0.00000         .         .      0      0       0      0   0.00000         .         .      0      0       0      0   0.00000         .         .      0      0       0      0   0.00000         .         .      0      0       0      0
1987    13   1.00000   0.00000   0.00000   10000      0   10000      0   0.00000         .         .      0      0       0      0   0.00000         .         .      0      0       0      0   0.00000         .         .      0      0       0      0   0.00000         .         .      0      0       0      0
1987    14   0.99993   0.00015   0.00015   10000      1    9999      0   0.00007   0.00000   0.00000      0      0       1      0   0.00000         .         .      0      0       0      0   0.00000         .         .      0      0       0      0   0.00000         .         .      0      0       0      0
1987    15   0.99917   0.00148   0.00148    9999     15    9991      1   0.00083   0.00203   0.00203      1      0       9      0   0.00000         .         .      0      0       0      0   0.00000         .         .      0      0       0      0   0.00000         .         .      0      0       0      0
1987    16   0.99545   0.00561   0.00559    9984     56    9956     16   0.00449   0.01633   0.01620     16      1      44      0   0.00006   0.00000   0.00000      0      0       0      0   0.00000         .         .      0      0       0      0   0.00000         .         .      0      0       0      0
1987    17   0.98297   0.01780   0.01764    9928    175    9840     72   0.01669   0.02412   0.02383     71      4     158      1   0.00034   0.00235   0.00235      1      0       2      0   0.00000         .         .      0      0       0      0   0.00000         .         .      0      0       0      0
1987    18   0.94662   0.05160   0.05031    9753    491    9507    247   0.05159   0.04235   0.04147    243     20     483      5   0.00175   0.03145   0.03096      5      0      10      0   0.00004         .         .      0      0       0      0   0.00000         .         .      0      0       0      0
1987    19   0.86635   0.11225   0.10629    9262    984    8770    738   0.12613   0.07016   0.06778    713     83    1181     25   0.00718   0.05566   0.05416     25      3      48      0   0.00032   0.02785   0.02747      0      0       1      0   0.00001         .         .      0      0       0      0
1987    20   0.74931   0.15886   0.14717    8278   1218    7669   1722   0.22844   0.09046   0.08654   1614    195    2154    108   0.02102   0.06182   0.05996    105     11     172      3   0.00115   0.11668   0.11025      3      1       6      0   0.00008   0.13697   0.12819      0      0       0      0
1987    21   0.61885   0.18733   0.17128    7059   1209    6455   2941   0.32964   0.10851   0.10293   2638    337    3107    303   0.04803   0.06178   0.05993    289     26     416     14   0.00318   0.08787   0.08417     13      2      21      1   0.00030   0.09238   0.08831      1      0       1      0
1987    22   0.49061   0.21138   0.19118    5850   1118    5291   4150   0.41022   0.13002   0.12208   3510    501    3855    640   0.09092   0.06392   0.06194    600     51     796     39   0.00740   0.10641   0.10103     37      6      53      3   0.00085   0.15170   0.14101      3      1       4      0
1987    23   0.37503   0.23022   0.20645    4732    977    4243   5268   0.46018   0.15161   0.14092   4127    656    4325   1141   0.14916   0.05919   0.05749   1051     78    1311     90   0.01377   0.09436   0.09011     82     10     108      8   0.00186   0.11891   0.11224      8      1      12      1
1987    24   0.28013   0.24071   0.21485    3755    807    3352   6245   0.47635   0.16498   0.15240   4448    745    4513   1797   0.21710   0.05476   0.05330   1629    105    1924    168   0.02293   0.08183   0.07861    149     15     187     18   0.00349   0.08517   0.08169     18      2      24      2
1987    25   0.20994   0.21935   0.19767    2948    583    2657   7052   0.46074   0.16773   0.15476   4511    747    4453   2541   0.28860   0.05169   0.05038   2268    132    2560    273   0.03476   0.07677   0.07393    239     22     288     34   0.00596   0.10973   0.10403     34      5      43      4
1987    26   0.16326   0.17915   0.16442    2365    389    2171   7635   0.42547   0.16698   0.15411   4346    702    4206   3288   0.35384   0.04883   0.04767   2883    154    3149    405   0.04815   0.06812   0.06587    350     28     407     56   0.00927   0.12776   0.12008     56      9      67      9
1987    27   0.13493   0.14491   0.13512    1976    267    1843   8024   0.38571   0.15258   0.14176   4033    592    3881   3990   0.40488   0.04592   0.04489   3431    167    3640    559   0.06121   0.06755   0.06535    476     36     537     84   0.01327   0.11905   0.11236     84     12      99     18
1987    28   0.11656   0.11847   0.11185    1709    191    1614   8291   0.35330   0.13136   0.12326   3708    470    3575   4583   0.44096   0.04145   0.04061   3856    166    4006    726   0.07224   0.06082   0.05902    607     41     667    120   0.01694   0.10975   0.10404    120     15     138     29
1987    29   0.10429   0.09182   0.08779    1518    133    1452   8482   0.32997   0.10686   0.10144   3430    355    3322   5052   0.46373   0.03699   0.03632   4160    158    4258    892   0.08189   0.05178   0.05047    732     41     789    160   0.02012   0.10091   0.09606    160     18     179     45
1987    30   0.09704   0.07181   0.06932    1385     96    1337   8615   0.31227   0.08455   0.08112   3208    264    3126   5407   0.47870   0.03275   0.03223   4357    145    4417   1050   0.08908   0.04683   0.04576    849     42     900    201   0.02291   0.09739   0.09287    201     21     221     63
1987    31   0.09133   0.05558   0.05408    1289     70    1254   8711   0.30024   0.06464   0.06262   3040    193    2979   5671   0.48840   0.02849   0.02809   4477    128    4509   1195   0.09407   0.04047   0.03967    951     40     995    243   0.02596   0.09150   0.08749    243     24     262     84
1987    32   0.08755   0.04470   0.04372    1219     53    1193   8781   0.29381   0.04683   0.04576   2917    135    2877   5864   0.49010   0.02443   0.02414   4541    111    4553   1323   0.09886   0.03591   0.03528   1039     39    1076    284   0.02969   0.07603   0.07324    284     23     302    108
1987    33   0.08406   0.03541   0.03479    1166     41    1146   8834   0.28978   0.03399   0.03342   2835     95    2808   5999   0.49084   0.02047   0.02026   4564     93    4566   1434   0.10329   0.03283   0.03230   1112     37    1140    322   0.03203   0.06936   0.06704    322     24     340    131
1987    34   0.07911   0.02812   0.02773    1125     31    1110   8875   0.29000   0.02528   0.02497   2780     70    2761   6094   0.49106   0.01704   0.01689   4566     78    4563   1528   0.10605   0.03025   0.02980   1168     36    1189    360   0.03377   0.06498   0.06294    360     25     377    155
1987    35   0.07530   0.02518   0.02487    1094     27    1081   8906   0.29455   0.01764   0.01749   2742     48    2731   6164   0.48700   0.01343   0.01334   4559     61    4552   1606   0.10702   0.02403   0.02375   1210     29    1226    396   0.03613   0.05458   0.05313    396     22     410    179
1987    36   0.07428   0.01760   0.01745    1067     19    1058   8933   0.29754   0.01148   0.01142   2721     31    2715   6212   0.48006   0.00952   0.00948   4546     43    4540   1667   0.10984   0.01783   0.01767   1241     22    1252    425   0.03827   0.04741   0.04632    425     21     436    202
1987    37   0.07451   0.01267   0.01259    1048     13    1042   8952   0.29743   0.00800   0.00797   2708     22    2704   6243   0.47028   0.00777   0.00774   4534     35    4527   1710   0.11617   0.01606   0.01593   1262     20    1270    448   0.04160   0.04164   0.04079    448     19     458    222
1987    38   0.07472   0.00877   0.00873    1035      9    1031   8965   0.29124   0.00464   0.00463   2700     13    2698   6265   0.46359   0.00482   0.00481   4520     22    4515   1745   0.12369   0.01062   0.01056   1277     14    1281    468   0.04675   0.02958   0.02915    468     14     475    241
1987    39   0.07505   0.00539   0.00537    1026      6    1023   8974   0.28881   0.00304   0.00304   2696      8    2695   6278   0.45448   0.00282   0.00282   4511     13    4508   1767   0.12982   0.00730   0.00727   1285      9    1287    482   0.05184   0.02327   0.02300    482     11     486    255
1987    40   0.07476   0.00337   0.00337    1021      3    1019   8979   0.29129   0.00173   0.00173   2694      5    2693   6286   0.43883   0.00184   0.00184   4506      8    4504   1780   0.13703   0.00430   0.00430   1289      6    1290    491   0.05809   0.01591   0.01578    491      8     494    267
1987    41   0.08018   0.00201   0.00201    1017      2    1016   8983   0.28945   0.00105   0.00105   2692      3    2692   6290   0.42255   0.00107   0.00107   4503      5    4502   1788   0.14282   0.00265   0.00265   1291      3    1292    496   0.06500   0.00910   0.00906    496      5     498    274
1987    42   0.08558   0.00097   0.00097    1015      1    1015   8985   0.28763   0.00050   0.00050   2692      1    2691   6293   0.41008   0.00069   0.00069   4501      3    4500   1793   0.14746   0.00211   0.00210   1293      3    1293    500   0.06925   0.00535   0.00533    500      3     501    279
1987    43   0.08899   0.00088   0.00088    1014      1    1014   8986   0.28442   0.00027   0.00027   2691      1    2691   6295   0.39934   0.00044   0.00044   4499      2    4498   1796   0.15237   0.00085   0.00084   1293      1    1294    503   0.07488   0.00309   0.00309    503      2     503    282
1987    44   0.09847   0.00036   0.00036    1013      0    1013   8987   0.27896   0.00012   0.00012   2691      0    2691   6295   0.38352   0.00016   0.00016   4498      1    4497   1798   0.15553   0.00037   0.00037   1294      0    1294    504   0.08353   0.00209   0.00209    504      1     504    283
1987    45   0.10115   0.00002   0.00002    1013      0    1013   8987   0.27711   0.00001   0.00001   2692      0    2692   6296   0.36823   0.00008   0.00008   4497      0    4497   1798   0.15978   0.00012   0.00012   1294      0    1294    504   0.09373   0.00080   0.00080    504      0     504    284
1987    46         .         .         .    1013      .       .   8987         .         .         .   2692      .       .   6296         .         .         .   4497      .       .   1799         .         .         .   1294      .       .    504         .         .         .    504      .       .    285
1987    47         .         .         .       .      .       .      .         .         .         .      .      .       .      .         .         .         .      .      .       .      .         .         .         .      .      .       .      .         .         .         .      .      .       .      .
1987    48         .         .         .       .      .       .      .         .         .         .      .      .       .      .         .         .         .      .      .       .      .         .         .         .      .      .       .      .         .         .         .      .      .       .      .
1987    49         .         .         .       .      .       .      .         .         .         .      .      .       .      .         .         .         .      .      .       .      .         .         .         .      .      .       .      .         .         .         .      .      .       .      .
1987    50         .         .         .       .      .       .      .         .         .         .      .      .       .      .         .         .         .      .      .       .      .         .         .         .      .      .       .      .         .         .         .      .      .       .      .
1987    51         .         .         .       .      .       .      .         .         .         .      .      .       .      .         .         .         .      .      .       .      .         .         .         .      .      .       .      .         .         .         .      .      .       .      .
1987    52         .         .         .       .      .       .      .         .         .         .      .      .       .      .         .         .         .      .      .       .      .         .         .         .      .      .       .      .         .         .         .      .      .       .      .
1987    53         .         .         .       .      .       .      .         .         .         .      .      .       .      .         .         .         .      .      .       .      .         .         .         .      .      .       .      .         .         .         .      .      .       .      .
1987    54         .         .         .       .      .       .      .         .         .         .      .      .       .      .         .         .         .      .      .       .      .         .         .         .      .      .       .      .         .         .         .      .      .       .      .
1987    55+        .         .         .       .      .       .      .         .         .         .      .      .       .      .         .         .         .      .      .       .      .         .         .         .      .      .       .      .         .         .         .      .      .       .      .
1988    12-  1.00000   0.00000   0.00000   10000      0   10000      0   0.00000         .         .      0      0       0      0   0.00000         .         .      0      0       0      0   0.00000         .         .      0      0       0      0   0.00000         .         .      0      0       0      0
1988    13   1.00000   0.00000   0.00000   10000      0   10000      0   0.00000         .         .      0      0       0      0   0.00000         .         .      0      0       0      0   0.00000         .         .      0      0       0      0   0.00000         .         .      0      0       0      0
1988    14   0.99991   0.00018   0.00018   10000      2    9999      0   0.00009   0.00000   0.00000      0      0       1      0   0.00000         .         .      0      0       0      0   0.00000         .         .      0      0       0      0   0.00000         .         .      0      0       0      0
1988    15   0.99915   0.00142   0.00142    9998     14    9991      2   0.00085   0.00299   0.00299      2      0       9      0   0.00000         .         .      0      0       0      0   0.00000         .         .      0      0       0      0   0.00000         .         .      0      0       0      0
1988    16   0.99582   0.00567   0.00566    9984     56    9956     16   0.00416   0.01464   0.01453     16      1      44      0   0.00003         .         .      0      0       0      0   0.00000         .         .      0      0       0      0   0.00000         .         .      0      0       0      0
1988    17   0.98461   0.01595   0.01582    9928    157    9849     72   0.01511   0.02078   0.02057     72      3     150      1   0.00028   0.01282   0.01274      1      0       1      0   0.00000         .         .      0      0       0      0   0.00000         .         .      0      0       0      0
1988    18   0.95167   0.04624   0.04520    9771    442    9550    229   0.04677   0.04618   0.04514    226     20     441      4   0.00153   0.05195   0.05063      4      0       9      0   0.00003         .         .      0      0       0      0   0.00000         .         .      0      0       0      0
1988    19   0.87685   0.10248   0.09749    9329    909    8874    671   0.11616   0.06844   0.06618    647     74    1080     24   0.00676   0.04528   0.04428     24      2      45      0   0.00023   0.01652   0.01638      0      0       1      0   0.00000         .         .      0      0       0      0
1988    20   0.76201   0.14645   0.13646    8419   1149    7845   1581   0.21634   0.09029   0.08639   1482    180    1993     98   0.02045   0.06711   0.06493     96     11     157      2   0.00112   0.09624   0.09182      2      1       5      0   0.00009   0.17316   0.15936      0      0       0      0
1988    21   0.63471   0.17461   0.16059    7271   1168    6687   2729   0.31577   0.10809   0.10254   2451    314    2909    278   0.04609   0.07008   0.06771    265     27     382     13   0.00315   0.08980   0.08594     12      2      21      1   0.00028   0.11112   0.10527      1      0       1      0
1988    22   0.51036   0.19726   0.17955    6103   1096    5555   3897   0.39486   0.12770   0.12003   3304    467    3654    593   0.08717   0.05901   0.05731    553     43     735     40   0.00683   0.09590   0.09151     37      5      51      2   0.00078   0.11384   0.10770      2      0       4      0
1988    23   0.39627   0.21376   0.19312    5007    967    4524   4993   0.44555   0.14440   0.13468   3934    600    4152   1059   0.14302   0.05518   0.05369    976     67    1215     83   0.01328   0.09672   0.09226     76     10      98      7   0.00188   0.12167   0.11470      7      1      11      1
1988    24   0.29839   0.22700   0.20386    4040    824    3628   5960   0.46535   0.15870   0.14703   4301    698    4397   1659   0.21067   0.05366   0.05226   1509     96    1785    150   0.02219   0.08184   0.07863    133     14     167     17   0.00340   0.12078   0.11390     17      3      22      2
1988    25   0.22252   0.21852   0.19699    3217    634    2900   6783   0.45736   0.16549   0.15284   4427    729    4405   2356   0.28073   0.05020   0.04898   2111    120    2397    246   0.03376   0.07032   0.06793    215     18     260     31   0.00563   0.12106   0.11415     31      5      38      5
1988    26   0.17107   0.18494   0.16929    2583    437    2364   7417   0.42651   0.16252   0.15031   4332    687    4225   3086   0.34631   0.04594   0.04491   2719    137    2984    366   0.04724   0.06778   0.06555    317     25     368     49   0.00887   0.11463   0.10841     49      7      59      9
1988    27   0.13850   0.14158   0.13222    2146    284    2004   7854   0.38578   0.14856   0.13829   4082    586    3942   3772   0.40108   0.04221   0.04134   3269    147    3483    503   0.06180   0.06142   0.05959    430     30     484     74   0.01284   0.11364   0.10753     74     10      87     16
1988    28   0.11843   0.11009   0.10435    1862    194    1765   8138   0.34968   0.12823   0.12050   3780    468    3650   4358   0.43942   0.03870   0.03796   3707    150    3865    650   0.07505   0.05430   0.05287    547     33     603    104   0.01742   0.11451   0.10831    104     14     118     26
1988    29   0.10483   0.09349   0.08931    1668    149    1593   8332   0.32465   0.10648   0.10110   3507    362    3404   4826   0.46412   0.03488   0.03428   4026    144    4134    800   0.08514   0.05025   0.04902    664     36     716    136   0.02126   0.09633   0.09191    136     15     153     39
1988    30   0.09600   0.07168   0.06920    1519    105    1466   8481   0.30767   0.08384   0.08047   3293    269    3213   5188   0.47822   0.03138   0.03090   4244    135    4311    944   0.09374   0.04505   0.04406    772     37     820    172   0.02436   0.08730   0.08365    172     17     189     54
1988    31   0.09112   0.05319   0.05181    1414     73    1377   8586   0.29541   0.06462   0.06260   3129    198    3068   5458   0.48695   0.02745   0.02708   4378    121    4417   1079   0.09960   0.03823   0.03751    870     35     913    209   0.02692   0.07670   0.07386    209     17     226     71
1988    32   0.08695   0.04197   0.04111    1340     55    1313   8660   0.28800   0.04785   0.04673   3004    142    2961   5656   0.49228   0.02333   0.02306   4455    104    4474   1201   0.10312   0.03441   0.03383    957     34     992    244   0.02965   0.07312   0.07054    244     19     260     88
1988    33   0.08411   0.03491   0.03431    1285     44    1263   8715   0.28534   0.03408   0.03351   2917     98    2890   5797   0.49108   0.01966   0.01947   4492     88    4498   1305   0.10634   0.03018   0.02973   1027     32    1055    278   0.03313   0.07285   0.07029    278     21     294    107
1988    34   0.08145   0.02725   0.02689    1241     33    1225   8759   0.28399   0.02425   0.02396   2863     69    2845   5896   0.49017   0.01647   0.01634   4502     74    4500   1394   0.10923   0.02609   0.02575   1083     29    1106    310   0.03517   0.06495   0.06291    310     21     324    128
1988    35   0.07719   0.01982   0.01963    1208     24    1196   8792   0.28587   0.01629   0.01616   2827     46    2816   5965   0.48966   0.01314   0.01306   4497     59    4491   1468   0.11067   0.02214   0.02190   1129     25    1146    339   0.03660   0.05657   0.05501    339     20     351    149
1988    36   0.07384   0.01462   0.01451    1184     17    1176   8816   0.29192   0.01042   0.01037   2805     29    2799   6011   0.48542   0.01000   0.00995   4484     45    4476   1527   0.11037   0.01894   0.01876   1162     22    1174    364   0.03844   0.04521   0.04421    364     17     375    169
1988    37   0.07319   0.01249   0.01241    1167     14    1160   8833   0.29592   0.00702   0.00700   2793     20    2791   6040   0.47869   0.00752   0.00750   4469     34    4462   1571   0.11205   0.01591   0.01578   1185     19    1192    387   0.04014   0.03795   0.03724    387     15     396    186
1988    38   0.07377   0.00745   0.00742    1152      9    1148   8848   0.29635   0.00470   0.00469   2788     13    2786   6060   0.46918   0.00500   0.00499   4455     22    4450   1605   0.11759   0.01024   0.01018   1199     12    1204    406   0.04310   0.03023   0.02978    406     12     412    201
1988    39   0.07423   0.00520   0.00519    1144      6    1141   8856   0.29060   0.00325   0.00325   2783      9    2782   6073   0.46287   0.00328   0.00327   4445     15    4443   1627   0.12448   0.00681   0.00679   1209      8    1212    418   0.04782   0.02069   0.02048    418      9     422    214
1988    40   0.07469   0.00424   0.00423    1138      5    1136   8862   0.28844   0.00204   0.00204   2780      6    2780   6082   0.45410   0.00197   0.00197   4440      9    4438   1642   0.13016   0.00493   0.00492   1216      6    1217    426   0.05262   0.01632   0.01619    426      7     429    222
1988    41   0.07454   0.00218   0.00218    1133      2    1132   8867   0.29104   0.00139   0.00139   2779      4    2779   6087   0.43861   0.00123   0.00123   4437      5    4436   1651   0.13721   0.00280   0.00279   1218      3    1219    432   0.05861   0.01029   0.01024    432      4     434    229
1988    42   0.08005   0.00062   0.00061    1131      1    1130   8869   0.28928   0.00061   0.00061   2778      2    2778   6091   0.42239   0.00068   0.00068   4435      3    4435   1656   0.14293   0.00142   0.00142   1220      2    1221    436   0.06534   0.00518   0.00516    436      2     436    234
1988    43   0.08551   0.00039   0.00039    1130      0    1130   8870   0.28757   0.00027   0.00027   2777      1    2777   6093   0.40997   0.00033   0.00033   4434      1    4434   1659   0.14748   0.00071   0.00071   1222      1    1222    437   0.06947   0.00316   0.00316    437      1     438    236
1988    44   0.08895   0.00028   0.00028    1130      0    1129   8870   0.28440   0.00021   0.00021   2777      1    2777   6094   0.39929   0.00013   0.00013   4433      1    4433   1661   0.15238   0.00050   0.00050   1222      1    1222    438   0.07498   0.00174   0.00174    438      1     438    237
1988    45   0.09845   0.00003   0.00003    1129      0    1129   8871   0.27895   0.00004   0.00004   2777      0    2776   6094   0.38351   0.00004   0.00004   4433      0    4433   1661   0.15552   0.00030   0.00030   1222      0    1222    439   0.08357   0.00062   0.00062    439      0     439    238
1988    46   0.10115   0.00000   0.00000    1129      0    1129   8871   0.27711   0.00000   0.00000   2776      0    2776   6094   0.36821   0.00002   0.00002   4433      0    4433   1661   0.15979   0.00006   0.00006   1222      0    1222    439   0.09375   0.00013   0.00013    439      0     439    239
1988    47         .         .         .    1129      .       .   8871         .         .         .   2776      .       .   6094         .         .         .   4433      .       .   1661         .         .         .   1222      .       .    439         .         .         .    439      .       .    239
1988    48         .         .         .       .      .       .      .         .         .         .      .      .       .      .         .         .         .      .      .       .      .         .         .         .      .      .       .      .         .         .         .      .      .       .      .
1988    49         .         .         .       .      .       .      .         .         .         .      .      .       .      .         .         .         .      .      .       .      .         .         .         .      .      .       .      .         .         .         .      .      .       .      .
1988    50         .         .         .       .      .       .      .         .         .         .      .      .       .      .         .         .         .      .      .       .      .         .         .         .      .      .       .      .         .         .         .      .      .       .      .
1988    51         .         .         .       .      .       .      .         .         .         .      .      .       .      .         .         .         .      .      .       .      .         .         .         .      .      .       .      .         .         .         .      .      .       .      .
1988    52         .         .         .       .      .       .      .         .         .         .      .      .       .      .         .         .         .      .      .       .      .         .         .         .      .      .       .      .         .         .         .      .      .       .      .
1988    53         .         .         .       .      .       .      .         .         .         .      .      .       .      .         .         .         .      .      .       .      .         .         .         .      .      .       .      .         .         .         .      .      .       .      .
1988    54         .         .         .       .      .       .      .         .         .         .      .      .       .      .         .         .         .      .      .       .      .         .         .         .      .      .       .      .         .         .         .      .      .       .      .
1988    55+        .         .         .       .      .       .      .         .         .         .      .      .       .      .         .         .         .      .      .       .      .         .         .         .      .      .       .      .         .         .         .      .      .       .      .
1989    12-  1.00000   0.00000   0.00000   10000      0   10000      0   0.00000         .         .      0      0       0      0   0.00000         .         .      0      0       0      0   0.00000         .         .      0      0       0      0   0.00000         .         .      0      0       0      0
1989    13   1.00000   0.00000   0.00000   10000      0   10000      0   0.00000         .         .      0      0       0      0   0.00000         .         .      0      0       0      0   0.00000         .         .      0      0       0      0   0.00000         .         .      0      0       0      0
1989    14   0.99993   0.00014   0.00014   10000      1    9999      0   0.00007   0.15507   0.14392      0      0       1      0   0.00000         .         .      0      0       0      0   0.00000         .         .      0      0       0      0   0.00000         .         .      0      0       0      0
1989    15   0.99911   0.00158   0.00158    9999     16    9991      1   0.00089   0.00000   0.00000      1      0       9      0   0.00000         .         .      0      0       0      0   0.00000         .         .      0      0       0      0   0.00000         .         .      0      0       0      0
1989    16   0.99569   0.00529   0.00527    9983     53    9956     17   0.00427   0.01920   0.01902     17      1      43      0   0.00004         .         .      0      0       0      0   0.00000         .         .      0      0       0      0   0.00000         .         .      0      0       0      0
1989    17   0.98521   0.01533   0.01521    9930    151    9855     70   0.01460   0.01890   0.01873     69      3     144      1   0.00018   0.05422   0.05279      1      0       2      0   0.00000         .         .      0      0       0      0   0.00000         .         .      0      0       0      0
1989    18   0.95616   0.04219   0.04132    9779    404    9577    221   0.04249   0.04270   0.04181    217     18     415      4   0.00131   0.04813   0.04700      4      0       8      0   0.00004         .         .      0      0       0      0   0.00000         .         .      0      0       0      0
1989    19   0.88852   0.09026   0.08636    9375    810    8970    625   0.10575   0.06028   0.05852    604     60     991     21   0.00555   0.04491   0.04392     21      2      38      0   0.00017   0.05107   0.04980      0      0       1      0   0.00000         .         .      0      0       0      0
1989    20   0.78065   0.13150   0.12339    8565   1057    8037   1435   0.20077   0.08004   0.07696   1354    146    1830     81   0.01767   0.06657   0.06443     79      9     128      2   0.00087   0.05985   0.05811      2      0       5      0   0.00004         .         .      0      0       0      0
1989    21   0.65470   0.15775   0.14622    7508   1098    6960   2492   0.29978   0.10316   0.09810   2264    279    2702    228   0.04233   0.06534   0.06327    217     21     321     11   0.00297   0.06911   0.06680     10      1      17      0   0.00023   0.11219   0.10623      0      0       1      0
1989    22   0.53126   0.18240   0.16716    6411   1072    5875   3589   0.38041   0.12252   0.11545   3083    422    3441    506   0.08111   0.05864   0.05697    475     37     639     32   0.00652   0.10300   0.09796     30      4      42      1   0.00069   0.12986   0.12194      1      0       3      0
1989    23   0.41750   0.20116   0.18277    5339    976    4851   4661   0.43407   0.13623   0.12754   3733    543    3983    928   0.13476   0.05651   0.05496    859     61    1073     69   0.01201   0.09574   0.09136     63      8      84      6   0.00166   0.14074   0.13149      6      1       9      0
1989    24   0.31826   0.21896   0.19735    4363    861    3933   5637   0.45811   0.14851   0.13824   4166    640    4309   1471   0.19953   0.05187   0.05056   1341     83    1595    130   0.02080   0.07695   0.07410    116     11     146     14   0.00330   0.15101   0.14041     14      3      18      2
1989    25   0.23863   0.20537   0.18625    3502    652    3176   6498   0.45356   0.15849   0.14685   4387    696    4391   2110   0.27060   0.04549   0.04448   1898     99    2178    213   0.03181   0.07670   0.07386    187     17     223     25   0.00540   0.13995   0.13079     25      4      32      4
1989    26   0.18170   0.17071   0.15728    2850    448    2626   7150   0.42816   0.15354   0.14260   4344    654    4258   2806   0.33691   0.04330   0.04239   2495    119    2752    312   0.04498   0.06630   0.06417    269     21     314     42   0.00825   0.11814   0.11155     42      6      51      9
1989    27   0.14494   0.13949   0.13040    2402    313    2245   7598   0.39109   0.14237   0.13291   4138    572    4020   3460   0.39248   0.04057   0.03977   3029    132    3244    431   0.05936   0.06081   0.05902    368     25     417     63   0.01213   0.11368   0.10757     63      8      74     15
1989    28   0.12188   0.11005   0.10431    2088    218    1980   7912   0.35308   0.11905   0.11236   3879    449    3770   4033   0.43437   0.03769   0.03699   3470    137    3624    562   0.07408   0.05447   0.05303    474     29     526     88   0.01659   0.11224   0.10628     88     11     101     23
1989    29   0.10723   0.08638   0.08280    1871    155    1793   8129   0.32314   0.09644   0.09200   3648    343    3558   4481   0.46125   0.03407   0.03350   3782    132    3887    699   0.08692   0.04951   0.04832    582     31     631    117   0.02144   0.10087   0.09603    117     13     131     35
1989    30   0.09672   0.06824   0.06599    1716    113    1659   8284   0.30407   0.07873   0.07575   3460    267    3385   4824   0.47775   0.03129   0.03081   3993    127    4063    831   0.09611   0.04241   0.04153    683     31     731    148   0.02535   0.08384   0.08047    148     14     162     48
1989    31   0.09016   0.05375   0.05235    1602     84    1561   8398   0.29191   0.06015   0.05839   3307    196    3252   5091   0.48601   0.02658   0.02623   4132    111    4175    959   0.10358   0.03880   0.03807    779     32     819    179   0.02834   0.08383   0.08045    179     16     194     61
1989    32   0.08686   0.04199   0.04113    1519     62    1487   8481   0.28376   0.04470   0.04372   3195    141    3156   5287   0.49083   0.02212   0.02188   4217     94    4241   1070   0.10797   0.03247   0.03195    859     29     891    211   0.03057   0.07591   0.07313    211     17     225     78
1989    33   0.08377   0.03171   0.03122    1456     45    1433   8544   0.27982   0.03177   0.03127   3116     98    3090   5428   0.49358   0.01777   0.01761   4264     76    4276   1163   0.10983   0.03095   0.03047    923     29     947    240   0.03300   0.07140   0.06894    240     18     254     95
1989    34   0.08161   0.02567   0.02535    1411     36    1393   8589   0.27954   0.02535   0.02504   3063     77    3043   5526   0.49093   0.01487   0.01476   4287     64    4293   1239   0.11177   0.02421   0.02392    970     24     990    269   0.03614   0.05801   0.05637    269     16     281    113
1989    35   0.07955   0.02050   0.02029    1375     28    1361   8625   0.27995   0.01744   0.01729   3022     53    3010   5603   0.48916   0.01244   0.01236   4300     53    4299   1303   0.11363   0.02050   0.02029   1010     21    1026    293   0.03771   0.05338   0.05199    293     16     303    129
1989    36   0.07587   0.01371   0.01361    1347     18    1338   8653   0.28320   0.01141   0.01135   2997     34    2990   5656   0.48816   0.00937   0.00933   4299     40    4296   1357   0.11400   0.01663   0.01649   1042     18    1054    314   0.03878   0.04615   0.04511    314     15     323    145
1989    37   0.07287   0.01106   0.01100    1329     15    1321   8671   0.29022   0.00690   0.00687   2982     21    2979   5690   0.48392   0.00653   0.00651   4293     28    4289   1397   0.11263   0.01563   0.01551   1065     17    1071    332   0.04036   0.04118   0.04035    332     14     340    160
1989    38   0.07247   0.00739   0.00737    1314     10    1309   8686   0.29488   0.00467   0.00466   2976     14    2974   5710   0.47747   0.00500   0.00499   4285     21    4282   1425   0.11346   0.01204   0.01197   1076     13    1081    348   0.04172   0.02978   0.02934    348     11     355    174
1989    39   0.07329   0.00568   0.00566    1304      7    1301   8696   0.29565   0.00342   0.00341   2972     10    2970   5724   0.46841   0.00316   0.00315   4278     14    4276   1446   0.11853   0.00556   0.00555   1085      6    1089    361   0.04413   0.02234   0.02210    361      8     365    185
1989    40   0.07389   0.00388   0.00387    1297      5    1295   8703   0.29018   0.00161   0.00161   2969      5    2969   5734   0.46245   0.00170   0.00170   4274      7    4273   1460   0.12499   0.00450   0.00449   1092      5    1093    368   0.04848   0.01618   0.01605    368      6     370    193
1989    41   0.07445   0.00258   0.00257    1292      3    1290   8708   0.28823   0.00125   0.00125   2969      4    2969   5739   0.45386   0.00114   0.00114   4272      5    4271   1467   0.13037   0.00221   0.00221   1095      2    1096    372   0.05308   0.01132   0.01126    372      4     374    199
1989    42   0.07443   0.00034   0.00034    1289      0    1288   8711   0.29085   0.00066   0.00066   2969      2    2968   5743   0.43851   0.00049   0.00049   4271      2    4271   1472   0.13732   0.00149   0.00149   1097      2    1097    375   0.05890   0.00892   0.00888    375      3     376    203
1989    43   0.08002   0.00019   0.00019    1288      0    1288   8712   0.28917   0.00033   0.00033   2967      1    2967   5745   0.42233   0.00033   0.00033   4271      1    4270   1474   0.14297   0.00086   0.00086   1097      1    1098    377   0.06552   0.00472   0.00471    377      2     377    207
1989    44   0.08549   0.00026   0.00026    1288      0    1288   8712   0.28753   0.00000   0.00000   2966      0    2967   5746   0.40992   0.00011   0.00011   4270      0    4270   1475   0.14749   0.00031   0.00031   1098      0    1098    377   0.06956   0.00115   0.00115    377      0     378    208
1989    45   0.08893   0.00010   0.00010    1288      0    1288   8712   0.28440   0.00000   0.00000   2967      0    2967   5746   0.39927   0.00008   0.00008   4270      0    4270   1476   0.15237   0.00015   0.00015   1098      0    1098    378   0.07503   0.00058   0.00058    378      0     378    209
1989    46   0.09844   0.00005   0.00005    1288      0    1287   8712   0.27895   0.00000   0.00000   2967      0    2967   5746   0.38350   0.00004   0.00004   4269      0    4269   1476   0.15551   0.00006   0.00006   1098      0    1098    378   0.08360   0.00020   0.00020    378      0     378    209
1989    47   0.10115   0.00004   0.00004    1287      0    1287   8713   0.27711   0.00000   0.00000   2967      0    2967   5746   0.36820   0.00003   0.00003   4269      0    4269   1476   0.15979   0.00003   0.00003   1098      0    1098    378   0.09375   0.00010   0.00010    378      0     378    209
1989    48         .         .         .    1287      .       .   8713         .         .         .   2967      .       .   5746         .         .         .   4269      .       .   1476         .         .         .   1098      .       .    378         .         .         .    378      .       .    209
1989    49         .         .         .       .      .       .      .         .         .         .      .      .       .      .         .         .         .      .      .       .      .         .         .         .      .      .       .      .         .         .         .      .      .       .      .
1989    50         .         .         .       .      .       .      .         .         .         .      .      .       .      .         .         .         .      .      .       .      .         .         .         .      .      .       .      .         .         .         .      .      .       .      .
1989    51         .         .         .       .      .       .      .         .         .         .      .      .       .      .         .         .         .      .      .       .      .         .         .         .      .      .       .      .         .         .         .      .      .       .      .
1989    52         .         .         .       .      .       .      .         .         .         .      .      .       .      .         .         .         .      .      .       .      .         .         .         .      .      .       .      .         .         .         .      .      .       .      .
1989    53         .         .         .       .      .       .      .         .         .         .      .      .       .      .         .         .         .      .      .       .      .         .         .         .      .      .       .      .         .         .         .      .      .       .      .
1989    54         .         .         .       .      .       .      .         .         .         .      .      .       .      .         .         .         .      .      .       .      .         .         .         .      .      .       .      .         .         .         .      .      .       .      .
1989    55+        .         .         .       .      .       .      .         .         .         .      .      .       .      .         .         .         .      .      .       .      .         .         .         .      .      .       .      .         .         .         .      .      .       .      .
