East Germany, Period fertility rates by calendar year, age reached during the year (ARDY) and birth cohort (vertical parallelograms)
Last modified: 04/02/2019
Year    ARDY   Cohort        ASFR
1956     12-    1944+     0.00000
1956     13     1943      0.00000
1956     14     1942      0.00000
1956     15     1941      0.00035
1956     16     1940      0.00283
1956     17     1939      0.01449
1956     18     1938      0.04549
1956     19     1937      0.09125
1956     20     1936      0.12727
1956     21     1935      0.15678
1956     22     1934      0.17195
1956     23     1933      0.17523
1956     24     1932      0.16811
1956     25     1931      0.16074
1956     26     1930      0.14576
1956     27     1929      0.13439
1956     28     1928      0.12371
1956     29     1927      0.10999
1956     30     1926      0.09995
1956     31     1925      0.08550
1956     32     1924      0.08026
1956     33     1923      0.07005
1956     34     1922      0.06242
1956     35     1921      0.05484
1956     36     1920      0.04641
1956     37     1919      0.04006
1956     38     1918      0.03381
1956     39     1917      0.02748
1956     40     1916      0.02058
1956     41     1915      0.01595
1956     42     1914      0.01182
1956     43     1913      0.00818
1956     44     1912      0.00462
1956     45     1911      0.00262
1956     46     1910      0.00072
1956     47     1909      0.00035
1956     48     1908      0.00017
1956     49     1907      0.00008
1956     50     1906      0.00004
1956     51     1905      0.00002
1956     52     1904      0.00001
1956     53     1903      0.00001
1956     54     1902      0.00000
1956     55+    1901-     0.00000
1957     12-    1945+     0.00000
1957     13     1944      0.00000
1957     14     1943      0.00000
1957     15     1942      0.00044
1957     16     1941      0.00268
1957     17     1940      0.01446
1957     18     1939      0.04407
1957     19     1938      0.08979
1957     20     1937      0.13031
1957     21     1936      0.15402
1957     22     1935      0.16604
1957     23     1934      0.17068
1957     24     1933      0.16569
1957     25     1932      0.15941
1957     26     1931      0.14803
1957     27     1930      0.13247
1957     28     1929      0.12184
1957     29     1928      0.10716
1957     30     1927      0.09562
1957     31     1926      0.08641
1957     32     1925      0.07443
1957     33     1924      0.06673
1957     34     1923      0.05922
1957     35     1922      0.05117
1957     36     1921      0.04525
1957     37     1920      0.03813
1957     38     1919      0.03149
1957     39     1918      0.02459
1957     40     1917      0.01936
1957     41     1916      0.01529
1957     42     1915      0.01046
1957     43     1914      0.00745
1957     44     1913      0.00451
1957     45     1912      0.00251
1957     46     1911      0.00094
1957     47     1910      0.00048
1957     48     1909      0.00024
1957     49     1908      0.00012
1957     50     1907      0.00006
1957     51     1906      0.00003
1957     52     1905      0.00001
1957     53     1904      0.00001
1957     54     1903      0.00000
1957     55+    1902-     0.00000
1958     12-    1946+     0.00000
1958     13     1945      0.00000
1958     14     1944      0.00000
1958     15     1943      0.00037
1958     16     1942      0.00279
1958     17     1941      0.01416
1958     18     1940      0.04553
1958     19     1939      0.08958
1958     20     1938      0.13038
1958     21     1937      0.15348
1958     22     1936      0.16476
1958     23     1935      0.16761
1958     24     1934      0.16292
1958     25     1933      0.15711
1958     26     1932      0.14540
1958     27     1931      0.13455
1958     28     1930      0.11902
1958     29     1929      0.10876
1958     30     1928      0.09577
1958     31     1927      0.08546
1958     32     1926      0.07548
1958     33     1925      0.06415
1958     34     1924      0.05744
1958     35     1923      0.05117
1958     36     1922      0.04275
1958     37     1921      0.03785
1958     38     1920      0.03055
1958     39     1919      0.02525
1958     40     1918      0.01983
1958     41     1917      0.01441
1958     42     1916      0.01008
1958     43     1915      0.00609
1958     44     1914      0.00405
1958     45     1913      0.00228
1958     46     1912      0.00092
1958     47     1911      0.00048
1958     48     1910      0.00024
1958     49     1909      0.00012
1958     50     1908      0.00006
1958     51     1907      0.00003
1958     52     1906      0.00002
1958     53     1905      0.00001
1958     54     1904      0.00000
1958     55+    1903-     0.00000
1959     12-    1947+     0.00000
1959     13     1946      0.00000
1959     14     1945      0.00000
1959     15     1944      0.00068
1959     16     1943      0.00336
1959     17     1942      0.01694
1959     18     1941      0.04942
1959     19     1940      0.10061
1959     20     1939      0.14122
1959     21     1938      0.16559
1959     22     1937      0.17801
1959     23     1936      0.17578
1959     24     1935      0.17348
1959     25     1934      0.16613
1959     26     1933      0.15570
1959     27     1932      0.14290
1959     28     1931      0.13024
1959     29     1930      0.11204
1959     30     1929      0.09962
1959     31     1928      0.08885
1959     32     1927      0.07765
1959     33     1926      0.06797
1959     34     1925      0.05881
1959     35     1924      0.05147
1959     36     1923      0.04502
1959     37     1922      0.03768
1959     38     1921      0.03205
1959     39     1920      0.02558
1959     40     1919      0.02083
1959     41     1918      0.01339
1959     42     1917      0.01049
1959     43     1916      0.00681
1959     44     1915      0.00394
1959     45     1914      0.00227
1959     46     1913      0.00091
1959     47     1912      0.00047
1959     48     1911      0.00024
1959     49     1910      0.00012
1959     50     1909      0.00006
1959     51     1908      0.00003
1959     52     1907      0.00002
1959     53     1906      0.00001
1959     54     1905      0.00000
1959     55+    1904-     0.00000
1960     12-    1948+     0.00000
1960     13     1947      0.00000
1960     14     1946      0.00000
1960     15     1945      0.00072
1960     16     1944      0.00403
1960     17     1943      0.01910
1960     18     1942      0.05482
1960     19     1941      0.10545
1960     20     1940      0.14510
1960     21     1939      0.16698
1960     22     1938      0.17305
1960     23     1937      0.17835
1960     24     1936      0.17007
1960     25     1935      0.16224
1960     26     1934      0.15110
1960     27     1933      0.14172
1960     28     1932      0.12581
1960     29     1931      0.11385
1960     30     1930      0.09935
1960     31     1929      0.08636
1960     32     1928      0.07788
1960     33     1927      0.06618
1960     34     1926      0.05855
1960     35     1925      0.04957
1960     36     1924      0.04415
1960     37     1923      0.03794
1960     38     1922      0.03077
1960     39     1921      0.02450
1960     40     1920      0.01897
1960     41     1919      0.01533
1960     42     1918      0.01003
1960     43     1917      0.00658
1960     44     1916      0.00375
1960     45     1915      0.00198
1960     46     1914      0.00081
1960     47     1913      0.00043
1960     48     1912      0.00022
1960     49     1911      0.00011
1960     50     1910      0.00006
1960     51     1909      0.00003
1960     52     1908      0.00002
1960     53     1907      0.00001
1960     54     1906      0.00000
1960     55+    1905-     0.00000
1961     12-    1949+     0.00000
1961     13     1948      0.00000
1961     14     1947      0.00000
1961     15     1946      0.00101
1961     16     1945      0.00515
1961     17     1944      0.02185
1961     18     1943      0.05925
1961     19     1942      0.11166
1961     20     1941      0.15507
1961     21     1940      0.17806
1961     22     1939      0.18436
1961     23     1938      0.18449
1961     24     1937      0.17861
1961     25     1936      0.16533
1961     26     1935      0.15690
1961     27     1934      0.13905
1961     28     1933      0.12635
1961     29     1932      0.11470
1961     30     1931      0.10224
1961     31     1930      0.08790
1961     32     1929      0.07738
1961     33     1928      0.06714
1961     34     1927      0.05822
1961     35     1926      0.05172
1961     36     1925      0.04272
1961     37     1924      0.03735
1961     38     1923      0.03086
1961     39     1922      0.02548
1961     40     1921      0.01913
1961     41     1920      0.01408
1961     42     1919      0.01043
1961     43     1918      0.00690
1961     44     1917      0.00334
1961     45     1916      0.00200
1961     46     1915      0.00073
1961     47     1914      0.00037
1961     48     1913      0.00019
1961     49     1912      0.00009
1961     50     1911      0.00005
1961     51     1910      0.00003
1961     52     1909      0.00001
1961     53     1908      0.00001
1961     54     1907      0.00000
1961     55+    1906-     0.00000
1962     12-    1950+     0.00000
1962     13     1949      0.00000
1962     14     1948      0.00000
1962     15     1947      0.00098
1962     16     1946      0.00541
1962     17     1945      0.02250
1962     18     1944      0.06442
1962     19     1943      0.11577
1962     20     1942      0.15652
1962     21     1941      0.17998
1962     22     1940      0.18782
1962     23     1939      0.18594
1962     24     1938      0.17760
1962     25     1937      0.16921
1962     26     1936      0.15417
1962     27     1935      0.13642
1962     28     1934      0.12409
1962     29     1933      0.11111
1962     30     1932      0.10136
1962     31     1931      0.08759
1962     32     1930      0.07575
1962     33     1929      0.06649
1962     34     1928      0.05680
1962     35     1927      0.04899
1962     36     1926      0.04212
1962     37     1925      0.03553
1962     38     1924      0.02985
1962     39     1923      0.02501
1962     40     1922      0.01872
1962     41     1921      0.01371
1962     42     1920      0.00972
1962     43     1919      0.00658
1962     44     1918      0.00400
1962     45     1917      0.00140
1962     46     1916      0.00069
1962     47     1915      0.00037
1962     48     1914      0.00019
1962     49     1913      0.00010
1962     50     1912      0.00005
1962     51     1911      0.00003
1962     52     1910      0.00002
1962     53     1909      0.00001
1962     54     1908      0.00000
1962     55+    1907-     0.00000
1963     12-    1951+     0.00000
1963     13     1950      0.00000
1963     14     1949      0.00000
1963     15     1948      0.00099
1963     16     1947      0.00575
1963     17     1946      0.02606
1963     18     1945      0.06658
1963     19     1944      0.12374
1963     20     1943      0.16334
1963     21     1942      0.18089
1963     22     1941      0.19226
1963     23     1940      0.18515
1963     24     1939      0.18129
1963     25     1938      0.16860
1963     26     1937      0.15638
1963     27     1936      0.14110
1963     28     1935      0.12644
1963     29     1934      0.11416
1963     30     1933      0.10138
1963     31     1932      0.09043
1963     32     1931      0.07783
1963     33     1930      0.06909
1963     34     1929      0.05729
1963     35     1928      0.05141
1963     36     1927      0.04352
1963     37     1926      0.03606
1963     38     1925      0.03013
1963     39     1924      0.02466
1963     40     1923      0.01910
1963     41     1922      0.01397
1963     42     1921      0.00978
1963     43     1920      0.00680
1963     44     1919      0.00421
1963     45     1918      0.00185
1963     46     1917      0.00053
1963     47     1916      0.00026
1963     48     1915      0.00013
1963     49     1914      0.00007
1963     50     1913      0.00004
1963     51     1912      0.00002
1963     52     1911      0.00001
1963     53     1910      0.00001
1963     54     1909      0.00000
1963     55+    1908-     0.00000
1964     12-    1952+     0.00000
1964     13     1951      0.00000
1964     14     1950      0.00000
1964     15     1949      0.00076
1964     16     1948      0.00532
1964     17     1947      0.02615
1964     18     1946      0.06782
1964     19     1945      0.12941
1964     20     1944      0.17326
1964     21     1943      0.18795
1964     22     1942      0.18454
1964     23     1941      0.18404
1964     24     1940      0.17615
1964     25     1939      0.16418
1964     26     1938      0.15374
1964     27     1937      0.13999
1964     28     1936      0.12623
1964     29     1935      0.11248
1964     30     1934      0.10169
1964     31     1933      0.09191
1964     32     1932      0.07974
1964     33     1931      0.06944
1964     34     1930      0.05962
1964     35     1929      0.05106
1964     36     1928      0.04344
1964     37     1927      0.03682
1964     38     1926      0.03013
1964     39     1925      0.02428
1964     40     1924      0.01873
1964     41     1923      0.01400
1964     42     1922      0.00994
1964     43     1921      0.00659
1964     44     1920      0.00411
1964     45     1919      0.00231
1964     46     1918      0.00068
1964     47     1917      0.00032
1964     48     1916      0.00016
1964     49     1915      0.00008
1964     50     1914      0.00004
1964     51     1913      0.00002
1964     52     1912      0.00001
1964     53     1911      0.00001
1964     54     1910      0.00000
1964     55+    1909-     0.00000
1965     12-    1953+     0.00000
1965     13     1952      0.00000
1965     14     1951      0.00000
1965     15     1950      0.00083
1965     16     1949      0.00564
1965     17     1948      0.02703
1965     18     1947      0.07329
1965     19     1946      0.13496
1965     20     1945      0.17950
1965     21     1944      0.19268
1965     22     1943      0.19149
1965     23     1942      0.18197
1965     24     1941      0.17447
1965     25     1940      0.16541
1965     26     1939      0.15275
1965     27     1938      0.13847
1965     28     1937      0.12503
1965     29     1936      0.11144
1965     30     1935      0.09868
1965     31     1934      0.08949
1965     32     1933      0.07869
1965     33     1932      0.06830
1965     34     1931      0.05937
1965     35     1930      0.05082
1965     36     1929      0.04197
1965     37     1928      0.03535
1965     38     1927      0.02927
1965     39     1926      0.02350
1965     40     1925      0.01871
1965     41     1924      0.01356
1965     42     1923      0.00916
1965     43     1922      0.00612
1965     44     1921      0.00342
1965     45     1920      0.00192
1965     46     1919      0.00068
1965     47     1918      0.00034
1965     48     1917      0.00017
1965     49     1916      0.00009
1965     50     1915      0.00005
1965     51     1914      0.00002
1965     52     1913      0.00001
1965     53     1912      0.00001
1965     54     1911      0.00000
1965     55+    1910-     0.00000
1966     12-    1954+     0.00000
1966     13     1953      0.00000
1966     14     1952      0.00000
1966     15     1951      0.00067
1966     16     1950      0.00459
1966     17     1949      0.02402
1966     18     1948      0.06849
1966     19     1947      0.13352
1966     20     1946      0.18058
1966     21     1945      0.19300
1966     22     1944      0.19153
1966     23     1943      0.18425
1966     24     1942      0.17391
1966     25     1941      0.16035
1966     26     1940      0.15071
1966     27     1939      0.13735
1966     28     1938      0.12189
1966     29     1937      0.10652
1966     30     1936      0.09701
1966     31     1935      0.08423
1966     32     1934      0.07478
1966     33     1933      0.06575
1966     34     1932      0.05768
1966     35     1931      0.04933
1966     36     1930      0.04114
1966     37     1929      0.03331
1966     38     1928      0.02749
1966     39     1927      0.02095
1966     40     1926      0.01634
1966     41     1925      0.01050
1966     42     1924      0.00698
1966     43     1923      0.00420
1966     44     1922      0.00250
1966     45     1921      0.00120
1966     46     1920      0.00049
1966     47     1919      0.00027
1966     48     1918      0.00015
1966     49     1917      0.00008
1966     50     1916      0.00004
1966     51     1915      0.00002
1966     52     1914      0.00001
1966     53     1913      0.00001
1966     54     1912      0.00000
1966     55+    1911-     0.00000
1967     12-    1955+     0.00000
1967     13     1954      0.00000
1967     14     1953      0.00000
1967     15     1952      0.00072
1967     16     1951      0.00380
1967     17     1950      0.02159
1967     18     1949      0.06473
1967     19     1948      0.13009
1967     20     1947      0.17807
1967     21     1946      0.19853
1967     22     1945      0.19452
1967     23     1944      0.18206
1967     24     1943      0.17090
1967     25     1942      0.15588
1967     26     1941      0.14238
1967     27     1940      0.12864
1967     28     1939      0.11522
1967     29     1938      0.10291
1967     30     1937      0.09119
1967     31     1936      0.07955
1967     32     1935      0.06869
1967     33     1934      0.06052
1967     34     1933      0.05315
1967     35     1932      0.04615
1967     36     1931      0.03674
1967     37     1930      0.03151
1967     38     1929      0.02552
1967     39     1928      0.01956
1967     40     1927      0.01332
1967     41     1926      0.00952
1967     42     1925      0.00579
1967     43     1924      0.00380
1967     44     1923      0.00209
1967     45     1922      0.00118
1967     46     1921      0.00042
1967     47     1920      0.00023
1967     48     1919      0.00012
1967     49     1918      0.00007
1967     50     1917      0.00004
1967     51     1916      0.00002
1967     52     1915      0.00001
1967     53     1914      0.00001
1967     54     1913      0.00000
1967     55+    1912-     0.00000
1968     12-    1956+     0.00000
1968     13     1955      0.00000
1968     14     1954      0.00000
1968     15     1953      0.00065
1968     16     1952      0.00366
1968     17     1951      0.02002
1968     18     1950      0.06119
1968     19     1949      0.12434
1968     20     1948      0.17930
1968     21     1947      0.20340
1968     22     1946      0.20150
1968     23     1945      0.18418
1968     24     1944      0.16999
1968     25     1943      0.15296
1968     26     1942      0.13708
1968     27     1941      0.12531
1968     28     1940      0.10980
1968     29     1939      0.09778
1968     30     1938      0.08577
1968     31     1937      0.07594
1968     32     1936      0.06733
1968     33     1935      0.05764
1968     34     1934      0.05095
1968     35     1933      0.04471
1968     36     1932      0.03788
1968     37     1931      0.03008
1968     38     1930      0.02418
1968     39     1929      0.01955
1968     40     1928      0.01257
1968     41     1927      0.00771
1968     42     1926      0.00514
1968     43     1925      0.00323
1968     44     1924      0.00186
1968     45     1923      0.00106
1968     46     1922      0.00028
1968     47     1921      0.00015
1968     48     1920      0.00008
1968     49     1919      0.00004
1968     50     1918      0.00002
1968     51     1917      0.00001
1968     52     1916      0.00001
1968     53     1915      0.00000
1968     54     1914      0.00000
1968     55+    1913-     0.00000
1969     12-    1957+     0.00000
1969     13     1956      0.00000
1969     14     1955      0.00000
1969     15     1954      0.00067
1969     16     1953      0.00356
1969     17     1952      0.02020
1969     18     1951      0.06062
1969     19     1950      0.12575
1969     20     1949      0.17914
1969     21     1948      0.20200
1969     22     1947      0.19946
1969     23     1946      0.18475
1969     24     1945      0.16385
1969     25     1944      0.15060
1969     26     1943      0.13578
1969     27     1942      0.11801
1969     28     1941      0.10607
1969     29     1940      0.09241
1969     30     1939      0.08239
1969     31     1938      0.07195
1969     32     1937      0.06244
1969     33     1936      0.05445
1969     34     1935      0.04664
1969     35     1934      0.04161
1969     36     1933      0.03548
1969     37     1932      0.02921
1969     38     1931      0.02359
1969     39     1930      0.01742
1969     40     1929      0.01140
1969     41     1928      0.00679
1969     42     1927      0.00465
1969     43     1926      0.00261
1969     44     1925      0.00145
1969     45     1924      0.00096
1969     46     1923      0.00031
1969     47     1922      0.00017
1969     48     1921      0.00009
1969     49     1920      0.00005
1969     50     1919      0.00003
1969     51     1918      0.00002
1969     52     1917      0.00001
1969     53     1916      0.00000
1969     54     1915      0.00000
1969     55+    1914-     0.00000
1970     12-    1958+     0.00000
1970     13     1957      0.00000
1970     14     1956      0.00000
1970     15     1955      0.00057
1970     16     1954      0.00354
1970     17     1953      0.02025
1970     18     1952      0.06143
1970     19     1951      0.12889
1970     20     1950      0.18007
1970     21     1949      0.20020
1970     22     1948      0.19960
1970     23     1947      0.18063
1970     24     1946      0.16660
1970     25     1945      0.14586
1970     26     1944      0.12906
1970     27     1943      0.11437
1970     28     1942      0.09935
1970     29     1941      0.08904
1970     30     1940      0.07836
1970     31     1939      0.06932
1970     32     1938      0.06019
1970     33     1937      0.05203
1970     34     1936      0.04583
1970     35     1935      0.03908
1970     36     1934      0.03284
1970     37     1933      0.02865
1970     38     1932      0.02246
1970     39     1931      0.01697
1970     40     1930      0.01065
1970     41     1929      0.00680
1970     42     1928      0.00404
1970     43     1927      0.00261
1970     44     1926      0.00156
1970     45     1925      0.00098
1970     46     1924      0.00031
1970     47     1923      0.00017
1970     48     1922      0.00009
1970     49     1921      0.00005
1970     50     1920      0.00003
1970     51     1919      0.00001
1970     52     1918      0.00001
1970     53     1917      0.00000
1970     54     1916      0.00000
1970     55+    1915-     0.00000
1971     12-    1959+     0.00000
1971     13     1958      0.00000
1971     14     1957      0.00000
1971     15     1956      0.00076
1971     16     1955      0.00379
1971     17     1954      0.02099
1971     18     1953      0.06478
1971     19     1952      0.13092
1971     20     1951      0.17916
1971     21     1950      0.19783
1971     22     1949      0.19241
1971     23     1948      0.17689
1971     24     1947      0.15930
1971     25     1946      0.14150
1971     26     1945      0.12454
1971     27     1944      0.10930
1971     28     1943      0.09482
1971     29     1942      0.08343
1971     30     1941      0.07470
1971     31     1940      0.06541
1971     32     1939      0.05634
1971     33     1938      0.05028
1971     34     1937      0.04313
1971     35     1936      0.03677
1971     36     1935      0.03158
1971     37     1934      0.02683
1971     38     1933      0.02237
1971     39     1932      0.01698
1971     40     1931      0.01096
1971     41     1930      0.00651
1971     42     1929      0.00438
1971     43     1928      0.00282
1971     44     1927      0.00143
1971     45     1926      0.00078
1971     46     1925      0.00030
1971     47     1924      0.00017
1971     48     1923      0.00009
1971     49     1922      0.00005
1971     50     1921      0.00003
1971     51     1920      0.00002
1971     52     1919      0.00001
1971     53     1918      0.00000
1971     54     1917      0.00000
1971     55+    1916-     0.00000
1972     12-    1960+     0.00000
1972     13     1959      0.00000
1972     14     1958      0.00000
1972     15     1957      0.00059
1972     16     1956      0.00352
1972     17     1955      0.01846
1972     18     1954      0.05809
1972     19     1953      0.11652
1972     20     1952      0.16127
1972     21     1951      0.17059
1972     22     1950      0.16528
1972     23     1949      0.15268
1972     24     1948      0.13837
1972     25     1947      0.12033
1972     26     1946      0.10370
1972     27     1945      0.08952
1972     28     1944      0.07587
1972     29     1943      0.06852
1972     30     1942      0.05731
1972     31     1941      0.04959
1972     32     1940      0.04284
1972     33     1939      0.03706
1972     34     1938      0.03259
1972     35     1937      0.02828
1972     36     1936      0.02377
1972     37     1935      0.01970
1972     38     1934      0.01547
1972     39     1933      0.01299
1972     40     1932      0.00884
1972     41     1931      0.00600
1972     42     1930      0.00396
1972     43     1929      0.00226
1972     44     1928      0.00128
1972     45     1927      0.00066
1972     46     1926      0.00028
1972     47     1925      0.00016
1972     48     1924      0.00009
1972     49     1923      0.00005
1972     50     1922      0.00003
1972     51     1921      0.00001
1972     52     1920      0.00001
1972     53     1919      0.00000
1972     54     1918      0.00000
1972     55+    1917-     0.00000
1973     12-    1961+     0.00000
1973     13     1960      0.00000
1973     14     1959      0.00000
1973     15     1958      0.00040
1973     16     1957      0.00330
1973     17     1956      0.01603
1973     18     1955      0.05305
1973     19     1954      0.10973
1973     20     1953      0.14742
1973     21     1952      0.15926
1973     22     1951      0.15382
1973     23     1950      0.14048
1973     24     1949      0.12777
1973     25     1948      0.11227
1973     26     1947      0.09260
1973     27     1946      0.08020
1973     28     1945      0.06591
1973     29     1944      0.05556
1973     30     1943      0.04685
1973     31     1942      0.04023
1973     32     1941      0.03318
1973     33     1940      0.02740
1973     34     1939      0.02404
1973     35     1938      0.02005
1973     36     1937      0.01678
1973     37     1936      0.01428
1973     38     1935      0.01060
1973     39     1934      0.00874
1973     40     1933      0.00632
1973     41     1932      0.00441
1973     42     1931      0.00316
1973     43     1930      0.00188
1973     44     1929      0.00105
1973     45     1928      0.00065
1973     46     1927      0.00025
1973     47     1926      0.00014
1973     48     1925      0.00007
1973     49     1924      0.00004
1973     50     1923      0.00002
1973     51     1922      0.00001
1973     52     1921      0.00001
1973     53     1920      0.00000
1973     54     1919      0.00000
1973     55+    1918-     0.00000
1974     12-    1962+     0.00000
1974     13     1961      0.00000
1974     14     1960      0.00000
1974     15     1959      0.00042
1974     16     1958      0.00314
1974     17     1957      0.01670
1974     18     1956      0.05076
1974     19     1955      0.10578
1974     20     1954      0.14370
1974     21     1953      0.15445
1974     22     1952      0.14830
1974     23     1951      0.13999
1974     24     1950      0.12893
1974     25     1949      0.11147
1974     26     1948      0.09523
1974     27     1947      0.07750
1974     28     1946      0.06474
1974     29     1945      0.05484
1974     30     1944      0.04502
1974     31     1943      0.03857
1974     32     1942      0.03191
1974     33     1941      0.02703
1974     34     1940      0.02244
1974     35     1939      0.01819
1974     36     1938      0.01533
1974     37     1937      0.01200
1974     38     1936      0.00961
1974     39     1935      0.00769
1974     40     1934      0.00571
1974     41     1933      0.00446
1974     42     1932      0.00313
1974     43     1931      0.00168
1974     44     1930      0.00095
1974     45     1929      0.00061
1974     46     1928      0.00015
1974     47     1927      0.00008
1974     48     1926      0.00004
1974     49     1925      0.00002
1974     50     1924      0.00001
1974     51     1923      0.00001
1974     52     1922      0.00000
1974     53     1921      0.00000
1974     54     1920      0.00000
1974     55+    1919-     0.00000
1975     12-    1963+     0.00000
1975     13     1962      0.00000
1975     14     1961      0.00000
1975     15     1960      0.00046
1975     16     1959      0.00320
1975     17     1958      0.01553
1975     18     1957      0.05005
1975     19     1956      0.10117
1975     20     1955      0.14013
1975     21     1954      0.15013
1975     22     1953      0.15236
1975     23     1952      0.14406
1975     24     1951      0.13425
1975     25     1950      0.11889
1975     26     1949      0.09828
1975     27     1948      0.08158
1975     28     1947      0.06707
1975     29     1946      0.05460
1975     30     1945      0.04654
1975     31     1944      0.03684
1975     32     1943      0.02995
1975     33     1942      0.02572
1975     34     1941      0.02048
1975     35     1940      0.01606
1975     36     1939      0.01352
1975     37     1938      0.01103
1975     38     1937      0.00900
1975     39     1936      0.00650
1975     40     1935      0.00536
1975     41     1934      0.00379
1975     42     1933      0.00277
1975     43     1932      0.00162
1975     44     1931      0.00117
1975     45     1930      0.00039
1975     46     1929      0.00018
1975     47     1928      0.00011
1975     48     1927      0.00006
1975     49     1926      0.00004
1975     50     1925      0.00002
1975     51     1924      0.00001
1975     52     1923      0.00001
1975     53     1922      0.00000
1975     54     1921      0.00000
1975     55+    1920-     0.00000
1976     12-    1964+     0.00000
1976     13     1963      0.00000
1976     14     1962      0.00000
1976     15     1961      0.00048
1976     16     1960      0.00350
1976     17     1959      0.01600
1976     18     1958      0.04789
1976     19     1957      0.10206
1976     20     1956      0.14232
1976     21     1955      0.15768
1976     22     1954      0.16119
1976     23     1953      0.15727
1976     24     1952      0.14927
1976     25     1951      0.13130
1976     26     1950      0.10897
1976     27     1949      0.09189
1976     28     1948      0.07357
1976     29     1947      0.05795
1976     30     1946      0.04807
1976     31     1945      0.03926
1976     32     1944      0.03191
1976     33     1943      0.02679
1976     34     1942      0.02088
1976     35     1941      0.01681
1976     36     1940      0.01319
1976     37     1939      0.01063
1976     38     1938      0.00826
1976     39     1937      0.00649
1976     40     1936      0.00481
1976     41     1935      0.00348
1976     42     1934      0.00259
1976     43     1933      0.00182
1976     44     1932      0.00092
1976     45     1931      0.00051
1976     46     1930      0.00016
1976     47     1929      0.00009
1976     48     1928      0.00005
1976     49     1927      0.00003
1976     50     1926      0.00002
1976     51     1925      0.00001
1976     52     1924      0.00001
1976     53     1923      0.00000
1976     54     1922      0.00000
1976     55+    1921-     0.00000
1977     12-    1965+     0.00000
1977     13     1964      0.00000
1977     14     1963      0.00000
1977     15     1962      0.00057
1977     16     1961      0.00400
1977     17     1960      0.01667
1977     18     1959      0.05061
1977     19     1958      0.10315
1977     20     1957      0.15000
1977     21     1956      0.17081
1977     22     1955      0.17858
1977     23     1954      0.17963
1977     24     1953      0.17310
1977     25     1952      0.15340
1977     26     1951      0.13080
1977     27     1950      0.10926
1977     28     1949      0.08964
1977     29     1948      0.07242
1977     30     1947      0.05685
1977     31     1946      0.04735
1977     32     1945      0.03736
1977     33     1944      0.02917
1977     34     1943      0.02333
1977     35     1942      0.01841
1977     36     1941      0.01498
1977     37     1940      0.01149
1977     38     1939      0.00914
1977     39     1938      0.00679
1977     40     1937      0.00480
1977     41     1936      0.00361
1977     42     1935      0.00249
1977     43     1934      0.00154
1977     44     1933      0.00105
1977     45     1932      0.00062
1977     46     1931      0.00021
1977     47     1930      0.00011
1977     48     1929      0.00006
1977     49     1928      0.00004
1977     50     1927      0.00002
1977     51     1926      0.00001
1977     52     1925      0.00001
1977     53     1924      0.00000
1977     54     1923      0.00000
1977     55+    1922-     0.00000
1978     12-    1966+     0.00000
1978     13     1965      0.00000
1978     14     1964      0.00000
1978     15     1963      0.00062
1978     16     1962      0.00434
1978     17     1961      0.01776
1978     18     1960      0.05175
1978     19     1959      0.10751
1978     20     1958      0.15479
1978     21     1957      0.17849
1978     22     1956      0.18535
1978     23     1955      0.18387
1978     24     1954      0.17137
1978     25     1953      0.15675
1978     26     1952      0.13587
1978     27     1951      0.11360
1978     28     1950      0.09155
1978     29     1949      0.07493
1978     30     1948      0.06024
1978     31     1947      0.04731
1978     32     1946      0.03848
1978     33     1945      0.03110
1978     34     1944      0.02362
1978     35     1943      0.01852
1978     36     1942      0.01402
1978     37     1941      0.01137
1978     38     1940      0.00763
1978     39     1939      0.00645
1978     40     1938      0.00469
1978     41     1937      0.00317
1978     42     1936      0.00218
1978     43     1935      0.00134
1978     44     1934      0.00065
1978     45     1933      0.00049
1978     46     1932      0.00025
1978     47     1931      0.00015
1978     48     1930      0.00009
1978     49     1929      0.00005
1978     50     1928      0.00003
1978     51     1927      0.00002
1978     52     1926      0.00001
1978     53     1925      0.00001
1978     54     1924      0.00000
1978     55+    1923-     0.00000
1979     12-    1967+     0.00000
1979     13     1966      0.00000
1979     14     1965      0.00000
1979     15     1964      0.00070
1979     16     1963      0.00382
1979     17     1962      0.01647
1979     18     1961      0.05114
1979     19     1960      0.10912
1979     20     1959      0.15864
1979     21     1958      0.18162
1979     22     1957      0.18758
1979     23     1956      0.18367
1979     24     1955      0.17312
1979     25     1954      0.15295
1979     26     1953      0.13294
1979     27     1952      0.11131
1979     28     1951      0.09215
1979     29     1950      0.07350
1979     30     1949      0.06064
1979     31     1948      0.04686
1979     32     1947      0.03818
1979     33     1946      0.02989
1979     34     1945      0.02389
1979     35     1944      0.01756
1979     36     1943      0.01413
1979     37     1942      0.01073
1979     38     1941      0.00774
1979     39     1940      0.00561
1979     40     1939      0.00417
1979     41     1938      0.00309
1979     42     1937      0.00211
1979     43     1936      0.00123
1979     44     1935      0.00082
1979     45     1934      0.00054
1979     46     1933      0.00025
1979     47     1932      0.00014
1979     48     1931      0.00008
1979     49     1930      0.00005
1979     50     1929      0.00003
1979     51     1928      0.00001
1979     52     1927      0.00001
1979     53     1926      0.00000
1979     54     1925      0.00000
1979     55+    1924-     0.00000
1980     12-    1968+     0.00000
1980     13     1967      0.00000
1980     14     1966      0.00000
1980     15     1965      0.00083
1980     16     1964      0.00447
1980     17     1963      0.01704
1980     18     1962      0.05233
1980     19     1961      0.11511
1980     20     1960      0.16906
1980     21     1959      0.19153
1980     22     1958      0.19522
1980     23     1957      0.18801
1980     24     1956      0.17303
1980     25     1955      0.15587
1980     26     1954      0.13483
1980     27     1953      0.11201
1980     28     1952      0.09226
1980     29     1951      0.07506
1980     30     1950      0.05976
1980     31     1949      0.04780
1980     32     1948      0.03874
1980     33     1947      0.02991
1980     34     1946      0.02385
1980     35     1945      0.01794
1980     36     1944      0.01357
1980     37     1943      0.00989
1980     38     1942      0.00787
1980     39     1941      0.00554
1980     40     1940      0.00378
1980     41     1939      0.00288
1980     42     1938      0.00201
1980     43     1937      0.00123
1980     44     1936      0.00073
1980     45     1935      0.00038
1980     46     1934      0.00025
1980     47     1933      0.00017
1980     48     1932      0.00010
1980     49     1931      0.00006
1980     50     1930      0.00003
1980     51     1929      0.00002
1980     52     1928      0.00001
1980     53     1927      0.00001
1980     54     1926      0.00000
1980     55+    1925-     0.00000
1981     12-    1969+     0.00000
1981     13     1968      0.00000
1981     14     1967      0.00000
1981     15     1966      0.00083
1981     16     1965      0.00435
1981     17     1964      0.01583
1981     18     1963      0.04662
1981     19     1962      0.10707
1981     20     1961      0.16198
1981     21     1960      0.18134
1981     22     1959      0.18552
1981     23     1958      0.18064
1981     24     1957      0.16627
1981     25     1956      0.15094
1981     26     1955      0.13205
1981     27     1954      0.10869
1981     28     1953      0.08915
1981     29     1952      0.07023
1981     30     1951      0.05893
1981     31     1950      0.04578
1981     32     1949      0.03729
1981     33     1948      0.02917
1981     34     1947      0.02272
1981     35     1946      0.01840
1981     36     1945      0.01275
1981     37     1944      0.00988
1981     38     1943      0.00671
1981     39     1942      0.00570
1981     40     1941      0.00351
1981     41     1940      0.00250
1981     42     1939      0.00189
1981     43     1938      0.00110
1981     44     1937      0.00078
1981     45     1936      0.00030
1981     46     1935      0.00017
1981     47     1934      0.00011
1981     48     1933      0.00007
1981     49     1932      0.00004
1981     50     1931      0.00002
1981     51     1930      0.00001
1981     52     1929      0.00001
1981     53     1928      0.00000
1981     54     1927      0.00000
1981     55+    1926-     0.00000
1982     12-    1970+     0.00000
1982     13     1969      0.00000
1982     14     1968      0.00000
1982     15     1967      0.00080
1982     16     1966      0.00427
1982     17     1965      0.01586
1982     18     1964      0.04683
1982     19     1963      0.10402
1982     20     1962      0.15915
1982     21     1961      0.17931
1982     22     1960      0.18471
1982     23     1959      0.17946
1982     24     1958      0.16672
1982     25     1957      0.15154
1982     26     1956      0.13083
1982     27     1955      0.10947
1982     28     1954      0.08964
1982     29     1953      0.07320
1982     30     1952      0.05916
1982     31     1951      0.04634
1982     32     1950      0.03779
1982     33     1949      0.03079
1982     34     1948      0.02415
1982     35     1947      0.01811
1982     36     1946      0.01475
1982     37     1945      0.01045
1982     38     1944      0.00755
1982     39     1943      0.00507
1982     40     1942      0.00369
1982     41     1941      0.00247
1982     42     1940      0.00152
1982     43     1939      0.00097
1982     44     1938      0.00044
1982     45     1937      0.00040
1982     46     1936      0.00008
1982     47     1935      0.00005
1982     48     1934      0.00003
1982     49     1933      0.00002
1982     50     1932      0.00001
1982     51     1931      0.00001
1982     52     1930      0.00000
1982     53     1929      0.00000
1982     54     1928      0.00000
1982     55+    1927-     0.00000
1983     12-    1971+     0.00000
1983     13     1970      0.00000
1983     14     1969      0.00000
1983     15     1968      0.00078
1983     16     1967      0.00369
1983     17     1966      0.01406
1983     18     1965      0.04334
1983     19     1964      0.09783
1983     20     1963      0.14963
1983     21     1962      0.17009
1983     22     1961      0.17646
1983     23     1960      0.17418
1983     24     1959      0.16545
1983     25     1958      0.14855
1983     26     1957      0.12893
1983     27     1956      0.10623
1983     28     1955      0.08639
1983     29     1954      0.07068
1983     30     1953      0.05666
1983     31     1952      0.04502
1983     32     1951      0.03695
1983     33     1950      0.02952
1983     34     1949      0.02290
1983     35     1948      0.01810
1983     36     1947      0.01367
1983     37     1946      0.01044
1983     38     1945      0.00758
1983     39     1944      0.00482
1983     40     1943      0.00345
1983     41     1942      0.00242
1983     42     1941      0.00140
1983     43     1940      0.00086
1983     44     1939      0.00059
1983     45     1938      0.00034
1983     46     1937      0.00008
1983     47     1936      0.00005
1983     48     1935      0.00003
1983     49     1934      0.00002
1983     50     1933      0.00001
1983     51     1932      0.00001
1983     52     1931      0.00000
1983     53     1930      0.00000
1983     54     1929      0.00000
1983     55+    1928-     0.00000
1984     12-    1972+     0.00000
1984     13     1971      0.00000
1984     14     1970      0.00000
1984     15     1969      0.00065
1984     16     1968      0.00424
1984     17     1967      0.01433
1984     18     1966      0.04081
1984     19     1965      0.09399
1984     20     1964      0.14249
1984     21     1963      0.16534
1984     22     1962      0.17179
1984     23     1961      0.16907
1984     24     1960      0.15791
1984     25     1959      0.14399
1984     26     1958      0.12577
1984     27     1957      0.10376
1984     28     1956      0.08574
1984     29     1955      0.06836
1984     30     1954      0.05635
1984     31     1953      0.04472
1984     32     1952      0.03535
1984     33     1951      0.02863
1984     34     1950      0.02226
1984     35     1949      0.01750
1984     36     1948      0.01359
1984     37     1947      0.01074
1984     38     1946      0.00769
1984     39     1945      0.00530
1984     40     1944      0.00336
1984     41     1943      0.00223
1984     42     1942      0.00146
1984     43     1941      0.00093
1984     44     1940      0.00048
1984     45     1939      0.00035
1984     46     1938      0.00007
1984     47     1937      0.00004
1984     48     1936      0.00002
1984     49     1935      0.00001
1984     50     1934      0.00001
1984     51     1933      0.00000
1984     52     1932      0.00000
1984     53     1931      0.00000
1984     54     1930      0.00000
1984     55+    1929-     0.00000
1985     12-    1973+     0.00000
1985     13     1972      0.00000
1985     14     1971      0.00000
1985     15     1970      0.00074
1985     16     1969      0.00405
1985     17     1968      0.01352
1985     18     1967      0.03929
1985     19     1966      0.08860
1985     20     1965      0.13508
1985     21     1964      0.15867
1985     22     1963      0.16838
1985     23     1962      0.16670
1985     24     1961      0.15956
1985     25     1960      0.14698
1985     26     1959      0.12985
1985     27     1958      0.10929
1985     28     1957      0.08753
1985     29     1956      0.06978
1985     30     1955      0.05718
1985     31     1954      0.04623
1985     32     1953      0.03670
1985     33     1952      0.03005
1985     34     1951      0.02349
1985     35     1950      0.01795
1985     36     1949      0.01435
1985     37     1948      0.01085
1985     38     1947      0.00768
1985     39     1946      0.00522
1985     40     1945      0.00338
1985     41     1944      0.00231
1985     42     1943      0.00130
1985     43     1942      0.00093
1985     44     1941      0.00060
1985     45     1940      0.00024
1985     46     1939      0.00006
1985     47     1938      0.00004
1985     48     1937      0.00002
1985     49     1936      0.00001
1985     50     1935      0.00001
1985     51     1934      0.00001
1985     52     1933      0.00000
1985     53     1932      0.00000
1985     54     1931      0.00000
1985     55+    1930-     0.00000
1986     12-    1974+     0.00000
1986     13     1973      0.00000
1986     14     1972      0.00000
1986     15     1971      0.00060
1986     16     1970      0.00349
1986     17     1969      0.01222
1986     18     1968      0.03596
1986     19     1967      0.08617
1986     20     1966      0.12924
1986     21     1965      0.15244
1986     22     1964      0.16303
1986     23     1963      0.16421
1986     24     1962      0.15701
1986     25     1961      0.14540
1986     26     1960      0.12761
1986     27     1959      0.10636
1986     28     1958      0.08754
1986     29     1957      0.07070
1986     30     1956      0.05730
1986     31     1955      0.04624
1986     32     1954      0.03721
1986     33     1953      0.02924
1986     34     1952      0.02359
1986     35     1951      0.01825
1986     36     1950      0.01403
1986     37     1949      0.01117
1986     38     1948      0.00766
1986     39     1947      0.00530
1986     40     1946      0.00360
1986     41     1945      0.00228
1986     42     1944      0.00143
1986     43     1943      0.00089
1986     44     1942      0.00061
1986     45     1941      0.00023
1986     46     1940      0.00005
1986     47     1939      0.00003
1986     48     1938      0.00002
1986     49     1937      0.00001
1986     50     1936      0.00001
1986     51     1935      0.00000
1986     52     1934      0.00000
1986     53     1933      0.00000
1986     54     1932      0.00000
1986     55+    1931-     0.00000
1987     12-    1975+     0.00000
1987     13     1974      0.00000
1987     14     1973      0.00000
1987     15     1972      0.00072
1987     16     1971      0.00314
1987     17     1970      0.01112
1987     18     1969      0.03241
1987     19     1968      0.07957
1987     20     1967      0.12494
1987     21     1966      0.14874
1987     22     1965      0.15995
1987     23     1964      0.16548
1987     24     1963      0.16521
1987     25     1962      0.15053
1987     26     1961      0.13142
1987     27     1960      0.11366
1987     28     1959      0.09316
1987     29     1958      0.07558
1987     30     1957      0.06247
1987     31     1956      0.04938
1987     32     1955      0.04066
1987     33     1954      0.03119
1987     34     1953      0.02588
1987     35     1952      0.02083
1987     36     1951      0.01531
1987     37     1950      0.01187
1987     38     1949      0.00868
1987     39     1948      0.00573
1987     40     1947      0.00389
1987     41     1946      0.00268
1987     42     1945      0.00154
1987     43     1944      0.00088
1987     44     1943      0.00043
1987     45     1942      0.00028
1987     46     1941      0.00005
1987     47     1940      0.00003
1987     48     1939      0.00002
1987     49     1938      0.00001
1987     50     1937      0.00001
1987     51     1936      0.00000
1987     52     1935      0.00000
1987     53     1934      0.00000
1987     54     1933      0.00000
1987     55+    1932-     0.00000
1988     12-    1976+     0.00000
1988     13     1975      0.00000
1988     14     1974      0.00000
1988     15     1973      0.00072
1988     16     1972      0.00354
1988     17     1971      0.01013
1988     18     1970      0.02894
1988     19     1969      0.07278
1988     20     1968      0.11620
1988     21     1967      0.14112
1988     22     1966      0.15258
1988     23     1965      0.15957
1988     24     1964      0.15754
1988     25     1963      0.14839
1988     26     1962      0.13184
1988     27     1961      0.10934
1988     28     1960      0.08968
1988     29     1959      0.07423
1988     30     1958      0.06036
1988     31     1957      0.04889
1988     32     1956      0.03840
1988     33     1955      0.03127
1988     34     1954      0.02519
1988     35     1953      0.01933
1988     36     1952      0.01528
1988     37     1951      0.01125
1988     38     1950      0.00824
1988     39     1949      0.00549
1988     40     1948      0.00403
1988     41     1947      0.00273
1988     42     1946      0.00156
1988     43     1945      0.00085
1988     44     1944      0.00045
1988     45     1943      0.00022
1988     46     1942      0.00004
1988     47     1941      0.00002
1988     48     1940      0.00001
1988     49     1939      0.00001
1988     50     1938      0.00001
1988     51     1937      0.00000
1988     52     1936      0.00000
1988     53     1935      0.00000
1988     54     1934      0.00000
1988     55+    1933-     0.00000
1989     12-    1977+     0.00000
1989     13     1976      0.00000
1989     14     1975      0.00000
1989     15     1974      0.00082
1989     16     1973      0.00319
1989     17     1972      0.00957
1989     18     1971      0.02797
1989     19     1970      0.06411
1989     20     1969      0.10450
1989     21     1968      0.12924
1989     22     1967      0.14305
1989     23     1966      0.15058
1989     24     1965      0.15233
1989     25     1964      0.14411
1989     26     1963      0.12605
1989     27     1962      0.10631
1989     28     1961      0.08755
1989     29     1960      0.06971
1989     30     1959      0.05703
1989     31     1958      0.04602
1989     32     1957      0.03773
1989     33     1956      0.02905
1989     34     1955      0.02353
1989     35     1954      0.01918
1989     36     1953      0.01453
1989     37     1952      0.01091
1989     38     1951      0.00810
1989     39     1950      0.00577
1989     40     1949      0.00382
1989     41     1948      0.00233
1989     42     1947      0.00142
1989     43     1946      0.00112
1989     44     1945      0.00043
1989     45     1944      0.00012
1989     46     1943      0.00006
1989     47     1942      0.00004
1989     48     1941      0.00002
1989     49     1940      0.00001
1989     50     1939      0.00001
1989     51     1938      0.00001
1989     52     1937      0.00000
1989     53     1936      0.00000
1989     54     1935      0.00000
1989     55+    1934-     0.00000
1990     12-    1978+     0.00000
1990     13     1977      0.00001
1990     14     1976      0.00057
1990     15     1975      0.00080
1990     16     1974      0.00341
1990     17     1973      0.00993
1990     18     1972      0.02812
1990     19     1971      0.06314
1990     20     1970      0.10494
1990     21     1969      0.12887
1990     22     1968      0.14091
1990     23     1967      0.14835
1990     24     1966      0.14788
1990     25     1965      0.13668
1990     26     1964      0.12029
1990     27     1963      0.09751
1990     28     1962      0.08138
1990     29     1961      0.06331
1990     30     1960      0.05189
1990     31     1959      0.04241
1990     32     1958      0.03227
1990     33     1957      0.02695
1990     34     1956      0.02104
1990     35     1955      0.01662
1990     36     1954      0.01247
1990     37     1953      0.00965
1990     38     1952      0.00768
1990     39     1951      0.00497
1990     40     1950      0.00393
1990     41     1949      0.00221
1990     42     1948      0.00156
1990     43     1947      0.00083
1990     44     1946      0.00066
1990     45     1945      0.00020
1990     46     1944      0.00005
1990     47     1943      0.00003
1990     48     1942      0.00002
1990     49     1941      0.00002
1990     50     1940      0.00001
1990     51     1939      0.00000
1990     52     1938      0.00000
1990     53     1937      0.00000
1990     54     1936      0.00000
1990     55+    1935-     0.00000
1991     12-    1979+     0.00000
1991     13     1978      0.00001
1991     14     1977      0.00066
1991     15     1976      0.00115
1991     16     1975      0.00397
1991     17     1974      0.01066
1991     18     1973      0.02272
1991     19     1972      0.05183
1991     20     1971      0.07659
1991     21     1970      0.09243
1991     22     1969      0.09774
1991     23     1968      0.09652
1991     24     1967      0.09413
1991     25     1966      0.08570
1991     26     1965      0.07366
1991     27     1964      0.05850
1991     28     1963      0.04584
1991     29     1962      0.03666
1991     30     1961      0.02946
1991     31     1960      0.02457
1991     32     1959      0.01945
1991     33     1958      0.01650
1991     34     1957      0.01261
1991     35     1956      0.01064
1991     36     1955      0.00880
1991     37     1954      0.00694
1991     38     1953      0.00546
1991     39     1952      0.00425
1991     40     1951      0.00305
1991     41     1950      0.00216
1991     42     1949      0.00135
1991     43     1948      0.00071
1991     44     1947      0.00047
1991     45     1946      0.00027
1991     46     1945      0.00014
1991     47     1944      0.00004
1991     48     1943      0.00002
1991     49     1942      0.00003
1991     50     1941      0.00001
1991     51     1940      0.00000
1991     52     1939      0.00000
1991     53     1938      0.00000
1991     54     1937      0.00000
1991     55+    1936-     0.00000
1992     12-    1980+     0.00000
1992     13     1979      0.00001
1992     14     1978      0.00038
1992     15     1977      0.00079
1992     16     1976      0.00328
1992     17     1975      0.00805
1992     18     1974      0.01954
1992     19     1973      0.03507
1992     20     1972      0.05501
1992     21     1971      0.07006
1992     22     1970      0.07446
1992     23     1969      0.07972
1992     24     1968      0.07879
1992     25     1967      0.07349
1992     26     1966      0.06536
1992     27     1965      0.05543
1992     28     1964      0.04494
1992     29     1963      0.03543
1992     30     1962      0.02952
1992     31     1961      0.02361
1992     32     1960      0.02053
1992     33     1959      0.01554
1992     34     1958      0.01334
1992     35     1957      0.01093
1992     36     1956      0.00837
1992     37     1955      0.00636
1992     38     1954      0.00529
1992     39     1953      0.00415
1992     40     1952      0.00303
1992     41     1951      0.00189
1992     42     1950      0.00117
1992     43     1949      0.00078
1992     44     1948      0.00044
1992     45     1947      0.00020
1992     46     1946      0.00012
1992     47     1945      0.00003
1992     48     1944      0.00002
1992     49     1943      0.00003
1992     50     1942      0.00001
1992     51     1941      0.00000
1992     52     1940      0.00000
1992     53     1939      0.00000
1992     54     1938      0.00000
1992     55+    1937-     0.00000
1993     12-    1981+     0.00000
1993     13     1980      0.00000
1993     14     1979      0.00028
1993     15     1978      0.00086
1993     16     1977      0.00234
1993     17     1976      0.00645
1993     18     1975      0.01372
1993     19     1974      0.02477
1993     20     1973      0.03961
1993     21     1972      0.05588
1993     22     1971      0.06427
1993     23     1970      0.06959
1993     24     1969      0.07126
1993     25     1968      0.07277
1993     26     1967      0.06692
1993     27     1966      0.05832
1993     28     1965      0.04876
1993     29     1964      0.03883
1993     30     1963      0.03112
1993     31     1962      0.02583
1993     32     1961      0.02023
1993     33     1960      0.01616
1993     34     1959      0.01414
1993     35     1958      0.01110
1993     36     1957      0.00860
1993     37     1956      0.00642
1993     38     1955      0.00499
1993     39     1954      0.00373
1993     40     1953      0.00278
1993     41     1952      0.00205
1993     42     1951      0.00134
1993     43     1950      0.00073
1993     44     1949      0.00048
1993     45     1948      0.00023
1993     46     1947      0.00009
1993     47     1946      0.00005
1993     48     1945      0.00002
1993     49     1944      0.00001
1993     50     1943      0.00000
1993     51     1942      0.00000
1993     52     1941      0.00000
1993     53     1940      0.00000
1993     54     1939      0.00000
1993     55+    1938-     0.00000
1994     12-    1982+     0.00000
1994     13     1981      0.00000
1994     14     1980      0.00028
1994     15     1979      0.00080
1994     16     1978      0.00264
1994     17     1977      0.00620
1994     18     1976      0.01114
1994     19     1975      0.02150
1994     20     1974      0.03266
1994     21     1973      0.04703
1994     22     1972      0.05908
1994     23     1971      0.06476
1994     24     1970      0.06833
1994     25     1969      0.07214
1994     26     1968      0.06881
1994     27     1967      0.06259
1994     28     1966      0.05460
1994     29     1965      0.04355
1994     30     1964      0.03548
1994     31     1963      0.02789
1994     32     1962      0.02217
1994     33     1961      0.01755
1994     34     1960      0.01461
1994     35     1959      0.01177
1994     36     1958      0.00907
1994     37     1957      0.00792
1994     38     1956      0.00562
1994     39     1955      0.00400
1994     40     1954      0.00346
1994     41     1953      0.00220
1994     42     1952      0.00151
1994     43     1951      0.00078
1994     44     1950      0.00056
1994     45     1949      0.00021
1994     46     1948      0.00015
1994     47     1947      0.00009
1994     48     1946      0.00004
1994     49     1945      0.00000
1994     50     1944      0.00000
1994     51     1943      0.00000
1994     52     1942      0.00000
1994     53     1941      0.00000
1994     54     1940      0.00000
1994     55+    1939-     0.00000
1995     12-    1983+     0.00000
1995     13     1982      0.00000
1995     14     1981      0.00027
1995     15     1980      0.00080
1995     16     1979      0.00266
1995     17     1978      0.00585
1995     18     1977      0.01104
1995     19     1976      0.01953
1995     20     1975      0.03174
1995     21     1974      0.04435
1995     22     1973      0.05734
1995     23     1972      0.06574
1995     24     1971      0.07355
1995     25     1970      0.07480
1995     26     1969      0.07699
1995     27     1968      0.07079
1995     28     1967      0.06470
1995     29     1966      0.05411
1995     30     1965      0.04337
1995     31     1964      0.03378
1995     32     1963      0.02773
1995     33     1962      0.02128
1995     34     1961      0.01591
1995     35     1960      0.01353
1995     36     1959      0.01154
1995     37     1958      0.00832
1995     38     1957      0.00622
1995     39     1956      0.00467
1995     40     1955      0.00287
1995     41     1954      0.00207
1995     42     1953      0.00162
1995     43     1952      0.00097
1995     44     1951      0.00054
1995     45     1950      0.00031
1995     46     1949      0.00015
1995     47     1948      0.00003
1995     48     1947      0.00003
1995     49     1946      0.00004
1995     50     1945      0.00000
1995     51     1944      0.00000
1995     52     1943      0.00000
1995     53     1942      0.00000
1995     54     1941      0.00000
1995     55+    1940-     0.00000
1996     12-    1984+     0.00000
1996     13     1983      0.00000
1996     14     1982      0.00033
1996     15     1981      0.00108
1996     16     1980      0.00319
1996     17     1979      0.00616
1996     18     1978      0.01169
1996     19     1977      0.01957
1996     20     1976      0.02973
1996     21     1975      0.04343
1996     22     1974      0.05858
1996     23     1973      0.07160
1996     24     1972      0.07990
1996     25     1971      0.08490
1996     26     1970      0.08658
1996     27     1969      0.08311
1996     28     1968      0.07621
1996     29     1967      0.06953
1996     30     1966      0.05461
1996     31     1965      0.04422
1996     32     1964      0.03447
1996     33     1963      0.02574
1996     34     1962      0.02035
1996     35     1961      0.01685
1996     36     1960      0.01281
1996     37     1959      0.00996
1996     38     1958      0.00719
1996     39     1957      0.00569
1996     40     1956      0.00433
1996     41     1955      0.00260
1996     42     1954      0.00169
1996     43     1953      0.00087
1996     44     1952      0.00065
1996     45     1951      0.00032
1996     46     1950      0.00005
1996     47     1949      0.00010
1996     48     1948      0.00000
1996     49     1947      0.00001
1996     50     1946      0.00000
1996     51     1945      0.00000
1996     52     1944      0.00000
1996     53     1943      0.00000
1996     54     1942      0.00000
1996     55+    1941-     0.00000
1997     12-    1985+     0.00000
1997     13     1984      0.00000
1997     14     1983      0.00024
1997     15     1982      0.00085
1997     16     1981      0.00283
1997     17     1980      0.00683
1997     18     1979      0.01167
1997     19     1978      0.02083
1997     20     1977      0.03003
1997     21     1976      0.04352
1997     22     1975      0.05610
1997     23     1974      0.07007
1997     24     1973      0.08323
1997     25     1972      0.09214
1997     26     1971      0.09398
1997     27     1970      0.09152
1997     28     1969      0.08841
1997     29     1968      0.07766
1997     30     1967      0.06510
1997     31     1966      0.05400
1997     32     1965      0.04200
1997     33     1964      0.03218
1997     34     1963      0.02517
1997     35     1962      0.01974
1997     36     1961      0.01549
1997     37     1960      0.01151
1997     38     1959      0.00909
1997     39     1958      0.00643
1997     40     1957      0.00445
1997     41     1956      0.00290
1997     42     1955      0.00181
1997     43     1954      0.00121
1997     44     1953      0.00047
1997     45     1952      0.00032
1997     46     1951      0.00011
1997     47     1950      0.00004
1997     48     1949      0.00000
1997     49     1948      0.00000
1997     50     1947      0.00000
1997     51     1946      0.00000
1997     52     1945      0.00000
1997     53     1944      0.00000
1997     54     1943      0.00000
1997     55+    1942-     0.00000
1998     12-    1986+     0.00000
1998     13     1985      0.00000
1998     14     1984      0.00024
1998     15     1983      0.00096
1998     16     1982      0.00284
1998     17     1981      0.00688
1998     18     1980      0.01299
1998     19     1979      0.02142
1998     20     1978      0.03238
1998     21     1977      0.04364
1998     22     1976      0.05468
1998     23     1975      0.06697
1998     24     1974      0.08188
1998     25     1973      0.09240
1998     26     1972      0.09738
1998     27     1971      0.09624
1998     28     1970      0.09024
1998     29     1969      0.08346
1998     30     1968      0.07372
1998     31     1967      0.06128
1998     32     1966      0.04734
1998     33     1965      0.03793
1998     34     1964      0.02900
1998     35     1963      0.02250
1998     36     1962      0.01675
1998     37     1961      0.01344
1998     38     1960      0.00951
1998     39     1959      0.00679
1998     40     1958      0.00484
1998     41     1957      0.00340
1998     42     1956      0.00202
1998     43     1955      0.00118
1998     44     1954      0.00055
1998     45     1953      0.00033
1998     46     1952      0.00019
1998     47     1951      0.00006
1998     48     1950      0.00003
1998     49     1949      0.00002
1998     50     1948      0.00000
1998     51     1947      0.00000
1998     52     1946      0.00000
1998     53     1945      0.00000
1998     54     1944      0.00000
1998     55+    1943-     0.00000
1999     12-    1987+     0.00000
1999     13     1986      0.00000
1999     14     1985      0.00024
1999     15     1984      0.00099
1999     16     1983      0.00319
1999     17     1982      0.00713
1999     18     1981      0.01349
1999     19     1980      0.02327
1999     20     1979      0.03343
1999     21     1978      0.04485
1999     22     1977      0.05483
1999     23     1976      0.06447
1999     24     1975      0.07754
1999     25     1974      0.09205
1999     26     1973      0.10446
1999     27     1972      0.10058
1999     28     1971      0.09585
1999     29     1970      0.08965
1999     30     1969      0.07888
1999     31     1968      0.06699
1999     32     1967      0.05538
1999     33     1966      0.04290
1999     34     1965      0.03385
1999     35     1964      0.02621
1999     36     1963      0.01959
1999     37     1962      0.01495
1999     38     1961      0.01100
1999     39     1960      0.00793
1999     40     1959      0.00572
1999     41     1958      0.00391
1999     42     1957      0.00246
1999     43     1956      0.00144
1999     44     1955      0.00064
1999     45     1954      0.00029
1999     46     1953      0.00012
1999     47     1952      0.00008
1999     48     1951      0.00005
1999     49     1950      0.00001
1999     50     1949      0.00000
1999     51     1948      0.00000
1999     52     1947      0.00000
1999     53     1946      0.00000
1999     54     1945      0.00000
1999     55+    1944-     0.00000
2000     12-    1988+     0.00000
2000     13     1987      0.00000
2000     14     1986      0.00027
2000     15     1985      0.00132
2000     16     1984      0.00337
2000     17     1983      0.00738
2000     18     1982      0.01457
2000     19     1981      0.02454
2000     20     1980      0.03419
2000     21     1979      0.04592
2000     22     1978      0.05494
2000     23     1977      0.06532
2000     24     1976      0.07798
2000     25     1975      0.09203
2000     26     1974      0.10171
2000     27     1973      0.10644
2000     28     1972      0.10244
2000     29     1971      0.09836
2000     30     1970      0.08733
2000     31     1969      0.07555
2000     32     1968      0.06282
2000     33     1967      0.04953
2000     34     1966      0.03903
2000     35     1965      0.03199
2000     36     1964      0.02253
2000     37     1963      0.01768
2000     38     1962      0.01197
2000     39     1961      0.00916
2000     40     1960      0.00639
2000     41     1959      0.00423
2000     42     1958      0.00278
2000     43     1957      0.00161
2000     44     1956      0.00081
2000     45     1955      0.00040
2000     46     1954      0.00016
2000     47     1953      0.00007
2000     48     1952      0.00002
2000     49     1951      0.00002
2000     50     1950      0.00001
2000     51     1949      0.00000
2000     52     1948      0.00000
2000     53     1947      0.00000
2000     54     1946      0.00000
2000     55+    1945-     0.00000
2001     12-    1989+     0.00000
2001     13     1988      0.00000
2001     14     1987      0.00033
2001     15     1986      0.00133
2001     16     1985      0.00388
2001     17     1984      0.00805
2001     18     1983      0.01537
2001     19     1982      0.02557
2001     20     1981      0.03383
2001     21     1980      0.04534
2001     22     1979      0.05284
2001     23     1978      0.06215
2001     24     1977      0.07425
2001     25     1976      0.08572
2001     26     1975      0.09679
2001     27     1974      0.10109
2001     28     1973      0.10206
2001     29     1972      0.09737
2001     30     1971      0.08834
2001     31     1970      0.07604
2001     32     1969      0.06424
2001     33     1968      0.05306
2001     34     1967      0.04254
2001     35     1966      0.03232
2001     36     1965      0.02432
2001     37     1964      0.01803
2001     38     1963      0.01319
2001     39     1962      0.00957
2001     40     1961      0.00699
2001     41     1960      0.00427
2001     42     1959      0.00267
2001     43     1958      0.00162
2001     44     1957      0.00085
2001     45     1956      0.00049
2001     46     1955      0.00014
2001     47     1954      0.00013
2001     48     1953      0.00002
2001     49     1952      0.00001
2001     50     1951      0.00000
2001     51     1950      0.00000
2001     52     1949      0.00000
2001     53     1948      0.00000
2001     54     1947      0.00000
2001     55+    1946-     0.00000
2002     12-    1990+     0.00000
2002     13     1989      0.00001
2002     14     1988      0.00045
2002     15     1987      0.00138
2002     16     1986      0.00412
2002     17     1985      0.00916
2002     18     1984      0.01460
2002     19     1983      0.02491
2002     20     1982      0.03284
2002     21     1981      0.04299
2002     22     1980      0.05066
2002     23     1979      0.06103
2002     24     1978      0.07061
2002     25     1977      0.08039
2002     26     1976      0.09149
2002     27     1975      0.09948
2002     28     1974      0.10248
2002     29     1973      0.09853
2002     30     1972      0.09151
2002     31     1971      0.08324
2002     32     1970      0.06776
2002     33     1969      0.05555
2002     34     1968      0.04546
2002     35     1967      0.03612
2002     36     1966      0.02601
2002     37     1965      0.02058
2002     38     1964      0.01428
2002     39     1963      0.00992
2002     40     1962      0.00701
2002     41     1961      0.00441
2002     42     1960      0.00269
2002     43     1959      0.00148
2002     44     1958      0.00104
2002     45     1957      0.00038
2002     46     1956      0.00015
2002     47     1955      0.00006
2002     48     1954      0.00003
2002     49     1953      0.00001
2002     50     1952      0.00000
2002     51     1951      0.00000
2002     52     1950      0.00000
2002     53     1949      0.00000
2002     54     1948      0.00000
2002     55+    1947-     0.00000
2003     12-    1991+     0.00000
2003     13     1990      0.00000
2003     14     1989      0.00037
2003     15     1988      0.00125
2003     16     1987      0.00385
2003     17     1986      0.00842
2003     18     1985      0.01511
2003     19     1984      0.02357
2003     20     1983      0.03251
2003     21     1982      0.04285
2003     22     1981      0.05145
2003     23     1980      0.05978
2003     24     1979      0.06922
2003     25     1978      0.07987
2003     26     1977      0.09076
2003     27     1976      0.09748
2003     28     1975      0.10347
2003     29     1974      0.10236
2003     30     1973      0.09464
2003     31     1972      0.08450
2003     32     1971      0.07156
2003     33     1970      0.06073
2003     34     1969      0.04863
2003     35     1968      0.03964
2003     36     1967      0.03033
2003     37     1966      0.02170
2003     38     1965      0.01570
2003     39     1964      0.01111
2003     40     1963      0.00743
2003     41     1962      0.00555
2003     42     1961      0.00301
2003     43     1960      0.00158
2003     44     1959      0.00099
2003     45     1958      0.00049
2003     46     1957      0.00022
2003     47     1956      0.00008
2003     48     1955      0.00006
2003     49     1954      0.00000
2003     50     1953      0.00001
2003     51     1952      0.00000
2003     52     1951      0.00000
2003     53     1950      0.00000
2003     54     1949      0.00000
2003     55+    1948-     0.00000
2004     12-    1992+     0.00000
2004     13     1991      0.00001
2004     14     1990      0.00040
2004     15     1989      0.00132
2004     16     1988      0.00385
2004     17     1987      0.00810
2004     18     1986      0.01481
2004     19     1985      0.02254
2004     20     1984      0.03240
2004     21     1983      0.04258
2004     22     1982      0.05023
2004     23     1981      0.05848
2004     24     1980      0.07090
2004     25     1979      0.08281
2004     26     1978      0.09098
2004     27     1977      0.09835
2004     28     1976      0.10382
2004     29     1975      0.10670
2004     30     1974      0.09730
2004     31     1973      0.08980
2004     32     1972      0.07929
2004     33     1971      0.06629
2004     34     1970      0.05401
2004     35     1969      0.04340
2004     36     1968      0.03375
2004     37     1967      0.02481
2004     38     1966      0.01756
2004     39     1965      0.01297
2004     40     1964      0.00831
2004     41     1963      0.00511
2004     42     1962      0.00371
2004     43     1961      0.00200
2004     44     1960      0.00101
2004     45     1959      0.00060
2004     46     1958      0.00020
2004     47     1957      0.00010
2004     48     1956      0.00001
2004     49     1955      0.00000
2004     50     1954      0.00000
2004     51     1953      0.00000
2004     52     1952      0.00000
2004     53     1951      0.00000
2004     54     1950      0.00000
2004     55+    1949-     0.00000
2005     12-    1993+     0.00000
2005     13     1992      0.00001
2005     14     1991      0.00043
2005     15     1990      0.00132
2005     16     1989      0.00355
2005     17     1988      0.00832
2005     18     1987      0.01318
2005     19     1986      0.02306
2005     20     1985      0.03356
2005     21     1984      0.04266
2005     22     1983      0.04926
2005     23     1982      0.05723
2005     24     1981      0.06585
2005     25     1980      0.07814
2005     26     1979      0.08836
2005     27     1978      0.09379
2005     28     1977      0.09800
2005     29     1976      0.10002
2005     30     1975      0.09788
2005     31     1974      0.09098
2005     32     1973      0.08134
2005     33     1972      0.06831
2005     34     1971      0.05678
2005     35     1970      0.04586
2005     36     1969      0.03491
2005     37     1968      0.02530
2005     38     1967      0.01951
2005     39     1966      0.01354
2005     40     1965      0.00951
2005     41     1964      0.00565
2005     42     1963      0.00341
2005     43     1962      0.00200
2005     44     1961      0.00111
2005     45     1960      0.00041
2005     46     1959      0.00025
2005     47     1958      0.00008
2005     48     1957      0.00005
2005     49     1956      0.00002
2005     50     1955      0.00000
2005     51     1954      0.00000
2005     52     1953      0.00000
2005     53     1952      0.00000
2005     54     1951      0.00000
2005     55+    1950-     0.00000
2006     12-    1994+     0.00000
2006     13     1993      0.00001
2006     14     1992      0.00042
2006     15     1991      0.00189
2006     16     1990      0.00416
2006     17     1989      0.00828
2006     18     1988      0.01331
2006     19     1987      0.02287
2006     20     1986      0.03350
2006     21     1985      0.04045
2006     22     1984      0.04826
2006     23     1983      0.05627
2006     24     1982      0.06516
2006     25     1981      0.07491
2006     26     1980      0.08685
2006     27     1979      0.09300
2006     28     1978      0.09618
2006     29     1977      0.09942
2006     30     1976      0.09683
2006     31     1975      0.09369
2006     32     1974      0.08284
2006     33     1973      0.07068
2006     34     1972      0.05714
2006     35     1971      0.04833
2006     36     1970      0.03777
2006     37     1969      0.02893
2006     38     1968      0.02133
2006     39     1967      0.01511
2006     40     1966      0.01028
2006     41     1965      0.00697
2006     42     1964      0.00387
2006     43     1963      0.00212
2006     44     1962      0.00129
2006     45     1961      0.00067
2006     46     1960      0.00027
2006     47     1959      0.00012
2006     48     1958      0.00003
2006     49     1957      0.00002
2006     50     1956      0.00002
2006     51     1955      0.00002
2006     52     1954      0.00001
2006     53     1953      0.00001
2006     54     1952      0.00000
2006     55+    1951-     0.00000
2007     12-    1995+     0.00000
2007     13     1994      0.00001
2007     14     1993      0.00070
2007     15     1992      0.00219
2007     16     1991      0.00475
2007     17     1990      0.00799
2007     18     1989      0.01366
2007     19     1988      0.02274
2007     20     1987      0.03217
2007     21     1986      0.04011
2007     22     1985      0.04801
2007     23     1984      0.05545
2007     24     1983      0.06425
2007     25     1982      0.07662
2007     26     1981      0.08627
2007     27     1980      0.09451
2007     28     1979      0.09999
2007     29     1978      0.10367
2007     30     1977      0.10164
2007     31     1976      0.09844
2007     32     1975      0.08754
2007     33     1974      0.07952
2007     34     1973      0.06726
2007     35     1972      0.05485
2007     36     1971      0.04453
2007     37     1970      0.03320
2007     38     1969      0.02415
2007     39     1968      0.01762
2007     40     1967      0.01172
2007     41     1966      0.00754
2007     42     1965      0.00439
2007     43     1964      0.00237
2007     44     1963      0.00122
2007     45     1962      0.00062
2007     46     1961      0.00030
2007     47     1960      0.00009
2007     48     1959      0.00006
2007     49     1958      0.00002
2007     50     1957      0.00000
2007     51     1956      0.00000
2007     52     1955      0.00001
2007     53     1954      0.00001
2007     54     1953      0.00000
2007     55+    1952-     0.00000
2008     12-    1996+     0.00000
2008     13     1995      0.00001
2008     14     1994      0.00049
2008     15     1993      0.00222
2008     16     1992      0.00535
2008     17     1991      0.01113
2008     18     1990      0.01454
2008     19     1989      0.02166
2008     20     1988      0.03227
2008     21     1987      0.03835
2008     22     1986      0.04669
2008     23     1985      0.05389
2008     24     1984      0.06313
2008     25     1983      0.07562
2008     26     1982      0.08556
2008     27     1981      0.09454
2008     28     1980      0.10132
2008     29     1979      0.10437
2008     30     1978      0.10432
2008     31     1977      0.10155
2008     32     1976      0.09409
2008     33     1975      0.08296
2008     34     1974      0.07275
2008     35     1973      0.06098
2008     36     1972      0.04879
2008     37     1971      0.03646
2008     38     1970      0.02743
2008     39     1969      0.02043
2008     40     1968      0.01366
2008     41     1967      0.00898
2008     42     1966      0.00487
2008     43     1965      0.00260
2008     44     1964      0.00143
2008     45     1963      0.00078
2008     46     1962      0.00035
2008     47     1961      0.00010
2008     48     1960      0.00003
2008     49     1959      0.00002
2008     50     1958      0.00005
2008     51     1957      0.00000
2008     52     1956      0.00000
2008     53     1955      0.00000
2008     54     1954      0.00000
2008     55+    1953-     0.00000
2009     12-    1997+     0.00000
2009     13     1996      0.00001
2009     14     1995      0.00037
2009     15     1994      0.00181
2009     16     1993      0.00530
2009     17     1992      0.01028
2009     18     1991      0.01847
2009     19     1990      0.02255
2009     20     1989      0.02847
2009     21     1988      0.03683
2009     22     1987      0.04390
2009     23     1986      0.05315
2009     24     1985      0.06136
2009     25     1984      0.07342
2009     26     1983      0.08356
2009     27     1982      0.09430
2009     28     1981      0.09794
2009     29     1980      0.10223
2009     30     1979      0.10225
2009     31     1978      0.09935
2009     32     1977      0.09340
2009     33     1976      0.08459
2009     34     1975      0.07491
2009     35     1974      0.06215
2009     36     1973      0.05285
2009     37     1972      0.03777
2009     38     1971      0.02955
2009     39     1970      0.02143
2009     40     1969      0.01460
2009     41     1968      0.00990
2009     42     1967      0.00588
2009     43     1966      0.00322
2009     44     1965      0.00175
2009     45     1964      0.00082
2009     46     1963      0.00035
2009     47     1962      0.00012
2009     48     1961      0.00004
2009     49     1960      0.00005
2009     50     1959      0.00003
2009     51     1958      0.00002
2009     52     1957      0.00001
2009     53     1956      0.00001
2009     54     1955      0.00000
2009     55+    1954-     0.00000
2010     12-    1998+     0.00000
2010     13     1997      0.00001
2010     14     1996      0.00038
2010     15     1995      0.00142
2010     16     1994      0.00571
2010     17     1993      0.01114
2010     18     1992      0.02034
2010     19     1991      0.02763
2010     20     1990      0.02943
2010     21     1989      0.03726
2010     22     1988      0.04321
2010     23     1987      0.05099
2010     24     1986      0.06198
2010     25     1985      0.07609
2010     26     1984      0.08786
2010     27     1983      0.09564
2010     28     1982      0.10249
2010     29     1981      0.10432
2010     30     1980      0.10556
2010     31     1979      0.10234
2010     32     1978      0.09666
2010     33     1977      0.08628
2010     34     1976      0.07914
2010     35     1975      0.06639
2010     36     1974      0.05591
2010     37     1973      0.04357
2010     38     1972      0.03043
2010     39     1971      0.02259
2010     40     1970      0.01704
2010     41     1969      0.01075
2010     42     1968      0.00622
2010     43     1967      0.00350
2010     44     1966      0.00180
2010     45     1965      0.00088
2010     46     1964      0.00035
2010     47     1963      0.00017
2010     48     1962      0.00004
2010     49     1961      0.00007
2010     50     1960      0.00004
2010     51     1959      0.00001
2010     52     1958      0.00001
2010     53     1957      0.00000
2010     54     1956      0.00000
2010     55+    1955-     0.00000
2011     12-    1999+     0.00000
2011     13     1998      0.00000
2011     14     1997      0.00029
2011     15     1996      0.00157
2011     16     1995      0.00517
2011     17     1994      0.01018
2011     18     1993      0.01846
2011     19     1992      0.02889
2011     20     1991      0.03510
2011     21     1990      0.03585
2011     22     1989      0.04091
2011     23     1988      0.04887
2011     24     1987      0.05805
2011     25     1986      0.07310
2011     26     1985      0.08331
2011     27     1984      0.09153
2011     28     1983      0.10035
2011     29     1982      0.10182
2011     30     1981      0.10419
2011     31     1980      0.09941
2011     32     1979      0.09453
2011     33     1978      0.08508
2011     34     1977      0.07690
2011     35     1976      0.06631
2011     36     1975      0.05607
2011     37     1974      0.04460
2011     38     1973      0.03299
2011     39     1972      0.02528
2011     40     1971      0.01714
2011     41     1970      0.01078
2011     42     1969      0.00661
2011     43     1968      0.00373
2011     44     1967      0.00191
2011     45     1966      0.00105
2011     46     1965      0.00037
2011     47     1964      0.00017
2011     48     1963      0.00008
2011     49     1962      0.00004
2011     50     1961      0.00002
2011     51     1960      0.00001
2011     52     1959      0.00001
2011     53     1958      0.00000
2011     54     1957      0.00000
2011     55+    1956-     0.00000
2012     12-    2000+     0.00000
2012     13     1999      0.00001
2012     14     1998      0.00035
2012     15     1997      0.00136
2012     16     1996      0.00458
2012     17     1995      0.00923
2012     18     1994      0.01727
2012     19     1993      0.02650
2012     20     1992      0.03851
2012     21     1991      0.04065
2012     22     1990      0.04022
2012     23     1989      0.04760
2012     24     1988      0.05832
2012     25     1987      0.07108
2012     26     1986      0.08616
2012     27     1985      0.09487
2012     28     1984      0.09996
2012     29     1983      0.10295
2012     30     1982      0.10489
2012     31     1981      0.10193
2012     32     1980      0.09591
2012     33     1979      0.08638
2012     34     1978      0.07769
2012     35     1977      0.06636
2012     36     1976      0.05944
2012     37     1975      0.04714
2012     38     1974      0.03517
2012     39     1973      0.02626
2012     40     1972      0.01872
2012     41     1971      0.01170
2012     42     1970      0.00743
2012     43     1969      0.00423
2012     44     1968      0.00248
2012     45     1967      0.00100
2012     46     1966      0.00042
2012     47     1965      0.00019
2012     48     1964      0.00016
2012     49     1963      0.00004
2012     50     1962      0.00001
2012     51     1961      0.00002
2012     52     1960      0.00003
2012     53     1959      0.00002
2012     54     1958      0.00001
2012     55+    1957-     0.00000
2013     12-    2001+     0.00000
2013     13     2000      0.00000
2013     14     1999      0.00030
2013     15     1998      0.00148
2013     16     1997      0.00357
2013     17     1996      0.00818
2013     18     1995      0.01760
2013     19     1994      0.02635
2013     20     1993      0.03396
2013     21     1992      0.04108
2013     22     1991      0.04429
2013     23     1990      0.04687
2013     24     1989      0.05749
2013     25     1988      0.07148
2013     26     1987      0.08373
2013     27     1986      0.09415
2013     28     1985      0.10058
2013     29     1984      0.10541
2013     30     1983      0.10460
2013     31     1982      0.10335
2013     32     1981      0.09555
2013     33     1980      0.08710
2013     34     1979      0.07576
2013     35     1978      0.06948
2013     36     1977      0.05961
2013     37     1976      0.04745
2013     38     1975      0.03752
2013     39     1974      0.02634
2013     40     1973      0.02057
2013     41     1972      0.01276
2013     42     1971      0.00729
2013     43     1970      0.00428
2013     44     1969      0.00253
2013     45     1968      0.00125
2013     46     1967      0.00048
2013     47     1966      0.00024
2013     48     1965      0.00013
2013     49     1964      0.00007
2013     50     1963      0.00003
2013     51     1962      0.00001
2013     52     1961      0.00001
2013     53     1960      0.00000
2013     54     1959      0.00000
2013     55+    1958-     0.00000
2014     12-    2002+     0.00000
2014     13     2001      0.00001
2014     14     2000      0.00039
2014     15     1999      0.00147
2014     16     1998      0.00423
2014     17     1997      0.00921
2014     18     1996      0.01527
2014     19     1995      0.02558
2014     20     1994      0.03249
2014     21     1993      0.03873
2014     22     1992      0.04643
2014     23     1991      0.05131
2014     24     1990      0.05803
2014     25     1989      0.07110
2014     26     1988      0.08541
2014     27     1987      0.09592
2014     28     1986      0.10340
2014     29     1985      0.10863
2014     30     1984      0.10870
2014     31     1983      0.10631
2014     32     1982      0.10213
2014     33     1981      0.09136
2014     34     1980      0.08098
2014     35     1979      0.07154
2014     36     1978      0.06139
2014     37     1977      0.04993
2014     38     1976      0.03966
2014     39     1975      0.03155
2014     40     1974      0.02175
2014     41     1973      0.01364
2014     42     1972      0.00859
2014     43     1971      0.00480
2014     44     1970      0.00230
2014     45     1969      0.00119
2014     46     1968      0.00048
2014     47     1967      0.00028
2014     48     1966      0.00008
2014     49     1965      0.00006
2014     50     1964      0.00005
2014     51     1963      0.00001
2014     52     1962      0.00001
2014     53     1961      0.00000
2014     54     1960      0.00000
2014     55+    1959-     0.00000
2015     12-    2003+     0.00000
2015     13     2002      0.00000
2015     14     2001      0.00023
2015     15     2000      0.00128
2015     16     1999      0.00402
2015     17     1998      0.00873
2015     18     1997      0.01532
2015     19     1996      0.02436
2015     20     1995      0.03260
2015     21     1994      0.03800
2015     22     1993      0.04411
2015     23     1992      0.05364
2015     24     1991      0.06018
2015     25     1990      0.07098
2015     26     1989      0.08665
2015     27     1988      0.09580
2015     28     1987      0.10461
2015     29     1986      0.11130
2015     30     1985      0.11012
2015     31     1984      0.10660
2015     32     1983      0.10187
2015     33     1982      0.09252
2015     34     1981      0.08297
2015     35     1980      0.07452
2015     36     1979      0.06227
2015     37     1978      0.05002
2015     38     1977      0.03993
2015     39     1976      0.03162
2015     40     1975      0.02306
2015     41     1974      0.01496
2015     42     1973      0.00926
2015     43     1972      0.00443
2015     44     1971      0.00262
2015     45     1970      0.00140
2015     46     1969      0.00070
2015     47     1968      0.00025
2015     48     1967      0.00013
2015     49     1966      0.00010
2015     50     1965      0.00003
2015     51     1964      0.00002
2015     52     1963      0.00002
2015     53     1962      0.00001
2015     54     1961      0.00000
2015     55+    1960-     0.00000
2016     12-    2004+     0.00000
2016     13     2003      0.00001
2016     14     2002      0.00045
2016     15     2001      0.00164
2016     16     2000      0.00419
2016     17     1999      0.00938
2016     18     1998      0.01601
2016     19     1997      0.02566
2016     20     1996      0.03555
2016     21     1995      0.04237
2016     22     1994      0.04866
2016     23     1993      0.05528
2016     24     1992      0.06727
2016     25     1991      0.07830
2016     26     1990      0.08676
2016     27     1989      0.10008
2016     28     1988      0.11003
2016     29     1987      0.11428
2016     30     1986      0.11440
2016     31     1985      0.11131
2016     32     1984      0.10338
2016     33     1983      0.09663
2016     34     1982      0.08695
2016     35     1981      0.07763
2016     36     1980      0.06554
2016     37     1979      0.05406
2016     38     1978      0.04258
2016     39     1977      0.03254
2016     40     1976      0.02515
2016     41     1975      0.01679
2016     42     1974      0.01008
2016     43     1973      0.00610
2016     44     1972      0.00286
2016     45     1971      0.00143
2016     46     1970      0.00077
2016     47     1969      0.00032
2016     48     1968      0.00013
2016     49     1967      0.00002
2016     50     1966      0.00011
2016     51     1965      0.00003
2016     52     1964      0.00002
2016     53     1963      0.00001
2016     54     1962      0.00000
2016     55+    1961-     0.00000
2017     12-    2005+     0.00000
2017     13     2004      0.00000
2017     14     2003      0.00028
2017     15     2002      0.00141
2017     16     2001      0.00400
2017     17     2000      0.00715
2017     18     1999      0.01387
2017     19     1998      0.02319
2017     20     1997      0.02955
2017     21     1996      0.03673
2017     22     1995      0.04472
2017     23     1994      0.05146
2017     24     1993      0.06342
2017     25     1992      0.07478
2017     26     1991      0.08878
2017     27     1990      0.09928
2017     28     1989      0.10839
2017     29     1988      0.11490
2017     30     1987      0.11425
2017     31     1986      0.11393
2017     32     1985      0.10398
2017     33     1984      0.09736
2017     34     1983      0.08522
2017     35     1982      0.07575
2017     36     1981      0.06516
2017     37     1980      0.05350
2017     38     1979      0.04348
2017     39     1978      0.03448
2017     40     1977      0.02494
2017     41     1976      0.01690
2017     42     1975      0.01106
2017     43     1974      0.00583
2017     44     1973      0.00332
2017     45     1972      0.00187
2017     46     1971      0.00075
2017     47     1970      0.00046
2017     48     1969      0.00007
2017     49     1968      0.00014
2017     50     1967      0.00009
2017     51     1966      0.00002
2017     52     1965      0.00001
2017     53     1964      0.00001
2017     54     1963      0.00000
2017     55+    1962-     0.00000
