West Germany, Live births by calendar year, age, birth cohort and birth order (Lexis triangles)
Last modified: 04/02/2019
Year   Age    Cohort           Total             B1             B2             B3             B4            B5p
2009    12-        .            0.13           0.13           0.00           0.00           0.00           0.00
2009    13      1996            0.56           0.56           0.00           0.00           0.00           0.00
2009    13      1995            9.86           9.86           0.00           0.00           0.00           0.00
2009    14      1995           24.45          24.45           0.00           0.00           0.00           0.00
2009    14      1994           63.23          62.62           0.61           0.00           0.00           0.00
2009    15      1994           96.77          93.38           3.39           0.00           0.00           0.00
2009    15      1993          261.38         256.56           4.82           0.00           0.00           0.00
2009    16      1993          397.62         391.44           6.18           0.00           0.00           0.00
2009    16      1992          704.26         685.21          18.77           0.13           0.15           0.00
2009    17      1992          916.74         883.79          31.23           0.87           0.85           0.00
2009    17      1991         1306.15        1220.01          79.70           5.44           1.01           0.00
2009    18      1991         1620.85        1486.99         123.30           9.56           0.99           0.00
2009    18      1990         2591.04        2325.13         247.44          17.56           0.91           0.00
2009    19      1990         3068.96        2713.87         330.56          23.44           1.09           0.00
2009    19      1989         3901.09        3305.91         535.32          56.06           3.80           0.00
2009    20      1989         4378.91        3620.09         672.68          79.94           6.20           0.00
2009    20      1988         5287.14        4114.15        1025.16         132.97          14.07           0.78
2009    21      1988         5765.86        4355.85        1216.84         168.03          19.93           5.22
2009    21      1987         6379.48        4596.68        1499.76         246.13          29.37           7.54
2009    22      1987         6823.52        4800.32        1680.24         296.87          37.63           8.46
2009    22      1986         7655.74        5129.18        2033.07         410.28          68.96          14.24
2009    23      1986         8063.26        5285.82        2203.93         468.72          87.04          17.76
2009    23      1985         8759.21        5532.28        2507.16         572.29         117.11          30.38
2009    24      1985         9465.79        5888.72        2752.84         647.71         138.89          37.62
2009    24      1984        10559.40        6439.56        3126.00         771.54         179.47          42.83
2009    25      1984        11174.60        6742.44        3342.00         840.46         200.53          49.17
2009    25      1983        12338.54        7282.92        3769.48         971.25         236.96          77.93
2009    26      1983        13212.46        7697.08        4087.52        1072.75         261.04          94.07
2009    26      1982        14591.74        8219.32        4659.56        1296.51         300.14         116.20
2009    27      1982        15293.26        8499.68        4943.44        1394.49         324.86         130.80
2009    27      1981        16389.80        8923.05        5402.50        1511.56         385.64         167.05
2009    28      1981        17045.20        9179.95        5665.50        1597.44         417.36         184.95
2009    28      1980        17920.01        9442.02        6031.83        1769.06         467.02         210.08
2009    29      1980        18285.99        9530.98        6200.17        1841.94         491.98         220.92
2009    29      1979        18173.93        9275.81        6260.13        1888.05         523.30         226.64
2009    30      1979        18482.07        9310.19        6429.87        1959.95         544.70         237.36
2009    30      1978        18102.27        8846.43        6439.52        2020.32         542.77         253.23
2009    31      1978        18732.73        8984.57        6759.48        2137.68         576.23         274.77
2009    31      1977        17832.48        8171.75        6662.98        2105.86         596.34         295.55
2009    32      1977        17994.52        8064.25        6816.02        2183.14         623.66         307.45
2009    32      1976        17010.12        7302.74        6573.81        2224.11         624.30         285.15
2009    33      1976        17121.88        7165.26        6690.19        2306.89         659.70         299.85
2009    33      1975        15358.07        6045.27        6138.67        2159.69         687.31         327.13
2009    34      1975        15453.93        5942.73        6205.33        2243.31         711.69         350.87
2009    34      1974        13935.26        5189.15        5590.40        2197.55         617.32         340.84
2009    35      1974        13808.74        5049.85        5525.60        2252.45         626.68         354.16
2009    35      1973        12119.20        4263.65        4791.79        2095.52         622.35         345.89
2009    36      1973        11952.80        4140.35        4711.21        2107.48         635.65         358.11
2009    36      1972        10675.36        3613.57        4203.79        1923.60         585.31         349.09
2009    37      1972        10577.64        3538.43        4157.21        1922.40         595.69         363.91
2009    37      1971         9137.18        2991.43        3573.37        1667.90         550.53         353.95
2009    38      1971         8883.82        2868.57        3452.63        1651.10         552.47         359.05
2009    38      1970         7305.40        2273.24        2784.75        1454.54         482.17         310.71
2009    39      1970         6966.60        2158.76        2627.25        1392.46         476.83         311.29
2009    39      1969         5689.16        1786.78        2095.15        1091.50         425.54         290.19
2009    40      1969         5470.84        1718.22        1984.85        1048.50         419.46         299.81
2009    40      1968         4072.67        1274.50        1420.08         796.42         316.72         264.94
2009    41      1968         3737.33        1154.50        1292.92         736.58         299.28         254.06
2009    41      1967         2517.34         744.01         873.58         507.20         220.47         172.09
2009    42      1967         2211.66         649.99         756.42         442.80         200.53         161.91
2009    42      1966         1495.22         444.33         487.93         285.30         141.77         135.88
2009    43      1966         1288.78         379.67         401.07         247.70         128.23         132.12
2009    43      1965          822.82         230.73         221.27         165.43          94.32         111.07
2009    44      1965          689.18         195.27         179.73         139.57          76.68          97.93
2009    44      1964          408.31         125.10         106.17          83.06          36.86          57.12
2009    45      1964          331.69         102.90          84.83          66.94          30.14          46.88
2009    45      1963          181.92          55.64          44.66          35.88          19.35          26.39
2009    46      1963          147.08          46.36          35.34          28.12          15.65          21.61
2009    46      1962           79.11          27.80          17.69          13.55           7.49          12.58
2009    47      1962           66.89          24.20          15.31          11.45           6.51           9.42
2009    47      1961           48.26          17.98          12.52           8.64           5.22           3.89
2009    48      1961           40.74          15.02          10.48           7.36           4.78           3.11
2009    48      1960           23.08           7.90           5.47           4.46           3.29           1.97
2009    49      1960           19.92           7.10           4.53           3.54           2.71           2.03
2009    49      1959           13.62           5.52           2.59           1.60           1.45           2.46
2009    50      1959           12.38           5.48           2.41           1.40           0.55           2.54
2009    50      1958            8.85           4.31           1.85           1.01           0.00           1.67
2009    51      1958            7.88           3.93           1.68           0.89           0.00           1.38
2009    51      1957            5.49           2.85           1.23           0.62           0.00           0.78
2009    52      1957            4.70           2.49           1.09           0.53           0.00           0.59
2009    52      1956            2.82           1.53           0.71           0.33           0.00           0.26
2009    53      1956            2.33           1.27           0.61           0.27           0.00           0.18
2009    53      1955            1.32           0.73           0.37           0.15           0.00           0.07
2009    54      1955            0.95           0.52           0.27           0.11           0.00           0.05
2009    54      1954            0.48           0.26           0.14           0.06           0.00           0.02
2009    55+        .            0.18           0.10           0.05           0.02           0.00           0.01
2010    12-        .            0.12           0.12           0.00           0.00           0.00           0.00
2010    13      1997            0.55           0.55           0.00           0.00           0.00           0.00
2010    13      1996           10.20          10.20           0.00           0.00           0.00           0.00
2010    14      1996           25.13          25.13           0.00           0.00           0.00           0.00
2010    14      1995           64.98          64.98           0.00           0.00           0.00           0.00
2010    15      1995           97.02          97.02           0.00           0.00           0.00           0.00
2010    15      1994          242.43         240.31           2.12           0.00           0.00           0.00
2010    16      1994          357.57         344.69          12.88           0.00           0.00           0.00
2010    16      1993          656.06         635.19          20.45           0.42           0.00           0.00
2010    17      1993          868.94         839.81          26.55           2.58           0.00           0.00
2010    17      1992         1271.88        1191.67          76.11           3.96           0.14           0.00
2010    18      1992         1588.12        1462.33         119.89           5.04           0.86           0.00
2010    18      1991         2407.76        2145.07         247.20          13.52           1.68           0.29
2010    19      1991         2937.24        2569.93         341.80          21.48           2.32           1.71
2010    19      1990         3837.74        3257.97         518.11          53.48           7.17           1.00
2010    20      1990         4242.26        3528.03         625.89          76.52          10.83           1.00
2010    20      1989         4938.88        3864.98         928.90         123.33          19.10           2.57
2010    21      1989         5380.12        4085.02        1110.10         156.67          24.90           3.43
2010    21      1988         6365.64        4562.25        1507.60         251.79          39.92           4.08
2010    22      1988         6880.36        4799.75        1717.40         308.21          50.08           4.92
2010    22      1987         7471.35        4982.22        1995.91         408.03          76.71           8.48
2010    23      1987         7973.65        5214.78        2184.09         471.97          91.29          11.52
2010    23      1986         8971.88        5699.22        2539.78         601.42         107.42          24.04
2010    24      1986         9487.12        5939.78        2721.22         671.58         122.58          31.96
2010    24      1985        10359.89        6291.58        3028.46         812.51         183.46          43.87
2010    25      1985        11183.11        6709.42        3304.54         901.49         214.54          53.13
2010    25      1984        12250.36        7242.14        3721.68         985.09         230.49          70.96
2010    26      1984        12887.64        7540.86        3970.32        1046.91         246.51          83.04
2010    26      1983        14021.86        7977.24        4451.39        1187.08         288.52         117.63
2010    27      1983        14959.14        8404.76        4806.61        1293.92         318.48         135.37
2010    27      1982        16433.58        9018.34        5384.61        1501.79         378.51         150.32
2010    28      1982        17170.42        9317.66        5675.39        1605.21         409.49         162.68
2010    28      1981        18150.56        9644.40        6087.41        1760.82         462.31         195.62
2010    29      1981        18780.44        9865.60        6347.59        1861.18         490.69         215.38
2010    29      1980        19464.57        9978.17        6681.81        2023.31         524.32         256.96
2010    30      1980        19746.43        9983.83        6840.19        2101.69         545.68         275.04
2010    30      1979        19276.97        9462.30        6796.70        2154.85         573.57         289.54
2010    31      1979        19389.03        9329.70        6949.30        2215.15         594.43         300.46
2010    31      1978        18355.64        8397.98        6912.01        2164.61         588.66         292.39
2010    32      1978        18831.36        8413.02        7199.99        2282.39         621.34         314.61
2010    32      1977        17750.35        7570.76        6871.51        2325.71         626.04         356.33
2010    33      1977        17759.65        7393.24        6941.49        2405.29         647.96         371.67
2010    33      1976        16281.61        6454.60        6525.86        2333.75         633.80         333.60
2010    34      1976        16252.39        6294.40        6546.14        2405.25         663.20         343.40
2010    34      1975        14371.76        5318.53        5764.80        2276.97         666.61         344.84
2010    35      1975        14362.24        5201.47        5747.20        2349.03         697.39         367.16
2010    35      1974        12706.85        4424.38        5043.14        2211.00         653.68         374.65
2010    36      1974        12441.15        4247.62        4929.86        2212.00         664.32         387.35
2010    36      1973        10562.86        3466.35        4197.64        1926.62         617.19         355.05
2010    37      1973        10268.14        3326.65        4064.36        1899.38         616.81         360.95
2010    37      1972         8878.07        2841.92        3454.25        1689.21         546.27         346.42
2010    38      1972         8721.93        2764.08        3379.75        1678.79         548.73         350.58
2010    38      1971         7455.65        2303.10        2894.39        1459.48         494.50         304.18
2010    39      1971         7192.35        2206.90        2756.61        1427.52         496.50         304.82
2010    39      1970         5772.67        1751.91        2106.39        1192.93         444.47         276.97
2010    40      1970         5375.33        1642.09        1929.61        1105.07         425.53         273.03
2010    40      1969         4094.19        1299.24        1435.47         798.65         330.30         230.53
2010    41      1969         3804.81        1200.76        1321.53         741.35         309.70         231.47
2010    41      1968         2620.82         787.04         897.45         526.03         213.02         197.28
2010    42      1968         2348.18         700.96         793.55         471.97         197.98         183.72
2010    42      1967         1544.63         469.79         504.76         306.96         147.99         115.12
2010    43      1967         1321.37         394.21         426.24         262.04         132.01         106.88
2010    43      1966          822.57         223.84         257.67         162.23          87.46          91.37
2010    44      1966          702.43         191.16         217.33         136.77          73.54          83.63
2010    44      1965          460.11         135.52         139.75          84.38          43.17          57.30
2010    45      1965          379.89         109.48         114.25          72.62          35.83          47.70
2010    45      1964          210.08          52.27          62.59          48.56          21.61          25.04
2010    46      1964          170.92          43.73          49.41          38.44          17.39          21.96
2010    46      1963           99.05          29.82          24.56          18.47           8.75          17.45
2010    47      1963           78.95          25.18          20.44          12.53           7.25          13.55
2010    47      1962           38.60          13.23          13.31           3.34           4.63           4.09
2010    48      1962           32.40          11.77          10.69           2.66           3.37           3.91
2010    48      1961           23.54           9.29           4.63           1.96           1.05           6.62
2010    49      1961           21.46           8.71           4.37           2.04           0.95           5.38
2010    49      1960           15.88           6.30           4.97           2.48           1.11           1.02
2010    50      1960           15.12           5.70           5.03           2.52           0.89           0.98
2010    50      1959           12.25           3.99           3.95           1.84           0.31           2.16
2010    51      1959           11.43           3.54           3.62           1.65           0.23           2.39
2010    51      1958            7.81           2.38           2.47           1.08           0.14           1.75
2010    52      1958            6.63           2.07           2.14           0.91           0.11           1.40
2010    52      1957            3.93           1.35           1.34           0.55           0.07           0.61
2010    53      1957            3.18           1.15           1.11           0.45           0.06           0.42
2010    53      1956            1.74           0.68           0.63           0.24           0.03           0.15
2010    54      1956            1.23           0.50           0.45           0.17           0.02           0.09
2010    54      1955            0.59           0.25           0.22           0.08           0.01           0.03
2010    55+        .            0.21           0.09           0.08           0.03           0.00           0.01
2011    12-        .            0.09           0.08           0.00           0.02           0.00           0.00
2011    13      1998            0.43           0.37           0.00           0.06           0.00           0.00
2011    13      1997            8.19           7.79           0.00           0.41           0.00           0.00
2011    14      1997           22.29          21.76           0.00           0.52           0.00           0.00
2011    14      1996           73.88          73.39           0.49           0.00           0.00           0.00
2011    15      1996          113.12         110.61           2.51           0.00           0.00           0.00
2011    15      1995          230.88         227.77           3.11           0.00           0.00           0.00
2011    16      1995          315.12         311.23           3.89           0.00           0.00           0.00
2011    16      1994          578.83         563.72          14.78           0.33           0.00           0.00
2011    17      1994          759.17         732.28          26.22           0.67           0.00           0.00
2011    17      1993         1142.94        1070.60          69.60           2.75           0.00           0.00
2011    18      1993         1447.06        1332.40         109.40           5.25           0.00           0.00
2011    18      1992         2220.06        1994.54         211.52          13.33           0.53           0.14
2011    19      1992         2711.94        2397.46         288.48          21.67           3.47           0.86
2011    19      1991         3334.18        2841.15         434.85          51.78           5.47           0.93
2011    20      1991         3826.82        3192.85         552.15          74.22           6.53           1.07
2011    20      1990         4811.28        3809.23         882.58         104.80          12.16           2.52
2011    21      1990         5201.72        4010.77        1046.42         125.20          15.84           3.48
2011    21      1989         5744.69        4205.59        1308.98         194.46          29.55           6.11
2011    22      1989         6161.31        4395.41        1479.02         239.54          39.45           7.89
2011    22      1988         7083.65        4804.25        1852.22         351.04          64.88          11.27
2011    23      1988         7665.35        5087.75        2063.78         416.96          82.12          14.73
2011    23      1987         8429.37        5416.45        2345.27         516.01         118.92          32.73
2011    24      1987         9069.63        5743.55        2560.73         583.99         139.08          42.27
2011    24      1986        10233.20        6343.20        2976.34         711.47         160.06          42.13
2011    25      1986        10832.80        6640.80        3183.66         786.53         174.94          46.87
2011    25      1985        11608.08        6941.49        3442.63         941.38         209.82          72.76
2011    26      1985        12490.92        7384.51        3738.37        1041.62         238.18          88.24
2011    26      1984        13419.78        7774.86        4135.27        1111.42         291.15         107.08
2011    27      1984        14101.22        8081.14        4406.73        1176.58         316.85         119.92
2011    27      1983        15318.70        8571.86        4933.12        1320.60         345.52         147.59
2011    28      1983        16340.30        9028.14        5338.88        1435.40         372.48         165.41
2011    28      1982        17633.51        9461.00        5935.71        1630.09         414.53         192.17
2011    29      1982        18335.49        9729.00        6232.29        1728.91         439.47         205.83
2011    29      1981        18951.11        9931.98        6489.38        1832.22         476.90         220.63
2011    30      1981        19512.89       10086.02        6741.62        1940.78         509.10         235.37
2011    30      1980        19968.67        9879.31        7064.00        2175.35         580.28         269.73
2011    31      1980        20091.33        9734.69        7207.00        2263.65         602.72         283.27
2011    31      1979        18958.08        8841.51        7018.00        2237.48         577.79         283.30
2011    32      1979        18866.92        8563.49        7128.00        2290.52         590.21         294.70
2011    32      1978        17410.39        7345.07        6925.10        2246.21         588.60         305.41
2011    33      1978        17713.61        7280.93        7136.90        2345.79         623.40         326.59
2011    33      1977        16367.18        6513.66        6623.44        2267.67         632.33         330.07
2011    34      1977        16301.82        6360.34        6618.56        2322.33         655.67         344.93
2011    34      1976        14815.29        5538.70        6048.94        2246.56         636.38         344.71
2011    35      1976        14674.71        5373.30        5983.06        2299.44         656.62         362.29
2011    35      1975        12555.10        4415.77        5056.59        2107.42         616.80         358.52
2011    36      1975        12396.90        4265.23        4977.41        2143.58         636.20         374.48
2011    36      1974        10672.98        3501.81        4280.29        1948.05         593.13         349.69
2011    37      1974        10308.02        3324.19        4118.71        1910.95         599.87         354.31
2011    37      1973         8366.27        2630.13        3310.06        1561.70         543.53         320.85
2011    38      1973         8065.73        2517.87        3162.94        1525.30         538.47         321.15
2011    38      1972         6933.74        2156.10        2648.22        1373.58         467.42         288.43
2011    39      1972         6762.26        2100.90        2567.78        1339.42         461.58         292.57
2011    39      1971         5621.96        1752.79        2137.22        1069.53         392.87         269.56
2011    40      1971         5310.04        1644.21        1997.78        1013.47         385.13         269.44
2011    40      1970         4009.52        1206.23        1450.20         794.14         326.02         232.94
2011    41      1970         3609.48        1075.77        1288.80         720.86         306.98         217.06
2011    41      1969         2524.76         744.53         885.86         508.79         232.87         152.71
2011    42      1969         2293.24         671.47         797.14         462.21         216.13         146.29
2011    42      1968         1541.78         444.82         524.26         307.13         148.18         117.39
2011    43      1968         1355.22         387.18         454.74         271.87         129.82         111.61
2011    43      1967          843.78         235.83         277.35         172.47          77.18          80.95
2011    44      1967          713.22         198.17         223.65         150.53          67.82          73.05
2011    44      1966          447.72         122.56         120.55         104.04          49.76          50.82
2011    45      1966          365.28         101.44          94.45          82.96          42.24          44.18
2011    45      1965          203.44          59.79          49.39          40.61          24.52          29.13
2011    46      1965          162.56          49.21          40.61          30.39          19.48          22.87
2011    46      1964           87.02          28.07          25.85          13.72          10.01           9.37
2011    47      1964           72.98          23.93          21.15          11.28           7.99           8.63
2011    47      1963           47.16          15.28          10.29           7.42           4.36           9.80
2011    48      1963           41.84          13.72           9.71           6.58           3.64           8.20
2011    48      1962           28.54           9.28          10.33           4.32           2.04           2.57
2011    49      1962           25.46           8.72           8.67           3.68           1.96           2.43
2011    49      1961           17.91           7.06           3.15           2.16           2.03           3.51
2011    50      1961           17.09           6.94           2.85           1.84           1.97           3.49
2011    50      1960           15.10           6.57           3.37           1.31           1.48           2.38
2011    51      1960           14.30           6.37           3.44           1.16           1.31           2.01
2011    51      1959           10.01           4.64           2.69           0.78           0.81           1.09
2011    52      1959            8.62           4.06           2.43           0.67           0.65           0.81
2011    52      1958            4.79           2.32           1.45           0.38           0.31           0.33
2011    53      1958            3.81           1.86           1.18           0.31           0.23           0.22
2011    53      1957            2.04           1.01           0.66           0.18           0.11           0.09
2011    54      1957            1.42           0.70           0.47           0.12           0.07           0.05
2011    54      1956            0.67           0.34           0.23           0.06           0.03           0.02
2011    55+        .            0.24           0.12           0.08           0.02           0.01           0.01
2012    12-        .            0.10           0.10           0.00           0.00           0.00           0.00
2012    13      1999            0.47           0.47           0.00           0.00           0.00           0.00
2012    13      1998            8.69           8.69           0.00           0.00           0.00           0.00
2012    14      1998           22.75          22.75           0.00           0.00           0.00           0.00
2012    14      1997           69.10          68.95           0.14           0.00           0.00           0.00
2012    15      1997          108.90         108.05           0.86           0.00           0.00           0.00
2012    15      1996          234.14         229.91           4.07           0.17           0.00           0.00
2012    16      1996          320.86         313.09           6.93           0.83           0.00           0.00
2012    16      1995          595.18         575.92          18.80           0.46           0.00           0.00
2012    17      1995          768.82         739.08          29.20           0.54           0.00           0.00
2012    17      1994         1109.88        1033.84          71.12           4.92           0.00           0.00
2012    18      1994         1372.12        1255.16         106.88          10.08           0.00           0.00
2012    18      1993         2094.82        1866.85         212.17          15.41           0.39           0.00
2012    19      1993         2588.18        2268.15         295.83          21.59           2.61           0.00
2012    19      1992         3316.36        2789.39         467.42          54.74           4.80           0.00
2012    20      1992         3837.64        3152.61         598.58          80.26           6.20           0.00
2012    20      1991         4443.52        3451.50         864.41         113.61          13.62           0.39
2012    21      1991         4971.48        3762.50        1044.59         142.39          19.38           2.61
2012    21      1990         5821.80        4228.88        1332.61         220.83          35.37           4.11
2012    22      1990         6217.20        4419.12        1484.39         264.17          44.63           4.89
2012    22      1989         6862.41        4655.37        1786.35         349.49          60.05          11.15
2012    23      1989         7408.59        4922.63        1989.65         409.51          71.95          14.85
2012    23      1988         8529.69        5461.89        2392.12         551.35         105.51          18.82
2012    24      1988         9244.31        5835.11        2632.88         626.65         126.49          23.18
2012    24      1987        10019.94        6223.98        2900.29         689.89         162.82          42.96
2012    25      1987        10799.06        6630.02        3161.71         763.11         189.18          55.04
2012    25      1986        12222.88        7261.16        3692.35         954.13         244.89          70.35
2012    26      1986        12915.12        7579.84        3949.65        1034.87         270.11          80.65
2012    26      1985        13380.39        7743.44        4174.97        1071.86         287.60         102.52
2012    27      1985        14348.61        8220.56        4525.03        1172.14         312.40         118.48
2012    27      1984        15478.73        8629.32        4989.07        1376.09         342.85         141.39
2012    28      1984        16196.27        8921.68        5277.93        1476.91         365.15         154.61
2012    28      1983        16882.09        9097.60        5633.20        1572.21         405.87         173.21
2012    29      1983        17924.91        9565.40        6038.80        1690.79         440.13         189.79
2012    29      1982        19407.51       10200.01        6628.63        1875.38         486.58         216.91
2012    30      1982        20135.49       10432.99        6962.37        1987.62         518.42         234.09
2012    30      1981        20284.94       10074.69        7252.22        2126.79         568.08         263.17
2012    31      1981        20656.06       10052.31        7491.78        2231.21         600.92         279.83
2012    31      1980        20225.79        9471.09        7503.57        2323.48         636.01         291.63
2012    32      1980        20140.21        9191.91        7606.43        2387.52         650.99         303.37
2012    32      1979        18551.03        7932.72        7351.93        2340.28         613.41         312.69
2012    33      1979        18381.97        7639.28        7398.07        2392.72         626.59         325.31
2012    33      1978        16757.38        6619.77        6858.54        2328.90         628.49         321.69
2012    34      1978        16945.62        6539.23        6982.46        2416.10         664.51         343.31
2012    34      1977        15185.10        5621.08        6318.70        2241.01         649.55         354.76
2012    35      1977        14997.90        5445.92        6239.30        2272.99         673.45         366.24
2012    35      1976        13332.89        4689.31        5484.81        2158.60         665.34         334.83
2012    36      1976        13043.11        4481.69        5346.19        2186.40         684.66         344.17
2012    36      1975        10687.62        3457.37        4354.02        1925.85         616.75         333.64
2012    37      1975        10430.38        3299.63        4222.98        1938.15         629.25         340.36
2012    37      1974         8738.08        2672.87        3485.59        1716.56         573.78         289.27
2012    38      1974         8399.92        2542.13        3317.41        1677.44         571.22         291.73
2012    38      1973         6775.05        2023.45        2610.49        1373.07         490.44         277.60
2012    39      1973         6496.95        1947.55        2475.51        1314.93         476.56         282.40
2012    39      1972         5450.56        1680.82        2033.87        1082.26         395.81         257.80
2012    40      1972         5166.44        1595.18        1909.13        1019.74         383.19         259.20
2012    40      1971         3879.73        1181.01        1407.44         757.74         310.17         223.37
2012    41      1971         3555.27        1073.99        1275.56         693.26         294.83         217.63
2012    41      1970         2563.37         759.72         895.77         500.77         230.51         176.59
2012    42      1970         2268.63         668.28         784.23         443.23         208.49         164.41
2012    42      1969         1543.26         451.88         523.85         301.30         144.63         121.59
2012    43      1969         1362.74         398.12         457.15         265.70         128.37         113.41
2012    43      1968          841.24         245.79         275.79         163.23          78.64          77.78
2012    44      1968          726.76         211.21         232.21         139.77          69.36          74.22
2012    44      1967          446.48         126.75         132.36          82.11          45.42          59.84
2012    45      1967          378.52         107.25         108.64          69.89          39.58          53.16
2012    45      1966          243.21          68.49          65.68          47.95          27.39          33.70
2012    46      1966          196.79          59.51          53.32          36.05          21.61          26.30
2012    46      1965          101.00          38.77          27.77          13.51           9.09          11.86
2012    47      1965           86.00          34.23          24.23          10.49           7.91           9.14
2012    47      1964           61.39          23.72          18.70           6.52           7.06           5.39
2012    48      1964           53.61          21.28          17.30           5.48           5.94           3.61
2012    48      1963           34.48          15.38          12.54           3.24           2.80           0.52
2012    49      1963           27.52          11.62          10.46           2.76           2.20           0.48
2012    49      1962           11.43           3.13           4.86           1.51           1.07           0.86
2012    50      1962           10.57           2.87           4.14           1.49           0.93           1.14
2012    50      1961           12.28           4.33           3.24           1.95           0.81           1.96
2012    51      1961           12.36           4.63           2.90           2.00           0.73           2.11
2012    51      1960            9.46           3.89           1.99           1.55           0.48           1.55
2012    52      1960            8.38           3.61           1.74           1.38           0.40           1.24
2012    52      1959            4.92           2.29           1.08           0.80           0.22           0.53
2012    53      1959            4.03           1.94           0.91           0.64           0.17           0.37
2012    53      1958            2.12           1.06           0.52           0.32           0.09           0.13
2012    54      1958            1.48           0.75           0.37           0.22           0.06           0.08
2012    54      1957            0.72           0.37           0.19           0.10           0.03           0.03
2012    55+        .            0.26           0.13           0.07           0.04           0.01           0.01
2013    12-        .            0.09           0.09           0.00           0.00           0.00           0.00
2013    13      2000            0.41           0.41           0.00           0.00           0.00           0.00
2013    13      1999            7.66           7.66           0.00           0.00           0.00           0.00
2013    14      1999           20.84          20.84           0.00           0.00           0.00           0.00
2013    14      1998           72.30          71.87           0.43           0.00           0.00           0.00
2013    15      1998          115.70         113.13           2.57           0.00           0.00           0.00
2013    15      1997          238.06         230.81           7.25           0.00           0.00           0.00
2013    16      1997          331.94         321.19          10.75           0.00           0.00           0.00
2013    16      1996          567.32         542.75          24.30           0.27           0.00           0.00
2013    17      1996          714.68         678.25          34.70           1.73           0.00           0.00
2013    17      1995         1132.76        1046.76          78.31           7.54           0.15           0.00
2013    18      1995         1403.24        1279.24         111.69          11.46           0.85           0.00
2013    18      1994         2008.58        1797.25         192.33          18.12           0.88           0.00
2013    19      1994         2412.42        2127.75         259.67          23.88           1.12           0.00
2013    19      1993         3080.76        2571.99         451.80          51.41           5.31           0.25
2013    20      1993         3580.24        2905.01         590.20          73.59           9.69           1.75
2013    20      1992         4160.91        3212.24         804.83         122.02          17.81           4.02
2013    21      1992         4674.09        3525.76         962.17         157.98          23.19           4.98
2013    21      1991         5252.23        3834.74        1170.36         213.81          26.90           6.43
2013    22      1991         5854.77        4190.26        1362.64         261.19          33.10           7.57
2013    22      1990         6934.34        4698.48        1786.33         373.86          64.49          11.18
2013    23      1990         7428.66        4920.52        1983.67         430.14          80.51          13.82
2013    23      1989         8112.93        5196.68        2277.23         519.58          95.23          24.21
2013    24      1989         8766.07        5536.32        2502.77         584.42         111.77          30.79
2013    24      1988        10210.49        6309.06        2962.41         723.37         174.35          41.30
2013    25      1988        11109.51        6808.94        3244.59         804.63         201.65          49.70
2013    25      1987        12079.71        7360.85        3556.45         893.80         197.63          70.99
2013    26      1987        12909.29        7797.15        3834.55         977.20         216.37          84.01
2013    26      1986        13967.11        8169.14        4259.97        1143.04         292.36         102.60
2013    27      1986        14627.89        8435.86        4526.03        1223.96         326.64         115.40
2013    27      1985        15330.05        8601.64        4925.36        1295.20         362.71         145.15
2013    28      1985        16386.95        9087.36        5330.64        1409.80         396.29         162.85
2013    28      1984        17259.07        9390.81        5685.59        1589.18         423.90         169.60
2013    29      1984        17953.93        9687.19        5957.41        1683.82         444.10         181.40
2013    29      1983        18586.60        9920.23        6240.85        1746.83         464.02         214.66
2013    30      1983        19562.40       10303.77        6656.15        1874.17         493.98         234.34
2013    30      1982        20560.51       10367.97        7288.37        2119.10         536.50         248.58
2013    31      1982        21084.49       10411.03        7603.63        2238.90         567.50         263.42
2013    31      1981        20746.94        9833.63        7695.09        2313.39         615.04         289.79
2013    32      1981        20874.06        9644.37        7872.91        2397.61         646.96         312.21
2013    32      1980        19941.32        8662.73        7797.30        2450.17         671.50         359.62
2013    33      1980        19681.68        8312.27        7813.70        2488.83         693.50         373.38
2013    33      1979        17963.51        7195.00        7335.58        2381.82         703.68         347.43
2013    34      1979        17675.49        6918.00        7274.42        2419.18         716.32         347.57
2013    34      1978        15810.89        5970.75        6535.45        2331.23         656.35         317.10
2013    35      1978        15798.11        5830.25        6529.55        2427.77         678.65         331.90
2013    35      1977        13677.22        4774.08        5601.01        2311.67         650.44         340.02
2013    36      1977        13322.78        4546.92        5444.99        2314.33         663.56         352.98
2013    36      1976        11509.93        3794.28        4713.17        2035.40         629.93         337.16
2013    37      1976        11161.07        3612.72        4557.83        2010.60         634.07         345.84
2013    37      1975         9056.57        2820.98        3664.54        1713.88         541.70         315.48
2013    38      1975         8762.43        2701.02        3509.46        1684.12         544.30         323.52
2013    38      1974         7152.82        2187.33        2779.76        1399.34         489.80         296.60
2013    39      1974         6793.18        2075.67        2604.24        1336.66         479.20         297.40
2013    39      1973         5347.38        1646.29        1992.29        1058.19         389.44         261.19
2013    40      1973         4971.62        1526.71        1840.71         983.81         368.56         251.81
2013    40      1972         3786.61        1151.27        1403.25         744.04         288.34         199.71
2013    41      1972         3494.39        1052.73        1286.75         688.96         275.66         190.29
2013    41      1971         2559.34         747.10         922.54         516.89         224.15         148.67
2013    42      1971         2289.66         672.90         812.46         454.11         206.85         143.33
2013    42      1970         1547.52         476.94         526.91         278.70         144.23         120.74
2013    43      1970         1337.48         412.06         443.09         244.30         125.77         112.26
2013    43      1969          877.29         259.44         271.39         181.62          83.13          81.71
2013    44      1969          757.71         229.56         230.61         153.38          70.87          73.29
2013    44      1968          444.05         151.11         133.14          75.21          39.49          45.10
2013    45      1968          375.95         127.89         111.86          64.79          32.51          38.90
2013    45      1967          221.89          69.88          65.18          46.26          17.94          22.63
2013    46      1967          188.11          59.12          54.82          37.74          15.06          21.37
2013    46      1966          125.38          39.17          35.00          19.21          10.54          21.46
2013    47      1966          100.62          33.83          28.00          14.79           7.46          16.54
2013    47      1965           48.77          21.44          13.78           7.00           1.57           4.98
2013    48      1965           41.23          18.56          11.22           6.00           1.43           4.02
2013    48      1964           29.08          12.02           7.10           4.67           2.24           3.05
2013    49      1964           26.92          10.98           5.90           4.33           2.76           2.95
2013    49      1963           20.59           8.25           3.07           3.06           3.69           2.52
2013    50      1963           19.41           7.75           2.93           2.94           3.31           2.48
2013    50      1962           14.23           5.57           3.00           2.36           1.38           1.92
2013    51      1962           12.77           4.97           2.95           2.14           1.05           1.66
2013    51      1961            8.78           3.46           2.29           1.47           0.58           0.98
2013    52      1961            7.43           2.97           2.05           1.23           0.44           0.74
2013    52      1960            4.25           1.77           1.28           0.68           0.22           0.31
2013    53      1960            3.46           1.46           1.08           0.54           0.16           0.22
2013    53      1959            1.87           0.82           0.61           0.27           0.08           0.09
2013    54      1959            1.34           0.59           0.44           0.19           0.05           0.06
2013    54      1958            0.63           0.29           0.22           0.09           0.02           0.02
2013    55+        .            0.23           0.10           0.08           0.03           0.01           0.01
2014    12-        .            0.13           0.11           0.01           0.00           0.00           0.00
2014    13      2001            0.60           0.56           0.04           0.00           0.00           0.00
2014    13      2000           11.75          11.44           0.31           0.00           0.00           0.00
2014    14      2000           30.52          29.88           0.64           0.00           0.00           0.00
2014    14      1999           78.95          77.73           1.22           0.00           0.00           0.00
2014    15      1999          117.05         115.27           1.78           0.00           0.00           0.00
2014    15      1998          239.20         234.09           4.95           0.16           0.00           0.00
2014    16      1998          330.80         321.91           8.05           0.84           0.00           0.00
2014    16      1997          592.44         571.93          19.64           0.87           0.00           0.00
2014    17      1997          784.56         751.07          32.36           1.13           0.00           0.00
2014    17      1996         1146.15        1047.27          93.15           5.73           0.00           0.00
2014    18      1996         1374.85        1224.73         139.85          10.27           0.00           0.00
2014    18      1995         1993.61        1742.85         229.85          20.10           0.81           0.00
2014    19      1995         2377.39        2049.15         294.15          28.90           5.19           0.00
2014    19      1994         3031.73        2527.97         437.07          60.80           5.50           0.39
2014    20      1994         3496.27        2851.03         550.93          85.20           6.50           2.61
2014    20      1993         4070.55        3098.02         821.04         128.48          18.78           4.23
2014    21      1993         4609.45        3404.98        1009.96         161.52          28.22           4.77
2014    21      1992         5230.94        3716.85        1251.55         216.33          40.30           5.91
2014    22      1992         5845.06        4069.15        1455.45         262.67          50.70           7.09
2014    22      1991         6526.23        4356.25        1733.47         352.79          72.00          11.72
2014    23      1991         7271.77        4768.75        1976.53         422.21          89.00          15.28
2014    23      1990         8483.73        5402.06        2381.42         549.20         127.91          23.14
2014    24      1990         9101.27        5736.94        2576.58         612.80         146.09          28.86
2014    24      1989        10164.40        6360.04        2878.59         711.83         166.78          47.16
2014    25      1989        11013.60        6842.96        3132.41         793.17         186.22          58.84
2014    25      1988        12651.08        7695.96        3653.00         987.31         236.45          78.35
2014    26      1988        13643.92        8212.04        3983.00        1088.69         267.55          92.65
2014    26      1987        14407.39        8461.36        4354.79        1151.46         315.71         124.07
2014    27      1987        15321.61        8914.64        4676.21        1243.54         347.29         139.93
2014    27      1986        16700.13        9607.32        5110.45        1449.09         386.19         147.09
2014    28      1986        17439.87        9935.68        5392.55        1543.91         409.81         157.91
2014    28      1985        17918.50        9917.71        5767.20        1607.46         437.12         189.01
2014    29      1985        19038.50       10412.29        6202.80        1734.54         474.88         213.99
2014    29      1984        19814.71       10626.04        6511.46        1894.38         526.94         255.89
2014    30      1984        20499.29       10859.96        6815.54        2001.62         552.06         270.11
2014    30      1983        20932.39       10806.07        7205.89        2118.23         550.83         251.36
2014    31      1983        21782.61       11024.93        7646.11        2264.77         582.17         264.64
2014    31      1982        21894.82       10490.10        8025.62        2441.37         634.15         303.58
2014    32      1982        22108.18       10316.90        8253.38        2549.63         663.85         324.42
2014    32      1981        21142.45        9375.74        8129.86        2606.40         680.34         350.12
2014    33      1981        21084.55        9090.26        8232.14        2688.60         708.66         364.88
2014    33      1980        19834.17        8045.56        7982.13        2704.83         741.74         359.91
2014    34      1980        19417.83        7656.44        7898.87        2736.17         759.26         367.09
2014    34      1979        17288.23        6448.21        7150.64        2597.25         728.39         363.75
2014    35      1979        16820.77        6154.79        6947.36        2604.75         736.61         377.25
2014    35      1978        14549.82        5229.24        5869.76        2383.96         683.91         382.95
2014    36      1978        14378.18        5068.76        5782.24        2418.04         709.09         400.05
2014    36      1977        12183.94        4069.03        4924.52        2147.16         680.60         362.63
2014    37      1977        11750.06        3839.97        4752.48        2112.84         682.40         362.37
2014    37      1976         9865.73        3106.77        4008.45        1835.11         594.14         321.26
2014    38      1976         9474.27        2946.23        3816.55        1792.89         588.86         329.74
2014    38      1975         7516.75        2295.45        2915.02        1475.70         506.39         324.20
2014    39      1975         7209.25        2196.55        2762.98        1418.30         500.61         330.80
2014    39      1974         5778.29        1784.21        2188.57        1108.61         416.97         279.93
2014    40      1974         5350.71        1640.79        2002.43        1032.39         404.03         271.07
2014    40      1973         3865.49        1145.37        1395.00         770.42         337.24         217.48
2014    41      1973         3511.51        1031.63        1258.00         707.58         306.76         207.52
2014    41      1972         2607.81         757.94         936.22         539.85         204.12         169.68
2014    42      1972         2350.19         691.06         834.78         477.15         185.88         161.32
2014    42      1971         1614.21         503.92         551.98         296.81         139.70         121.79
2014    43      1971         1398.79         430.08         469.02         257.19         127.30         115.21
2014    43      1970          883.58         243.59         283.15         172.76          90.38          93.70
2014    44      1970          739.42         207.41         231.85         144.24          76.62          79.30
2014    44      1969          448.01         142.06         135.08          84.19          45.12          41.56
2014    45      1969          390.99         129.94         114.92          71.81          37.88          36.44
2014    45      1968          253.18          93.03          69.33          43.03          22.02          25.77
2014    46      1968          213.82          78.97          58.67          36.97          16.98          22.23
2014    46      1967          116.04          39.69          33.35          23.05           7.20          12.74
2014    47      1967           99.96          35.31          29.65          18.95           5.80          10.26
2014    47      1966           74.37          30.50          24.08          10.60           3.68           5.51
2014    48      1966           60.63          25.50          18.92           8.40           3.32           4.49
2014    48      1965           28.38          11.79           7.10           4.26           2.54           2.69
2014    49      1965           24.62          10.21           5.90           3.74           2.46           2.31
2014    49      1964           19.29           8.07           4.44           3.07           2.22           1.48
2014    50      1964           18.71           7.93           4.56           2.93           1.78           1.52
2014    50      1963           15.79           6.60           4.72           2.14           0.66           1.68
2014    51      1963           14.95           6.19           4.70           1.93           0.50           1.63
2014    51      1962           10.33           4.28           3.47           1.25           0.28           1.04
2014    52      1962            8.80           3.68           3.03           1.05           0.22           0.82
2014    52      1961            5.15           2.22           1.83           0.60           0.12           0.37
2014    53      1961            4.16           1.82           1.50           0.48           0.10           0.26
2014    53      1960            2.22           1.00           0.81           0.26           0.05           0.10
2014    54      1960            1.57           0.72           0.57           0.18           0.04           0.07
2014    54      1959            0.75           0.35           0.27           0.09           0.02           0.03
2014    55+        .            0.27           0.13           0.10           0.03           0.01           0.01
2015    12-        .            0.16           0.14           0.02           0.00           0.00           0.00
2015    13      2002            0.79           0.71           0.08           0.00           0.00           0.00
2015    13      2001           15.52          14.87           0.65           0.00           0.00           0.00
2015    14      2001           39.53          38.28           1.25           0.00           0.00           0.00
2015    14      2000           93.57          91.69           1.71           0.16           0.00           0.00
2015    15      2000          133.43         130.31           2.29           0.84           0.00           0.00
2015    15      1999          253.38         245.87           7.02           0.48           0.00           0.00
2015    16      1999          346.62         334.13          11.98           0.52           0.00           0.00
2015    16      1998          576.68         545.45          29.58           1.50           0.14           0.00
2015    17      1998          744.32         694.55          46.42           2.50           0.86           0.00
2015    17      1997         1106.87         998.77          98.97           7.70           1.43           0.00
2015    18      1997         1415.13        1253.23         147.03          13.30           1.57           0.00
2015    18      1996         2064.55        1764.75         269.84          28.62           1.35           0.00
2015    19      1996         2459.45        2062.25         355.16          40.38           1.65           0.00
2015    19      1995         3082.30        2490.09         521.23          63.91           6.63           0.43
2015    20      1995         3540.70        2797.91         645.77          83.09          11.37           2.57
2015    20      1994         4101.15        3074.69         875.02         129.08          21.42           0.96
2015    21      1994         4636.85        3386.31        1053.98         165.92          29.58           1.04
2015    21      1993         5257.04        3642.26        1329.58         237.80          41.72           5.68
2015    22      1993         5943.96        4024.74        1558.42         298.20          52.28          10.32
2015    22      1992         6512.74        4257.79        1773.29         394.73          69.40          17.53
2015    23      1992         7314.26        4711.21        2016.71         475.27          87.60          23.47
2015    23      1991         8144.41        5123.81        2273.77         577.80         138.08          30.94
2015    24      1991         9163.59        5727.19        2563.23         665.20         169.92          38.06
2015    24      1990        10599.72        6652.97        2942.17         759.68         189.90          54.99
2015    25      1990        11447.28        7137.03        3206.83         830.32         208.10          65.01
2015    25      1989        12574.58        7563.50        3706.06         972.78         249.18          83.07
2015    26      1989        13639.42        8100.50        4076.94        1085.22         279.82          96.93
2015    26      1988        15182.32        8860.16        4575.19        1286.49         334.92         125.56
2015    27      1988        16417.68        9495.84        4988.81        1418.51         371.08         143.44
2015    27      1987        17266.58        9818.86        5376.66        1511.74         398.28         161.04
2015    28      1987        18385.42       10373.14        5779.34        1623.26         432.72         176.96
2015    28      1986        19367.95       10784.35        6168.14        1732.18         487.89         195.38
2015    29      1986        20163.05       11110.65        6486.86        1835.82         516.11         213.62
2015    29      1985        20229.30       10817.63        6683.66        1964.79         509.03         254.19
2015    30      1985        21449.70       11305.37        7173.34        2131.21         554.97         284.81
2015    30      1984        21658.00       11099.20        7388.86        2216.70         648.19         305.04
2015    31      1984        22238.00       11196.80        7722.14        2315.30         684.81         318.96
2015    31      1983        21672.82       10498.37        7906.48        2317.86         641.21         308.90
2015    32      1983        22394.18       10550.63        8361.52        2478.14         678.79         325.10
2015    32      1982        22034.96        9611.59        8588.31        2730.91         760.18         343.96
2015    33      1982        22148.04        9364.41        8778.69        2848.09         795.82         361.04
2015    33      1981        20531.46        8269.73        8367.32        2748.23         774.15         372.03
2015    34      1981        20357.54        8007.27        8361.68        2805.77         788.85         393.97
2015    34      1980        18705.55        7049.06        7707.73        2759.96         759.61         429.19
2015    35      1980        18219.45        6704.94        7509.27        2788.04         773.39         443.81
2015    35      1979        15755.82        5511.52        6457.23        2615.36         762.34         409.37
2015    36      1979        15176.18        5180.48        6213.77        2590.64         773.66         417.63
2015    36      1978        12591.51        4089.74        5179.77        2215.30         697.74         408.96
2015    37      1978        12325.49        3949.26        5028.23        2216.70         713.26         418.04
2015    37      1977        10162.33        3240.48        3995.61        1933.04         646.14         347.06
2015    38      1977         9739.67        3070.52        3807.39        1878.96         633.86         348.94
2015    38      1976         7956.36        2416.22        3141.57        1542.30         515.25         341.03
2015    39      1976         7588.64        2291.78        2968.43        1480.70         507.75         339.97
2015    39      1975         5891.67        1795.08        2212.91        1170.66         446.90         266.12
2015    40      1975         5557.33        1691.92        2062.09        1104.34         434.10         264.88
2015    40      1974         4196.67        1275.07        1532.27         821.03         328.32         239.98
2015    41      1974         3755.33        1127.93        1358.73         733.97         304.68         230.02
2015    41      1973         2457.59         706.15         874.54         484.31         224.78         167.80
2015    42      1973         2160.41         622.85         756.46         422.69         203.22         155.20
2015    42      1972         1499.21         451.02         502.07         282.14         145.83         118.15
2015    43      1972         1330.79         405.98         437.93         252.86         124.17         109.85
2015    43      1971          898.21         280.58         287.95         180.15          69.33          80.22
2015    44      1971          773.79         244.42         241.05         154.85          59.67          73.78
2015    44      1970          480.85         155.17         136.60          92.20          42.15          54.73
2015    45      1970          400.15         130.83         114.40          73.80          34.85          46.27
2015    45      1969          237.76          79.28          73.71          40.53          18.49          25.75
2015    46      1969          207.24          71.72          65.29          31.47          16.51          22.25
2015    46      1968          133.94          50.84          42.63          13.74          12.39          14.34
2015    47      1968          114.06          46.16          34.37          11.26          10.61          11.66
2015    47      1967           63.18          30.18          15.39           6.95           5.20           5.46
2015    48      1967           54.82          26.82          12.61           6.05           4.80           4.54
2015    48      1966           39.75          18.96           8.32           4.41           4.92           3.14
2015    49      1966           35.25          17.04           7.68           3.59           4.08           2.86
2015    49      1965           22.99          11.49           6.23           1.58           1.62           2.06
2015    50      1965           21.01          10.51           5.77           1.42           1.38           1.94
2015    50      1964           16.02           7.96           4.04           1.36           1.11           1.53
2015    51      1964           14.59           7.26           3.65           1.32           1.00           1.36
2015    51      1963            9.77           4.88           2.47           0.97           0.64           0.81
2015    52      1963            8.40           4.21           2.16           0.86           0.53           0.63
2015    52      1962            4.76           2.40           1.28           0.52           0.28           0.28
2015    53      1962            3.85           1.94           1.06           0.43           0.21           0.20
2015    53      1961            2.13           1.08           0.61           0.24           0.11           0.09
2015    54      1961            1.51           0.76           0.44           0.17           0.07           0.06
2015    54      1960            0.73           0.37           0.22           0.09           0.03           0.02
2015    55+        .            0.26           0.13           0.08           0.03           0.01           0.01
2016    12-        .            0.14           0.13           0.02           0.00           0.00           0.00
2016    13      2003            0.68           0.63           0.06           0.00           0.00           0.00
2016    13      2002           13.25          12.90           0.36           0.00           0.00           0.00
2016    14      2002           33.93          33.36           0.57           0.00           0.00           0.00
2016    14      2001           87.93          87.50           0.43           0.00           0.00           0.00
2016    15      2001          130.12         129.56           0.57           0.00           0.00           0.00
2016    15      2000          284.88         278.32           6.42           0.14           0.00           0.00
2016    16      2000          400.28         383.83          15.58           0.86           0.00           0.00
2016    16      1999          660.67         610.60          47.04           3.02           0.00           0.00
2016    17      1999          858.70         777.72          75.99           4.98           0.00           0.00
2016    17      1998         1309.66        1157.10         136.81          15.46           0.13           0.17
2016    18      1998         1646.05        1431.51         188.27          24.55           0.87           0.84
2016    18      1997         2485.52        2059.45         374.83          46.48           4.77           0.00
2016    19      1997         3057.80        2478.60         506.39          64.57           8.24           0.00
2016    19      1996         3636.46        2864.41         650.12         106.13          15.79           0.00
2016    20      1996         4011.36        3095.95         761.22         133.96          20.23           0.00
2016    20      1995         4795.63        3457.21        1101.07         202.24          31.27           3.83
2016    21      1995         5275.77        3696.39        1286.50         244.93          38.77           9.18
2016    21      1994         5924.81        4016.37        1522.93         318.63          57.69           9.18
2016    22      1994         6469.14        4299.46        1710.83         375.63          72.39          10.83
2016    22      1993         7064.08        4465.31        1982.56         487.43         108.32          20.46
2016    23      1993         7802.46        4851.67        2218.40         570.97         133.83          27.58
2016    23      1992         8686.82        5343.17        2453.53         678.25         170.09          41.78
2016    24      1992         9595.54        5849.17        2724.64         773.29         196.14          52.30
2016    24      1991        10654.69        6330.32        3121.25         914.89         220.09          68.14
2016    25      1991        11792.66        6962.42        3474.22        1024.83         249.21          81.98
2016    25      1990        13894.06        8215.71        4061.86        1176.92         323.10         116.47
2016    26      1990        14743.77        8679.74        4319.99        1256.98         353.32         133.74
2016    26      1989        16008.96        9245.93        4756.93        1445.57         394.35         166.19
2016    27      1989        16994.90        9733.89        5094.21        1554.53         426.16         186.11
2016    27      1988        18824.58       10613.93        5779.90        1714.97         493.35         222.42
2016    28      1988        19917.65       11122.40        6190.68        1830.32         531.29         242.96
2016    28      1987        20839.94       11356.48        6652.35        1991.16         572.42         267.53
2016    29      1987        21741.21       11725.08        7019.57        2106.31         605.31         284.93
2016    29      1986        22727.27       12066.65        7467.98        2241.82         646.44         304.38
2016    30      1986        23218.68       12162.10        7731.24        2327.82         674.38         323.14
2016    30      1985        23138.83       11662.70        7951.67        2431.25         719.24         373.97
2016    31      1985        23941.39       11818.81        8391.72        2565.53         760.68         404.66
2016    31      1984        23503.84       11105.28        8636.73        2593.32         759.05         409.46
2016    32      1984        23516.37       10811.86        8844.86        2660.54         777.90         421.21
2016    32      1983        22513.89        9680.29        8873.65        2722.84         802.75         434.35
2016    33      1983        22760.90        9507.24        9112.95        2849.09         840.25         451.37
2016    33      1982        21945.46        8722.95        8945.40        2960.40         865.27         451.44
2016    34      1982        21673.94        8403.11        8886.08        3031.65         892.80         460.29
2016    34      1981        20032.01        7393.57        8247.08        3002.11         926.01         463.24
2016    35      1981        19575.43        7074.92        8045.98        3039.92         938.11         476.51
2016    35      1980        17878.86        6260.69        7258.53        2985.40         879.07         495.18
2016    36      1980        17025.45        5821.31        6902.03        2935.54         869.97         496.61
2016    36      1979        14161.52        4548.00        5765.74        2586.10         816.99         444.69
2016    37      1979        13342.04        4199.37        5419.19        2479.52         800.95         443.00
2016    37      1978        10977.96        3376.76        4422.83        2069.02         688.54         420.80
2016    38      1978        10607.18        3232.22        4232.60        2018.26         690.25         433.85
2016    38      1977         8740.10        2626.20        3383.23        1692.60         630.79         407.28
2016    39      1977         8220.94        2460.51        3144.79        1611.41         604.91         399.33
2016    39      1976         6557.04        1960.88        2465.71        1329.96         473.08         327.42
2016    40      1976         6037.96        1804.64        2241.01        1225.80         446.44         320.07
2016    40      1975         4340.63        1300.07        1553.20         856.25         351.31         279.79
2016    41      1975         3926.34        1162.23        1392.21         774.22         331.07         266.61
2016    41      1974         2787.54         788.91         982.67         560.75         257.98         197.23
2016    42      1974         2449.71         693.26         860.58         489.55         227.28         179.04
2016    42      1973         1636.46         480.93         570.86         316.05         141.36         127.26
2016    43      1973         1410.27         413.18         488.28         268.11         123.78         116.92
2016    43      1972          937.73         261.21         320.23         171.94          90.08          94.27
2016    44      1972          800.68         230.84         263.84         145.14          79.00          81.86
2016    44      1971          491.96         166.60         143.20          86.88          50.04          45.24
2016    45      1971          425.26         145.43         120.83          75.17          43.01          40.82
2016    45      1970          293.73          91.58          83.45          54.55          29.17          34.98
2016    46      1970          245.40          81.43          69.57          42.48          21.85          30.07
2016    46      1969          140.70          60.65          37.50          17.30           8.22          17.04
2016    47      1969          123.36          54.37          34.51          14.71           6.79          12.98
2016    47      1968           83.00          32.71          29.54          10.90           4.88           4.97
2016    48      1968           75.04          30.30          26.47          10.11           4.13           4.03
2016    48      1967           51.47          24.55          15.03           7.27           2.12           2.51
2016    49      1967           46.55          22.46          12.98           6.74           1.88           2.49
2016    49      1966           33.79          15.31           9.01           5.15           1.47           2.84
2016    50      1966           31.22          13.69           7.99           4.85           1.53           3.16
2016    50      1965           23.75           9.48           5.42           3.74           1.70           3.41
2016    51      1965           21.51           8.38           4.78           3.38           1.69           3.28
2016    51      1964           14.50           5.62           3.25           2.26           1.23           2.13
2016    52      1964           12.22           4.81           2.81           1.90           1.04           1.66
2016    52      1963            6.71           2.78           1.67           1.03           0.54           0.70
2016    53      1963            5.39           2.28           1.39           0.82           0.41           0.49
2016    53      1962            2.77           1.23           0.77           0.41           0.19           0.18
2016    54      1962            1.92           0.86           0.55           0.28           0.12           0.11
2016    54      1961            0.92           0.42           0.27           0.13           0.05           0.04
2016    55+        .            0.33           0.15           0.10           0.05           0.02           0.01
2017    12-        .            0.13           0.13           0.00           0.00           0.00           0.00
2017    13      2004            0.61           0.61           0.00           0.00           0.00           0.00
2017    13      2003           11.20          11.20           0.00           0.00           0.00           0.00
2017    14      2003           28.06          28.06           0.00           0.00           0.00           0.00
2017    14      2002           69.94          69.66           0.27           0.00           0.00           0.00
2017    15      2002          102.08         100.35           1.73           0.00           0.00           0.00
2017    15      2001          227.70         215.96          11.44           0.30           0.00           0.00
2017    16      2001          320.36         298.10          20.57           1.70           0.00           0.00
2017    16      2000          552.80         510.75          40.13           1.78           0.14           0.00
2017    17      2000          719.34         659.38          56.88           2.22           0.86           0.00
2017    17      1999         1096.33         947.01         138.45           9.53           1.34           0.00
2017    18      1999         1391.95        1170.23         202.58          17.48           1.66           0.00
2017    18      1998         2113.26        1736.20         329.95          43.49           3.62           0.00
2017    19      1998         2570.27        2076.23         425.13          63.53           5.38           0.00
2017    19      1997         3194.16        2462.96         629.11          88.53          13.05           0.51
2017    20      1997         3731.64        2804.64         791.04         113.50          18.96           3.49
2017    20      1996         4512.44        3186.15        1102.48         193.21          24.96           5.65
2017    21      1996         4902.63        3364.59        1261.76         239.87          30.06           6.35
2017    21      1995         5494.40        3594.94        1510.91         330.27          48.60           9.68
2017    22      1995         5937.91        3812.89        1662.41         386.86          63.43          12.33
2017    22      1994         6663.18        4184.35        1858.17         480.98         115.12          24.56
2017    23      1994         7324.42        4541.60        2052.21         552.21         144.94          33.46
2017    23      1993         8174.54        4933.09        2365.17         669.07         157.24          49.97
2017    24      1993         9111.44        5464.03        2649.32         756.18         180.84          61.07
2017    24      1992        10294.91        6203.69        2960.99         817.19         242.55          70.49
2017    25      1992        11422.58        6853.72        3288.62         917.11         281.56          81.56
2017    25      1991        12786.99        7489.69        3727.40        1142.34         319.09         108.47
2017    26      1991        14089.08        8187.98        4134.35        1286.09         355.06         125.61
2017    26      1990        16216.73        9349.03        4842.77        1456.51         420.28         148.14
2017    27      1990        17006.07        9741.01        5135.18        1528.01         440.91         160.96
2017    27      1989        18189.65       10236.18        5660.14        1644.77         453.95         194.61
2017    28      1989        19172.62       10692.05        6022.98        1755.83         485.25         216.52
2017    28      1988        21195.67       11591.55        6687.39        2050.00         600.42         266.30
2017    29      1988        22307.31       12048.94        7122.91        2192.73         648.85         293.88
2017    29      1987        22877.12       11977.65        7636.19        2272.87         662.70         327.72
2017    30      1987        23617.20       12186.88        8011.28        2375.94         693.60         349.50
2017    30      1986        24320.04       12242.83        8422.20        2530.83         752.12         372.06
2017    31      1986        24469.54       12070.70        8617.39        2613.06         778.21         390.18
2017    31      1985        23571.14       10988.00        8648.92        2699.42         800.54         434.27
2017    32      1985        23970.29       10861.24        8978.70        2837.53         834.81         458.01
2017    32      1984        22923.75        9801.94        8962.42        2895.97         825.57         437.86
2017    33      1984        22633.45        9399.01        9010.21        2950.02         833.79         440.42
2017    33      1983        21239.71        8324.33        8727.79        2929.40         819.13         439.06
2017    34      1983        21227.15        8091.32        8794.78        3027.60         856.23         457.22
2017    34      1982        20067.51        7244.79        8315.37        3090.70         933.71         482.93
2017    35      1982        19621.03        6914.59        8134.05        3121.33         953.68         497.37
2017    35      1981        17887.69        6055.56        7419.80        3010.87         901.65         499.80
2017    36      1981        17205.33        5699.55        7125.43        2967.11         900.73         512.51
2017    36      1980        14989.97        4751.57        6164.70        2678.34         871.87         523.50
2017    37      1980        14058.35        4361.27        5755.27        2569.50         850.48         521.82
2017    37      1979        11488.11        3407.58        4661.17        2216.09         737.37         465.90
2017    38      1979        10744.43        3151.01        4312.53        2110.60         710.92         459.38
2017    38      1978         8782.86        2565.67        3408.55        1771.67         614.28         422.69
2017    39      1978         8384.11        2440.76        3220.95        1690.86         607.96         423.56
2017    39      1977         6687.90        1936.38        2540.17        1313.36         531.63         366.36
2017    40      1977         6116.57        1765.93        2305.18        1199.03         497.57         348.85
2017    40      1976         4519.06        1299.17        1677.88         894.52         369.62         277.86
2017    41      1976         4038.92        1159.03        1477.35         804.73         338.52         259.30
2017    41      1975         2757.76         789.70         966.69         559.80         248.37         193.20
2017    42      1975         2451.83         700.42         844.43         496.35         228.72         181.91
2017    42      1974         1709.98         485.15         570.19         339.24         171.19         144.20
2017    43      1974         1461.39         416.91         478.87         284.85         148.87         131.88
2017    43      1973          890.02         258.91         281.31         163.69          92.38          93.73
2017    44      1973          763.17         227.12         237.72         141.35          76.65          80.32
2017    44      1972          530.35         167.91         160.82         106.37          46.00          49.26
2017    45      1972          451.76         149.12         135.20          86.66          39.02          41.77
2017    45      1971          271.81          99.10          78.58          40.84          25.72          27.57
2017    46      1971          226.25          84.91          65.43          35.17          20.29          20.45
2017    46      1970          136.23          52.06          39.75          27.82           9.27           7.33
2017    47      1970          113.80          43.95          33.25          23.19           7.74           5.68
2017    47      1969           71.42          28.38          21.14          12.28           6.03           3.59
2017    48      1969           63.60          25.63          18.86          10.72           4.97           3.41
2017    48      1968           42.34          16.84          12.33           7.92           2.30           2.96
2017    49      1968           39.67          17.17          11.67           6.09           1.70           3.04
2017    49      1967           30.78          17.38           8.96           1.52           0.50           2.43
2017    50      1967           29.23          16.63           8.05           1.48           0.50           2.57
2017    50      1966           23.33          11.12           5.22           2.92           1.15           2.92
2017    51      1966           21.22           9.46           4.43           3.26           1.32           2.75
2017    51      1965           14.16           5.84           2.80           2.71           1.12           1.70
2017    52      1965           11.97           4.86           2.37           2.42           1.00           1.32
2017    52      1964            6.78           2.79           1.44           1.41           0.56           0.59
2017    53      1964            5.45           2.27           1.21           1.12           0.43           0.42
2017    53      1963            2.84           1.23           0.69           0.55           0.20           0.16
2017    54      1963            2.00           0.88           0.51           0.38           0.14           0.10
2017    54      1962            0.93           0.42           0.25           0.17           0.06           0.04
2017    55+        .            0.33           0.15           0.09           0.06           0.02           0.01
