East Germany, Conditional fertility rates by calendar year, age and birth order
Last modified: 04/02/2019
Year  Age       m1x       m2x       m3x       m4x      m5px
1986   12-  0.00000         .         .         .         .
1986   13   0.00000         .         .         .         .
1986   14   0.00010   0.00000         .         .         .
1986   15   0.00142   0.00511         .         .         .
1986   16   0.00623   0.02954   0.00000         .         .
1986   17   0.01996   0.03072   0.00477         .         .
1986   18   0.05714   0.04565   0.04790   0.02092         .
1986   19   0.12050   0.06676   0.06337   0.11130         .
1986   20   0.16427   0.08600   0.06069   0.09297   0.02210
1986   21   0.19779   0.10730   0.06334   0.09816   0.13748
1986   22   0.22034   0.12597   0.06106   0.09552   0.10912
1986   23   0.23516   0.14436   0.05729   0.09278   0.13228
1986   24   0.23467   0.15908   0.05330   0.08901   0.12130
1986   25   0.21316   0.16409   0.04860   0.08126   0.11767
1986   26   0.17524   0.16074   0.04585   0.07488   0.12077
1986   27   0.14000   0.14435   0.04134   0.06594   0.09600
1986   28   0.11555   0.12004   0.03829   0.05683   0.09027
1986   29   0.09126   0.09610   0.03404   0.04802   0.08867
1986   30   0.07389   0.07879   0.02901   0.04194   0.08912
1986   31   0.05829   0.06025   0.02535   0.04005   0.09110
1986   32   0.04392   0.04157   0.02108   0.03448   0.08052
1986   33   0.03605   0.03154   0.01836   0.03106   0.07094
1986   34   0.02752   0.02189   0.01468   0.02651   0.05717
1986   35   0.02050   0.01587   0.01186   0.02112   0.05092
1986   36   0.01546   0.01079   0.00911   0.01793   0.04422
1986   37   0.01285   0.00729   0.00673   0.01314   0.03550
1986   38   0.00883   0.00489   0.00445   0.00775   0.02406
1986   39   0.00476   0.00336   0.00276   0.00580   0.01789
1986   40   0.00227   0.00155   0.00157   0.00367   0.01322
1986   41   0.00160   0.00080   0.00126   0.00240   0.00735
1986   42   0.00136   0.00054   0.00099   0.00193   0.00494
1986   43   0.00068   0.00027   0.00039   0.00076   0.00240
1986   44   0.00034   0.00025   0.00025   0.00035   0.00158
1986   45         .         .         .         .         .
1986   46         .         .         .         .         .
1986   47         .         .         .         .         .
1986   48         .         .         .         .         .
1986   49         .         .         .         .         .
1986   50         .         .         .         .         .
1986   51         .         .         .         .         .
1986   52         .         .         .         .         .
1986   53         .         .         .         .         .
1986   54         .         .         .         .         .
1986   55+        .         .         .         .         .
1987   12-  0.00000         .         .         .         .
1987   13   0.00000         .         .         .         .
1987   14   0.00015   0.00000         .         .         .
1987   15   0.00148   0.00203         .         .         .
1987   16   0.00561   0.01633   0.00000         .         .
1987   17   0.01780   0.02412   0.00235         .         .
1987   18   0.05160   0.04235   0.03145         .         .
1987   19   0.11225   0.07016   0.05566   0.02785         .
1987   20   0.15886   0.09046   0.06182   0.11668   0.13697
1987   21   0.18733   0.10851   0.06178   0.08787   0.09238
1987   22   0.21138   0.13002   0.06392   0.10641   0.15170
1987   23   0.23022   0.15161   0.05919   0.09436   0.11891
1987   24   0.24071   0.16498   0.05476   0.08183   0.08517
1987   25   0.21935   0.16773   0.05169   0.07677   0.10973
1987   26   0.17915   0.16698   0.04883   0.06812   0.12776
1987   27   0.14491   0.15258   0.04592   0.06755   0.11905
1987   28   0.11847   0.13136   0.04145   0.06082   0.10975
1987   29   0.09182   0.10686   0.03699   0.05178   0.10091
1987   30   0.07181   0.08455   0.03275   0.04683   0.09739
1987   31   0.05558   0.06464   0.02849   0.04047   0.09150
1987   32   0.04470   0.04683   0.02443   0.03591   0.07603
1987   33   0.03541   0.03399   0.02047   0.03283   0.06936
1987   34   0.02812   0.02528   0.01704   0.03025   0.06498
1987   35   0.02518   0.01764   0.01343   0.02403   0.05458
1987   36   0.01760   0.01148   0.00952   0.01783   0.04741
1987   37   0.01267   0.00800   0.00777   0.01606   0.04164
1987   38   0.00877   0.00464   0.00482   0.01062   0.02958
1987   39   0.00539   0.00304   0.00282   0.00730   0.02327
1987   40   0.00337   0.00173   0.00184   0.00430   0.01591
1987   41   0.00201   0.00105   0.00107   0.00265   0.00910
1987   42   0.00097   0.00050   0.00069   0.00211   0.00535
1987   43   0.00088   0.00027   0.00044   0.00085   0.00309
1987   44   0.00036   0.00012   0.00016   0.00037   0.00209
1987   45   0.00002   0.00001   0.00008   0.00012   0.00080
1987   46         .         .         .         .         .
1987   47         .         .         .         .         .
1987   48         .         .         .         .         .
1987   49         .         .         .         .         .
1987   50         .         .         .         .         .
1987   51         .         .         .         .         .
1987   52         .         .         .         .         .
1987   53         .         .         .         .         .
1987   54         .         .         .         .         .
1987   55+        .         .         .         .         .
1988   12-  0.00000         .         .         .         .
1988   13   0.00000         .         .         .         .
1988   14   0.00018   0.00000         .         .         .
1988   15   0.00142   0.00299         .         .         .
1988   16   0.00567   0.01464         .         .         .
1988   17   0.01595   0.02078   0.01282         .         .
1988   18   0.04624   0.04618   0.05195         .         .
1988   19   0.10248   0.06844   0.04528   0.01652         .
1988   20   0.14645   0.09029   0.06711   0.09624   0.17316
1988   21   0.17461   0.10809   0.07008   0.08980   0.11112
1988   22   0.19726   0.12770   0.05901   0.09590   0.11384
1988   23   0.21376   0.14440   0.05518   0.09672   0.12167
1988   24   0.22700   0.15870   0.05366   0.08184   0.12078
1988   25   0.21852   0.16549   0.05020   0.07032   0.12106
1988   26   0.18494   0.16252   0.04594   0.06778   0.11463
1988   27   0.14158   0.14856   0.04221   0.06142   0.11364
1988   28   0.11009   0.12823   0.03870   0.05430   0.11451
1988   29   0.09349   0.10648   0.03488   0.05025   0.09633
1988   30   0.07168   0.08384   0.03138   0.04505   0.08730
1988   31   0.05319   0.06462   0.02745   0.03823   0.07670
1988   32   0.04197   0.04785   0.02333   0.03441   0.07312
1988   33   0.03491   0.03408   0.01966   0.03018   0.07285
1988   34   0.02725   0.02425   0.01647   0.02609   0.06495
1988   35   0.01982   0.01629   0.01314   0.02214   0.05657
1988   36   0.01462   0.01042   0.01000   0.01894   0.04521
1988   37   0.01249   0.00702   0.00752   0.01591   0.03795
1988   38   0.00745   0.00470   0.00500   0.01024   0.03023
1988   39   0.00520   0.00325   0.00328   0.00681   0.02069
1988   40   0.00424   0.00204   0.00197   0.00493   0.01632
1988   41   0.00218   0.00139   0.00123   0.00280   0.01029
1988   42   0.00062   0.00061   0.00068   0.00142   0.00518
1988   43   0.00039   0.00027   0.00033   0.00071   0.00316
1988   44   0.00028   0.00021   0.00013   0.00050   0.00174
1988   45   0.00003   0.00004   0.00004   0.00030   0.00062
1988   46   0.00000   0.00000   0.00002   0.00006   0.00013
1988   47         .         .         .         .         .
1988   48         .         .         .         .         .
1988   49         .         .         .         .         .
1988   50         .         .         .         .         .
1988   51         .         .         .         .         .
1988   52         .         .         .         .         .
1988   53         .         .         .         .         .
1988   54         .         .         .         .         .
1988   55+        .         .         .         .         .
1989   12-  0.00000         .         .         .         .
1989   13   0.00000         .         .         .         .
1989   14   0.00014   0.15507         .         .         .
1989   15   0.00158   0.00000         .         .         .
1989   16   0.00529   0.01920         .         .         .
1989   17   0.01533   0.01890   0.05422         .         .
1989   18   0.04219   0.04270   0.04813         .         .
1989   19   0.09026   0.06028   0.04491   0.05107         .
1989   20   0.13150   0.08004   0.06657   0.05985         .
1989   21   0.15775   0.10316   0.06534   0.06911   0.11219
1989   22   0.18240   0.12252   0.05864   0.10300   0.12986
1989   23   0.20116   0.13623   0.05651   0.09574   0.14074
1989   24   0.21896   0.14851   0.05187   0.07695   0.15101
1989   25   0.20537   0.15849   0.04549   0.07670   0.13995
1989   26   0.17071   0.15354   0.04330   0.06630   0.11814
1989   27   0.13949   0.14237   0.04057   0.06081   0.11368
1989   28   0.11005   0.11905   0.03769   0.05447   0.11224
1989   29   0.08638   0.09644   0.03407   0.04951   0.10087
1989   30   0.06824   0.07873   0.03129   0.04241   0.08384
1989   31   0.05375   0.06015   0.02658   0.03880   0.08383
1989   32   0.04199   0.04470   0.02212   0.03247   0.07591
1989   33   0.03171   0.03177   0.01777   0.03095   0.07140
1989   34   0.02567   0.02535   0.01487   0.02421   0.05801
1989   35   0.02050   0.01744   0.01244   0.02050   0.05338
1989   36   0.01371   0.01141   0.00937   0.01663   0.04615
1989   37   0.01106   0.00690   0.00653   0.01563   0.04118
1989   38   0.00739   0.00467   0.00500   0.01204   0.02978
1989   39   0.00568   0.00342   0.00316   0.00556   0.02234
1989   40   0.00388   0.00161   0.00170   0.00450   0.01618
1989   41   0.00258   0.00125   0.00114   0.00221   0.01132
1989   42   0.00034   0.00066   0.00049   0.00149   0.00892
1989   43   0.00019   0.00033   0.00033   0.00086   0.00472
1989   44   0.00026   0.00000   0.00011   0.00031   0.00115
1989   45   0.00010   0.00000   0.00008   0.00015   0.00058
1989   46   0.00005   0.00000   0.00004   0.00006   0.00020
1989   47   0.00004   0.00000   0.00003   0.00003   0.00010
1989   48         .         .         .         .         .
1989   49         .         .         .         .         .
1989   50         .         .         .         .         .
1989   51         .         .         .         .         .
1989   52         .         .         .         .         .
1989   53         .         .         .         .         .
1989   54         .         .         .         .         .
1989   55+        .         .         .         .         .
