East Germany, Cumulative period fertility rates (vertical parallelograms)
Last modified: 04/02/2019
Year  ARDY  Cohort     CPFR
1956   12    1944     0.000
1956   13    1943     0.000
1956   14    1942     0.000
1956   15    1941     0.000
1956   16    1940     0.000
1956   17    1939     0.003
1956   18    1938     0.018
1956   19    1937     0.063
1956   20    1936     0.154
1956   21    1935     0.282
1956   22    1934     0.438
1956   23    1933     0.610
1956   24    1932     0.786
1956   25    1931     0.954
1956   26    1930     1.114
1956   27    1929     1.260
1956   28    1928     1.395
1956   29    1927     1.518
1956   30    1926     1.628
1956   31    1925     1.728
1956   32    1924     1.814
1956   33    1923     1.894
1956   34    1922     1.964
1956   35    1921     2.027
1956   36    1920     2.081
1956   37    1919     2.128
1956   38    1918     2.168
1956   39    1917     2.202
1956   40    1916     2.229
1956   41    1915     2.250
1956   42    1914     2.266
1956   43    1913     2.277
1956   44    1912     2.286
1956   45    1911     2.290
1956   46    1910     2.293
1956   47    1909     2.294
1956   48    1908     2.294
1956   49    1907     2.294
1956   50    1906     2.294
1956   51    1905     2.294
1956   52    1904     2.294
1956   53    1903     2.294
1956   54    1902     2.294
1956   55    1901     2.294
1957   12    1945     0.000
1957   13    1944     0.000
1957   14    1943     0.000
1957   15    1942     0.000
1957   16    1941     0.000
1957   17    1940     0.003
1957   18    1939     0.018
1957   19    1938     0.062
1957   20    1937     0.151
1957   21    1936     0.282
1957   22    1935     0.436
1957   23    1934     0.602
1957   24    1933     0.772
1957   25    1932     0.938
1957   26    1931     1.098
1957   27    1930     1.246
1957   28    1929     1.378
1957   29    1928     1.500
1957   30    1927     1.607
1957   31    1926     1.703
1957   32    1925     1.789
1957   33    1924     1.864
1957   34    1923     1.930
1957   35    1922     1.989
1957   36    1921     2.041
1957   37    1920     2.086
1957   38    1919     2.124
1957   39    1918     2.156
1957   40    1917     2.180
1957   41    1916     2.200
1957   42    1915     2.215
1957   43    1914     2.225
1957   44    1913     2.233
1957   45    1912     2.237
1957   46    1911     2.240
1957   47    1910     2.241
1957   48    1909     2.241
1957   49    1908     2.241
1957   50    1907     2.241
1957   51    1906     2.242
1957   52    1905     2.242
1957   53    1904     2.242
1957   54    1903     2.242
1957   55    1902     2.242
1958   12    1946     0.000
1958   13    1945     0.000
1958   14    1944     0.000
1958   15    1943     0.000
1958   16    1942     0.000
1958   17    1941     0.003
1958   18    1940     0.017
1958   19    1939     0.063
1958   20    1938     0.152
1958   21    1937     0.283
1958   22    1936     0.436
1958   23    1935     0.601
1958   24    1934     0.769
1958   25    1933     0.932
1958   26    1932     1.089
1958   27    1931     1.234
1958   28    1930     1.369
1958   29    1929     1.488
1958   30    1928     1.596
1958   31    1927     1.692
1958   32    1926     1.778
1958   33    1925     1.853
1958   34    1924     1.917
1958   35    1923     1.975
1958   36    1922     2.026
1958   37    1921     2.069
1958   38    1920     2.106
1958   39    1919     2.137
1958   40    1918     2.162
1958   41    1917     2.182
1958   42    1916     2.197
1958   43    1915     2.207
1958   44    1914     2.213
1958   45    1913     2.217
1958   46    1912     2.219
1958   47    1911     2.220
1958   48    1910     2.220
1958   49    1909     2.221
1958   50    1908     2.221
1958   51    1907     2.221
1958   52    1906     2.221
1958   53    1905     2.221
1958   54    1904     2.221
1958   55    1903     2.221
1959   12    1947     0.000
1959   13    1946     0.000
1959   14    1945     0.000
1959   15    1944     0.000
1959   16    1943     0.001
1959   17    1942     0.004
1959   18    1941     0.021
1959   19    1940     0.070
1959   20    1939     0.171
1959   21    1938     0.312
1959   22    1937     0.478
1959   23    1936     0.656
1959   24    1935     0.832
1959   25    1934     1.005
1959   26    1933     1.171
1959   27    1932     1.327
1959   28    1931     1.470
1959   29    1930     1.600
1959   30    1929     1.712
1959   31    1928     1.812
1959   32    1927     1.901
1959   33    1926     1.978
1959   34    1925     2.046
1959   35    1924     2.105
1959   36    1923     2.156
1959   37    1922     2.201
1959   38    1921     2.239
1959   39    1920     2.271
1959   40    1919     2.297
1959   41    1918     2.318
1959   42    1917     2.331
1959   43    1916     2.342
1959   44    1915     2.348
1959   45    1914     2.352
1959   46    1913     2.355
1959   47    1912     2.355
1959   48    1911     2.356
1959   49    1910     2.356
1959   50    1909     2.356
1959   51    1908     2.356
1959   52    1907     2.356
1959   53    1906     2.356
1959   54    1905     2.356
1959   55    1904     2.356
1960   12    1948     0.000
1960   13    1947     0.000
1960   14    1946     0.000
1960   15    1945     0.000
1960   16    1944     0.001
1960   17    1943     0.005
1960   18    1942     0.024
1960   19    1941     0.079
1960   20    1940     0.184
1960   21    1939     0.329
1960   22    1938     0.496
1960   23    1937     0.669
1960   24    1936     0.848
1960   25    1935     1.018
1960   26    1934     1.180
1960   27    1933     1.331
1960   28    1932     1.473
1960   29    1931     1.599
1960   30    1930     1.712
1960   31    1929     1.812
1960   32    1928     1.898
1960   33    1927     1.976
1960   34    1926     2.042
1960   35    1925     2.101
1960   36    1924     2.150
1960   37    1923     2.194
1960   38    1922     2.232
1960   39    1921     2.263
1960   40    1920     2.288
1960   41    1919     2.307
1960   42    1918     2.322
1960   43    1917     2.332
1960   44    1916     2.339
1960   45    1915     2.342
1960   46    1914     2.344
1960   47    1913     2.345
1960   48    1912     2.346
1960   49    1911     2.346
1960   50    1910     2.346
1960   51    1909     2.346
1960   52    1908     2.346
1960   53    1907     2.346
1960   54    1906     2.346
1960   55    1905     2.346
1961   12    1949     0.000
1961   13    1948     0.000
1961   14    1947     0.000
1961   15    1946     0.000
1961   16    1945     0.001
1961   17    1944     0.006
1961   18    1943     0.028
1961   19    1942     0.087
1961   20    1941     0.199
1961   21    1940     0.354
1961   22    1939     0.532
1961   23    1938     0.716
1961   24    1937     0.901
1961   25    1936     1.080
1961   26    1935     1.245
1961   27    1934     1.402
1961   28    1933     1.541
1961   29    1932     1.667
1961   30    1931     1.782
1961   31    1930     1.884
1961   32    1929     1.972
1961   33    1928     2.049
1961   34    1927     2.116
1961   35    1926     2.175
1961   36    1925     2.226
1961   37    1924     2.269
1961   38    1923     2.306
1961   39    1922     2.337
1961   40    1921     2.363
1961   41    1920     2.382
1961   42    1919     2.396
1961   43    1918     2.406
1961   44    1917     2.413
1961   45    1916     2.417
1961   46    1915     2.419
1961   47    1914     2.419
1961   48    1913     2.420
1961   49    1912     2.420
1961   50    1911     2.420
1961   51    1910     2.420
1961   52    1909     2.420
1961   53    1908     2.420
1961   54    1907     2.420
1961   55    1906     2.420
1962   12    1950     0.000
1962   13    1949     0.000
1962   14    1948     0.000
1962   15    1947     0.000
1962   16    1946     0.001
1962   17    1945     0.006
1962   18    1944     0.029
1962   19    1943     0.093
1962   20    1942     0.209
1962   21    1941     0.366
1962   22    1940     0.546
1962   23    1939     0.733
1962   24    1938     0.919
1962   25    1937     1.097
1962   26    1936     1.266
1962   27    1935     1.420
1962   28    1934     1.557
1962   29    1933     1.681
1962   30    1932     1.792
1962   31    1931     1.893
1962   32    1930     1.981
1962   33    1929     2.057
1962   34    1928     2.123
1962   35    1927     2.180
1962   36    1926     2.229
1962   37    1925     2.271
1962   38    1924     2.307
1962   39    1923     2.336
1962   40    1922     2.361
1962   41    1921     2.380
1962   42    1920     2.394
1962   43    1919     2.404
1962   44    1918     2.410
1962   45    1917     2.414
1962   46    1916     2.416
1962   47    1915     2.416
1962   48    1914     2.417
1962   49    1913     2.417
1962   50    1912     2.417
1962   51    1911     2.417
1962   52    1910     2.417
1962   53    1909     2.417
1962   54    1908     2.417
1962   55    1907     2.417
1963   12    1951     0.000
1963   13    1950     0.000
1963   14    1949     0.000
1963   15    1948     0.000
1963   16    1947     0.001
1963   17    1946     0.007
1963   18    1945     0.033
1963   19    1944     0.099
1963   20    1943     0.223
1963   21    1942     0.386
1963   22    1941     0.567
1963   23    1940     0.760
1963   24    1939     0.945
1963   25    1938     1.126
1963   26    1937     1.295
1963   27    1936     1.451
1963   28    1935     1.592
1963   29    1934     1.719
1963   30    1933     1.833
1963   31    1932     1.934
1963   32    1931     2.025
1963   33    1930     2.102
1963   34    1929     2.171
1963   35    1928     2.229
1963   36    1927     2.280
1963   37    1926     2.324
1963   38    1925     2.360
1963   39    1924     2.390
1963   40    1923     2.415
1963   41    1922     2.434
1963   42    1921     2.448
1963   43    1920     2.457
1963   44    1919     2.464
1963   45    1918     2.468
1963   46    1917     2.470
1963   47    1916     2.471
1963   48    1915     2.471
1963   49    1914     2.471
1963   50    1913     2.471
1963   51    1912     2.471
1963   52    1911     2.471
1963   53    1910     2.471
1963   54    1909     2.471
1963   55    1908     2.471
1964   12    1952     0.000
1964   13    1951     0.000
1964   14    1950     0.000
1964   15    1949     0.000
1964   16    1948     0.001
1964   17    1947     0.006
1964   18    1946     0.032
1964   19    1945     0.100
1964   20    1944     0.229
1964   21    1943     0.403
1964   22    1942     0.591
1964   23    1941     0.775
1964   24    1940     0.959
1964   25    1939     1.135
1964   26    1938     1.300
1964   27    1937     1.453
1964   28    1936     1.593
1964   29    1935     1.720
1964   30    1934     1.832
1964   31    1933     1.934
1964   32    1932     2.026
1964   33    1931     2.105
1964   34    1930     2.175
1964   35    1929     2.234
1964   36    1928     2.285
1964   37    1927     2.329
1964   38    1926     2.366
1964   39    1925     2.396
1964   40    1924     2.420
1964   41    1923     2.439
1964   42    1922     2.453
1964   43    1921     2.463
1964   44    1920     2.469
1964   45    1919     2.473
1964   46    1918     2.476
1964   47    1917     2.476
1964   48    1916     2.477
1964   49    1915     2.477
1964   50    1914     2.477
1964   51    1913     2.477
1964   52    1912     2.477
1964   53    1911     2.477
1964   54    1910     2.477
1964   55    1909     2.477
1965   12    1953     0.000
1965   13    1952     0.000
1965   14    1951     0.000
1965   15    1950     0.000
1965   16    1949     0.001
1965   17    1948     0.006
1965   18    1947     0.033
1965   19    1946     0.107
1965   20    1945     0.242
1965   21    1944     0.421
1965   22    1943     0.614
1965   23    1942     0.805
1965   24    1941     0.987
1965   25    1940     1.162
1965   26    1939     1.327
1965   27    1938     1.480
1965   28    1937     1.618
1965   29    1936     1.744
1965   30    1935     1.855
1965   31    1934     1.954
1965   32    1933     2.043
1965   33    1932     2.122
1965   34    1931     2.190
1965   35    1930     2.249
1965   36    1929     2.300
1965   37    1928     2.342
1965   38    1927     2.378
1965   39    1926     2.407
1965   40    1925     2.430
1965   41    1924     2.449
1965   42    1923     2.463
1965   43    1922     2.472
1965   44    1921     2.478
1965   45    1920     2.481
1965   46    1919     2.483
1965   47    1918     2.484
1965   48    1917     2.484
1965   49    1916     2.484
1965   50    1915     2.485
1965   51    1914     2.485
1965   52    1913     2.485
1965   53    1912     2.485
1965   54    1911     2.485
1965   55    1910     2.485
1966   12    1954     0.000
1966   13    1953     0.000
1966   14    1952     0.000
1966   15    1951     0.000
1966   16    1950     0.001
1966   17    1949     0.005
1966   18    1948     0.029
1966   19    1947     0.098
1966   20    1946     0.231
1966   21    1945     0.412
1966   22    1944     0.605
1966   23    1943     0.796
1966   24    1942     0.981
1966   25    1941     1.155
1966   26    1940     1.315
1966   27    1939     1.466
1966   28    1938     1.603
1966   29    1937     1.725
1966   30    1936     1.831
1966   31    1935     1.928
1966   32    1934     2.013
1966   33    1933     2.087
1966   34    1932     2.153
1966   35    1931     2.211
1966   36    1930     2.260
1966   37    1929     2.301
1966   38    1928     2.335
1966   39    1927     2.362
1966   40    1926     2.383
1966   41    1925     2.399
1966   42    1924     2.410
1966   43    1923     2.417
1966   44    1922     2.421
1966   45    1921     2.424
1966   46    1920     2.425
1966   47    1919     2.425
1966   48    1918     2.426
1966   49    1917     2.426
1966   50    1916     2.426
1966   51    1915     2.426
1966   52    1914     2.426
1966   53    1913     2.426
1966   54    1912     2.426
1966   55    1911     2.426
1967   12    1955     0.000
1967   13    1954     0.000
1967   14    1953     0.000
1967   15    1952     0.000
1967   16    1951     0.001
1967   17    1950     0.005
1967   18    1949     0.026
1967   19    1948     0.091
1967   20    1947     0.221
1967   21    1946     0.399
1967   22    1945     0.598
1967   23    1944     0.792
1967   24    1943     0.974
1967   25    1942     1.145
1967   26    1941     1.301
1967   27    1940     1.443
1967   28    1939     1.572
1967   29    1938     1.687
1967   30    1937     1.790
1967   31    1936     1.881
1967   32    1935     1.961
1967   33    1934     2.029
1967   34    1933     2.090
1967   35    1932     2.143
1967   36    1931     2.189
1967   37    1930     2.226
1967   38    1929     2.258
1967   39    1928     2.283
1967   40    1927     2.303
1967   41    1926     2.316
1967   42    1925     2.325
1967   43    1924     2.331
1967   44    1923     2.335
1967   45    1922     2.337
1967   46    1921     2.338
1967   47    1920     2.339
1967   48    1919     2.339
1967   49    1918     2.339
1967   50    1917     2.339
1967   51    1916     2.339
1967   52    1915     2.339
1967   53    1914     2.339
1967   54    1913     2.339
1967   55    1912     2.339
1968   12    1956     0.000
1968   13    1955     0.000
1968   14    1954     0.000
1968   15    1953     0.000
1968   16    1952     0.001
1968   17    1951     0.004
1968   18    1950     0.024
1968   19    1949     0.086
1968   20    1948     0.210
1968   21    1947     0.389
1968   22    1946     0.593
1968   23    1945     0.794
1968   24    1944     0.978
1968   25    1943     1.148
1968   26    1942     1.301
1968   27    1941     1.438
1968   28    1940     1.564
1968   29    1939     1.673
1968   30    1938     1.771
1968   31    1937     1.857
1968   32    1936     1.933
1968   33    1935     2.000
1968   34    1934     2.058
1968   35    1933     2.109
1968   36    1932     2.153
1968   37    1931     2.191
1968   38    1930     2.221
1968   39    1929     2.246
1968   40    1928     2.265
1968   41    1927     2.278
1968   42    1926     2.285
1968   43    1925     2.291
1968   44    1924     2.294
1968   45    1923     2.296
1968   46    1922     2.297
1968   47    1921     2.297
1968   48    1920     2.297
1968   49    1919     2.297
1968   50    1918     2.297
1968   51    1917     2.297
1968   52    1916     2.297
1968   53    1915     2.297
1968   54    1914     2.297
1968   55    1913     2.297
1969   12    1957     0.000
1969   13    1956     0.000
1969   14    1955     0.000
1969   15    1954     0.000
1969   16    1953     0.001
1969   17    1952     0.004
1969   18    1951     0.024
1969   19    1950     0.085
1969   20    1949     0.211
1969   21    1948     0.390
1969   22    1947     0.592
1969   23    1946     0.791
1969   24    1945     0.976
1969   25    1944     1.140
1969   26    1943     1.291
1969   27    1942     1.426
1969   28    1941     1.544
1969   29    1940     1.650
1969   30    1939     1.743
1969   31    1938     1.825
1969   32    1937     1.897
1969   33    1936     1.960
1969   34    1935     2.014
1969   35    1934     2.061
1969   36    1933     2.102
1969   37    1932     2.138
1969   38    1931     2.167
1969   39    1930     2.191
1969   40    1929     2.208
1969   41    1928     2.219
1969   42    1927     2.226
1969   43    1926     2.231
1969   44    1925     2.233
1969   45    1924     2.235
1969   46    1923     2.236
1969   47    1922     2.236
1969   48    1921     2.236
1969   49    1920     2.236
1969   50    1919     2.237
1969   51    1918     2.237
1969   52    1917     2.237
1969   53    1916     2.237
1969   54    1915     2.237
1969   55    1914     2.237
1970   12    1958     0.000
1970   13    1957     0.000
1970   14    1956     0.000
1970   15    1955     0.000
1970   16    1954     0.001
1970   17    1953     0.004
1970   18    1952     0.024
1970   19    1951     0.086
1970   20    1950     0.215
1970   21    1949     0.395
1970   22    1948     0.595
1970   23    1947     0.795
1970   24    1946     0.975
1970   25    1945     1.142
1970   26    1944     1.288
1970   27    1943     1.417
1970   28    1942     1.531
1970   29    1941     1.630
1970   30    1940     1.719
1970   31    1939     1.798
1970   32    1938     1.867
1970   33    1937     1.927
1970   34    1936     1.979
1970   35    1935     2.025
1970   36    1934     2.064
1970   37    1933     2.097
1970   38    1932     2.126
1970   39    1931     2.148
1970   40    1930     2.165
1970   41    1929     2.176
1970   42    1928     2.183
1970   43    1927     2.187
1970   44    1926     2.189
1970   45    1925     2.191
1970   46    1924     2.192
1970   47    1923     2.192
1970   48    1922     2.192
1970   49    1921     2.192
1970   50    1920     2.192
1970   51    1919     2.192
1970   52    1918     2.193
1970   53    1917     2.193
1970   54    1916     2.193
1970   55    1915     2.193
1971   12    1959     0.000
1971   13    1958     0.000
1971   14    1957     0.000
1971   15    1956     0.000
1971   16    1955     0.001
1971   17    1954     0.005
1971   18    1953     0.026
1971   19    1952     0.090
1971   20    1951     0.221
1971   21    1950     0.400
1971   22    1949     0.598
1971   23    1948     0.791
1971   24    1947     0.968
1971   25    1946     1.127
1971   26    1945     1.268
1971   27    1944     1.393
1971   28    1943     1.502
1971   29    1942     1.597
1971   30    1941     1.680
1971   31    1940     1.755
1971   32    1939     1.821
1971   33    1938     1.877
1971   34    1937     1.927
1971   35    1936     1.970
1971   36    1935     2.007
1971   37    1934     2.039
1971   38    1933     2.065
1971   39    1932     2.088
1971   40    1931     2.105
1971   41    1930     2.116
1971   42    1929     2.122
1971   43    1928     2.127
1971   44    1927     2.129
1971   45    1926     2.131
1971   46    1925     2.132
1971   47    1924     2.132
1971   48    1923     2.132
1971   49    1922     2.132
1971   50    1921     2.132
1971   51    1920     2.132
1971   52    1919     2.132
1971   53    1918     2.132
1971   54    1917     2.132
1971   55    1916     2.132
1972   12    1960     0.000
1972   13    1959     0.000
1972   14    1958     0.000
1972   15    1957     0.000
1972   16    1956     0.001
1972   17    1955     0.004
1972   18    1954     0.023
1972   19    1953     0.081
1972   20    1952     0.197
1972   21    1951     0.358
1972   22    1950     0.529
1972   23    1949     0.694
1972   24    1948     0.847
1972   25    1947     0.985
1972   26    1946     1.106
1972   27    1945     1.209
1972   28    1944     1.299
1972   29    1943     1.375
1972   30    1942     1.443
1972   31    1941     1.501
1972   32    1940     1.550
1972   33    1939     1.593
1972   34    1938     1.630
1972   35    1937     1.663
1972   36    1936     1.691
1972   37    1935     1.715
1972   38    1934     1.734
1972   39    1933     1.750
1972   40    1932     1.763
1972   41    1931     1.772
1972   42    1930     1.778
1972   43    1929     1.782
1972   44    1928     1.784
1972   45    1927     1.785
1972   46    1926     1.786
1972   47    1925     1.786
1972   48    1924     1.786
1972   49    1923     1.786
1972   50    1922     1.786
1972   51    1921     1.787
1972   52    1920     1.787
1972   53    1919     1.787
1972   54    1918     1.787
1972   55    1917     1.787
1973   12    1961     0.000
1973   13    1960     0.000
1973   14    1959     0.000
1973   15    1958     0.000
1973   16    1957     0.000
1973   17    1956     0.004
1973   18    1955     0.020
1973   19    1954     0.073
1973   20    1953     0.183
1973   21    1952     0.330
1973   22    1951     0.489
1973   23    1950     0.643
1973   24    1949     0.783
1973   25    1948     0.911
1973   26    1947     1.024
1973   27    1946     1.116
1973   28    1945     1.196
1973   29    1944     1.262
1973   30    1943     1.318
1973   31    1942     1.365
1973   32    1941     1.405
1973   33    1940     1.438
1973   34    1939     1.465
1973   35    1938     1.490
1973   36    1937     1.510
1973   37    1936     1.526
1973   38    1935     1.541
1973   39    1934     1.551
1973   40    1933     1.560
1973   41    1932     1.566
1973   42    1931     1.571
1973   43    1930     1.574
1973   44    1929     1.576
1973   45    1928     1.577
1973   46    1927     1.577
1973   47    1926     1.578
1973   48    1925     1.578
1973   49    1924     1.578
1973   50    1923     1.578
1973   51    1922     1.578
1973   52    1921     1.578
1973   53    1920     1.578
1973   54    1919     1.578
1973   55    1918     1.578
1974   12    1962     0.000
1974   13    1961     0.000
1974   14    1960     0.000
1974   15    1959     0.000
1974   16    1958     0.000
1974   17    1957     0.004
1974   18    1956     0.020
1974   19    1955     0.071
1974   20    1954     0.177
1974   21    1953     0.320
1974   22    1952     0.475
1974   23    1951     0.623
1974   24    1950     0.763
1974   25    1949     0.892
1974   26    1948     1.004
1974   27    1947     1.099
1974   28    1946     1.176
1974   29    1945     1.241
1974   30    1944     1.296
1974   31    1943     1.341
1974   32    1942     1.380
1974   33    1941     1.411
1974   34    1940     1.438
1974   35    1939     1.461
1974   36    1938     1.479
1974   37    1937     1.494
1974   38    1936     1.506
1974   39    1935     1.516
1974   40    1934     1.524
1974   41    1933     1.529
1974   42    1932     1.534
1974   43    1931     1.537
1974   44    1930     1.539
1974   45    1929     1.540
1974   46    1928     1.540
1974   47    1927     1.540
1974   48    1926     1.541
1974   49    1925     1.541
1974   50    1924     1.541
1974   51    1923     1.541
1974   52    1922     1.541
1974   53    1921     1.541
1974   54    1920     1.541
1974   55    1919     1.541
1975   12    1963     0.000
1975   13    1962     0.000
1975   14    1961     0.000
1975   15    1960     0.000
1975   16    1959     0.000
1975   17    1958     0.004
1975   18    1957     0.019
1975   19    1956     0.069
1975   20    1955     0.170
1975   21    1954     0.311
1975   22    1953     0.461
1975   23    1952     0.613
1975   24    1951     0.757
1975   25    1950     0.891
1975   26    1949     1.010
1975   27    1948     1.109
1975   28    1947     1.190
1975   29    1946     1.257
1975   30    1945     1.312
1975   31    1944     1.358
1975   32    1943     1.395
1975   33    1942     1.425
1975   34    1941     1.451
1975   35    1940     1.471
1975   36    1939     1.487
1975   37    1938     1.501
1975   38    1937     1.512
1975   39    1936     1.521
1975   40    1935     1.527
1975   41    1934     1.533
1975   42    1933     1.537
1975   43    1932     1.539
1975   44    1931     1.541
1975   45    1930     1.542
1975   46    1929     1.542
1975   47    1928     1.543
1975   48    1927     1.543
1975   49    1926     1.543
1975   50    1925     1.543
1975   51    1924     1.543
1975   52    1923     1.543
1975   53    1922     1.543
1975   54    1921     1.543
1975   55    1920     1.543
1976   12    1964     0.000
1976   13    1963     0.000
1976   14    1962     0.000
1976   15    1961     0.000
1976   16    1960     0.000
1976   17    1959     0.004
1976   18    1958     0.020
1976   19    1957     0.068
1976   20    1956     0.170
1976   21    1955     0.312
1976   22    1954     0.470
1976   23    1953     0.631
1976   24    1952     0.788
1976   25    1951     0.938
1976   26    1950     1.069
1976   27    1949     1.178
1976   28    1948     1.270
1976   29    1947     1.343
1976   30    1946     1.401
1976   31    1945     1.449
1976   32    1944     1.489
1976   33    1943     1.521
1976   34    1942     1.547
1976   35    1941     1.568
1976   36    1940     1.585
1976   37    1939     1.598
1976   38    1938     1.609
1976   39    1937     1.617
1976   40    1936     1.624
1976   41    1935     1.628
1976   42    1934     1.632
1976   43    1933     1.635
1976   44    1932     1.636
1976   45    1931     1.637
1976   46    1930     1.638
1976   47    1929     1.638
1976   48    1928     1.638
1976   49    1927     1.638
1976   50    1926     1.638
1976   51    1925     1.638
1976   52    1924     1.638
1976   53    1923     1.638
1976   54    1922     1.638
1976   55    1921     1.638
1977   12    1965     0.000
1977   13    1964     0.000
1977   14    1963     0.000
1977   15    1962     0.000
1977   16    1961     0.001
1977   17    1960     0.005
1977   18    1959     0.021
1977   19    1958     0.072
1977   20    1957     0.175
1977   21    1956     0.325
1977   22    1955     0.496
1977   23    1954     0.674
1977   24    1953     0.854
1977   25    1952     1.027
1977   26    1951     1.181
1977   27    1950     1.311
1977   28    1949     1.421
1977   29    1948     1.510
1977   30    1947     1.583
1977   31    1946     1.639
1977   32    1945     1.687
1977   33    1944     1.724
1977   34    1943     1.753
1977   35    1942     1.777
1977   36    1941     1.795
1977   37    1940     1.810
1977   38    1939     1.822
1977   39    1938     1.831
1977   40    1937     1.838
1977   41    1936     1.842
1977   42    1935     1.846
1977   43    1934     1.848
1977   44    1933     1.850
1977   45    1932     1.851
1977   46    1931     1.852
1977   47    1930     1.852
1977   48    1929     1.852
1977   49    1928     1.852
1977   50    1927     1.852
1977   51    1926     1.852
1977   52    1925     1.852
1977   53    1924     1.852
1977   54    1923     1.852
1977   55    1922     1.852
1978   12    1966     0.000
1978   13    1965     0.000
1978   14    1964     0.000
1978   15    1963     0.000
1978   16    1962     0.001
1978   17    1961     0.005
1978   18    1960     0.023
1978   19    1959     0.074
1978   20    1958     0.182
1978   21    1957     0.337
1978   22    1956     0.515
1978   23    1955     0.701
1978   24    1954     0.884
1978   25    1953     1.056
1978   26    1952     1.213
1978   27    1951     1.348
1978   28    1950     1.462
1978   29    1949     1.554
1978   30    1948     1.629
1978   31    1947     1.689
1978   32    1946     1.736
1978   33    1945     1.775
1978   34    1944     1.806
1978   35    1943     1.829
1978   36    1942     1.848
1978   37    1941     1.862
1978   38    1940     1.873
1978   39    1939     1.881
1978   40    1938     1.887
1978   41    1937     1.892
1978   42    1936     1.895
1978   43    1935     1.897
1978   44    1934     1.899
1978   45    1933     1.899
1978   46    1932     1.900
1978   47    1931     1.900
1978   48    1930     1.900
1978   49    1929     1.900
1978   50    1928     1.900
1978   51    1927     1.900
1978   52    1926     1.900
1978   53    1925     1.900
1978   54    1924     1.900
1978   55    1923     1.900
1979   12    1967     0.000
1979   13    1966     0.000
1979   14    1965     0.000
1979   15    1964     0.000
1979   16    1963     0.001
1979   17    1962     0.005
1979   18    1961     0.021
1979   19    1960     0.072
1979   20    1959     0.181
1979   21    1958     0.340
1979   22    1957     0.522
1979   23    1956     0.709
1979   24    1955     0.893
1979   25    1954     1.066
1979   26    1953     1.219
1979   27    1952     1.352
1979   28    1951     1.463
1979   29    1950     1.555
1979   30    1949     1.629
1979   31    1948     1.689
1979   32    1947     1.736
1979   33    1946     1.774
1979   34    1945     1.804
1979   35    1944     1.828
1979   36    1943     1.846
1979   37    1942     1.860
1979   38    1941     1.871
1979   39    1940     1.878
1979   40    1939     1.884
1979   41    1938     1.888
1979   42    1937     1.891
1979   43    1936     1.893
1979   44    1935     1.895
1979   45    1934     1.895
1979   46    1933     1.896
1979   47    1932     1.896
1979   48    1931     1.896
1979   49    1930     1.896
1979   50    1929     1.896
1979   51    1928     1.896
1979   52    1927     1.896
1979   53    1926     1.896
1979   54    1925     1.896
1979   55    1924     1.896
1980   12    1968     0.000
1980   13    1967     0.000
1980   14    1966     0.000
1980   15    1965     0.000
1980   16    1964     0.001
1980   17    1963     0.005
1980   18    1962     0.022
1980   19    1961     0.075
1980   20    1960     0.190
1980   21    1959     0.359
1980   22    1958     0.550
1980   23    1957     0.746
1980   24    1956     0.934
1980   25    1955     1.107
1980   26    1954     1.263
1980   27    1953     1.397
1980   28    1952     1.509
1980   29    1951     1.602
1980   30    1950     1.677
1980   31    1949     1.736
1980   32    1948     1.784
1980   33    1947     1.823
1980   34    1946     1.853
1980   35    1945     1.877
1980   36    1944     1.895
1980   37    1943     1.908
1980   38    1942     1.918
1980   39    1941     1.926
1980   40    1940     1.932
1980   41    1939     1.935
1980   42    1938     1.938
1980   43    1937     1.940
1980   44    1936     1.941
1980   45    1935     1.942
1980   46    1934     1.943
1980   47    1933     1.943
1980   48    1932     1.943
1980   49    1931     1.943
1980   50    1930     1.943
1980   51    1929     1.943
1980   52    1928     1.943
1980   53    1927     1.943
1980   54    1926     1.943
1980   55    1925     1.943
1981   12    1969     0.000
1981   13    1968     0.000
1981   14    1967     0.000
1981   15    1966     0.000
1981   16    1965     0.001
1981   17    1964     0.005
1981   18    1963     0.021
1981   19    1962     0.068
1981   20    1961     0.175
1981   21    1960     0.337
1981   22    1959     0.518
1981   23    1958     0.704
1981   24    1957     0.884
1981   25    1956     1.050
1981   26    1955     1.201
1981   27    1954     1.333
1981   28    1953     1.442
1981   29    1952     1.531
1981   30    1951     1.602
1981   31    1950     1.660
1981   32    1949     1.706
1981   33    1948     1.744
1981   34    1947     1.773
1981   35    1946     1.795
1981   36    1945     1.814
1981   37    1944     1.827
1981   38    1943     1.836
1981   39    1942     1.843
1981   40    1941     1.849
1981   41    1940     1.852
1981   42    1939     1.855
1981   43    1938     1.857
1981   44    1937     1.858
1981   45    1936     1.859
1981   46    1935     1.859
1981   47    1934     1.859
1981   48    1933     1.859
1981   49    1932     1.859
1981   50    1931     1.859
1981   51    1930     1.859
1981   52    1929     1.859
1981   53    1928     1.859
1981   54    1927     1.859
1981   55    1926     1.859
1982   12    1970     0.000
1982   13    1969     0.000
1982   14    1968     0.000
1982   15    1967     0.000
1982   16    1966     0.001
1982   17    1965     0.005
1982   18    1964     0.021
1982   19    1963     0.068
1982   20    1962     0.172
1982   21    1961     0.331
1982   22    1960     0.510
1982   23    1959     0.695
1982   24    1958     0.874
1982   25    1957     1.041
1982   26    1956     1.193
1982   27    1955     1.324
1982   28    1954     1.433
1982   29    1953     1.523
1982   30    1952     1.596
1982   31    1951     1.655
1982   32    1950     1.701
1982   33    1949     1.739
1982   34    1948     1.770
1982   35    1947     1.794
1982   36    1946     1.812
1982   37    1945     1.827
1982   38    1944     1.837
1982   39    1943     1.845
1982   40    1942     1.850
1982   41    1941     1.854
1982   42    1940     1.856
1982   43    1939     1.858
1982   44    1938     1.859
1982   45    1937     1.859
1982   46    1936     1.859
1982   47    1935     1.860
1982   48    1934     1.860
1982   49    1933     1.860
1982   50    1932     1.860
1982   51    1931     1.860
1982   52    1930     1.860
1982   53    1929     1.860
1982   54    1928     1.860
1982   55    1927     1.860
1983   12    1971     0.000
1983   13    1970     0.000
1983   14    1969     0.000
1983   15    1968     0.000
1983   16    1967     0.001
1983   17    1966     0.004
1983   18    1965     0.019
1983   19    1964     0.062
1983   20    1963     0.160
1983   21    1962     0.309
1983   22    1961     0.479
1983   23    1960     0.656
1983   24    1959     0.830
1983   25    1958     0.996
1983   26    1957     1.144
1983   27    1956     1.273
1983   28    1955     1.379
1983   29    1954     1.466
1983   30    1953     1.536
1983   31    1952     1.593
1983   32    1951     1.638
1983   33    1950     1.675
1983   34    1949     1.704
1983   35    1948     1.727
1983   36    1947     1.745
1983   37    1946     1.759
1983   38    1945     1.770
1983   39    1944     1.777
1983   40    1943     1.782
1983   41    1942     1.785
1983   42    1941     1.788
1983   43    1940     1.789
1983   44    1939     1.790
1983   45    1938     1.791
1983   46    1937     1.791
1983   47    1936     1.791
1983   48    1935     1.791
1983   49    1934     1.791
1983   50    1933     1.791
1983   51    1932     1.791
1983   52    1931     1.791
1983   53    1930     1.791
1983   54    1929     1.791
1983   55    1928     1.791
1984   12    1972     0.000
1984   13    1971     0.000
1984   14    1970     0.000
1984   15    1969     0.000
1984   16    1968     0.001
1984   17    1967     0.005
1984   18    1966     0.019
1984   19    1965     0.060
1984   20    1964     0.154
1984   21    1963     0.297
1984   22    1962     0.462
1984   23    1961     0.634
1984   24    1960     0.803
1984   25    1959     0.961
1984   26    1958     1.105
1984   27    1957     1.230
1984   28    1956     1.334
1984   29    1955     1.420
1984   30    1954     1.488
1984   31    1953     1.545
1984   32    1952     1.589
1984   33    1951     1.625
1984   34    1950     1.653
1984   35    1949     1.676
1984   36    1948     1.693
1984   37    1947     1.707
1984   38    1946     1.717
1984   39    1945     1.725
1984   40    1944     1.730
1984   41    1943     1.734
1984   42    1942     1.736
1984   43    1941     1.737
1984   44    1940     1.738
1984   45    1939     1.739
1984   46    1938     1.739
1984   47    1937     1.739
1984   48    1936     1.739
1984   49    1935     1.739
1984   50    1934     1.739
1984   51    1933     1.739
1984   52    1932     1.739
1984   53    1931     1.739
1984   54    1930     1.739
1984   55    1929     1.739
1985   12    1973     0.000
1985   13    1972     0.000
1985   14    1971     0.000
1985   15    1970     0.000
1985   16    1969     0.001
1985   17    1968     0.005
1985   18    1967     0.018
1985   19    1966     0.058
1985   20    1965     0.146
1985   21    1964     0.281
1985   22    1963     0.440
1985   23    1962     0.608
1985   24    1961     0.775
1985   25    1960     0.935
1985   26    1959     1.082
1985   27    1958     1.211
1985   28    1957     1.321
1985   29    1956     1.408
1985   30    1955     1.478
1985   31    1954     1.535
1985   32    1953     1.581
1985   33    1952     1.618
1985   34    1951     1.648
1985   35    1950     1.672
1985   36    1949     1.690
1985   37    1948     1.704
1985   38    1947     1.715
1985   39    1946     1.723
1985   40    1945     1.728
1985   41    1944     1.731
1985   42    1943     1.733
1985   43    1942     1.735
1985   44    1941     1.736
1985   45    1940     1.736
1985   46    1939     1.736
1985   47    1938     1.737
1985   48    1937     1.737
1985   49    1936     1.737
1985   50    1935     1.737
1985   51    1934     1.737
1985   52    1933     1.737
1985   53    1932     1.737
1985   54    1931     1.737
1985   55    1930     1.737
1986   12    1974     0.000
1986   13    1973     0.000
1986   14    1972     0.000
1986   15    1971     0.000
1986   16    1970     0.001
1986   17    1969     0.004
1986   18    1968     0.016
1986   19    1967     0.052
1986   20    1966     0.138
1986   21    1965     0.268
1986   22    1964     0.420
1986   23    1963     0.583
1986   24    1962     0.747
1986   25    1961     0.904
1986   26    1960     1.050
1986   27    1959     1.177
1986   28    1958     1.284
1986   29    1957     1.371
1986   30    1956     1.442
1986   31    1955     1.499
1986   32    1954     1.546
1986   33    1953     1.583
1986   34    1952     1.612
1986   35    1951     1.636
1986   36    1950     1.654
1986   37    1949     1.668
1986   38    1948     1.679
1986   39    1947     1.687
1986   40    1946     1.692
1986   41    1945     1.696
1986   42    1944     1.698
1986   43    1943     1.699
1986   44    1942     1.700
1986   45    1941     1.701
1986   46    1940     1.701
1986   47    1939     1.701
1986   48    1938     1.701
1986   49    1937     1.701
1986   50    1936     1.701
1986   51    1935     1.701
1986   52    1934     1.701
1986   53    1933     1.701
1986   54    1932     1.701
1986   55    1931     1.701
1987   12    1975     0.000
1987   13    1974     0.000
1987   14    1973     0.000
1987   15    1972     0.000
1987   16    1971     0.001
1987   17    1970     0.004
1987   18    1969     0.015
1987   19    1968     0.047
1987   20    1967     0.127
1987   21    1966     0.252
1987   22    1965     0.401
1987   23    1964     0.561
1987   24    1963     0.726
1987   25    1962     0.891
1987   26    1961     1.042
1987   27    1960     1.173
1987   28    1959     1.287
1987   29    1958     1.380
1987   30    1957     1.456
1987   31    1956     1.518
1987   32    1955     1.567
1987   33    1954     1.608
1987   34    1953     1.639
1987   35    1952     1.665
1987   36    1951     1.686
1987   37    1950     1.701
1987   38    1949     1.713
1987   39    1948     1.722
1987   40    1947     1.728
1987   41    1946     1.732
1987   42    1945     1.734
1987   43    1944     1.736
1987   44    1943     1.737
1987   45    1942     1.737
1987   46    1941     1.737
1987   47    1940     1.737
1987   48    1939     1.737
1987   49    1938     1.737
1987   50    1937     1.737
1987   51    1936     1.737
1987   52    1935     1.737
1987   53    1934     1.737
1987   54    1933     1.737
1987   55    1932     1.737
1988   12    1976     0.000
1988   13    1975     0.000
1988   14    1974     0.000
1988   15    1973     0.000
1988   16    1972     0.001
1988   17    1971     0.004
1988   18    1970     0.014
1988   19    1969     0.043
1988   20    1968     0.116
1988   21    1967     0.232
1988   22    1966     0.373
1988   23    1965     0.526
1988   24    1964     0.686
1988   25    1963     0.843
1988   26    1962     0.992
1988   27    1961     1.123
1988   28    1960     1.233
1988   29    1959     1.322
1988   30    1958     1.397
1988   31    1957     1.457
1988   32    1956     1.506
1988   33    1955     1.544
1988   34    1954     1.576
1988   35    1953     1.601
1988   36    1952     1.620
1988   37    1951     1.635
1988   38    1950     1.647
1988   39    1949     1.655
1988   40    1948     1.660
1988   41    1947     1.664
1988   42    1946     1.667
1988   43    1945     1.669
1988   44    1944     1.669
1988   45    1943     1.670
1988   46    1942     1.670
1988   47    1941     1.670
1988   48    1940     1.670
1988   49    1939     1.670
1988   50    1938     1.670
1988   51    1937     1.670
1988   52    1936     1.670
1988   53    1935     1.670
1988   54    1934     1.670
1988   55    1933     1.670
1989   12    1977     0.000
1989   13    1976     0.000
1989   14    1975     0.000
1989   15    1974     0.000
1989   16    1973     0.001
1989   17    1972     0.004
1989   18    1971     0.014
1989   19    1970     0.042
1989   20    1969     0.106
1989   21    1968     0.210
1989   22    1967     0.339
1989   23    1966     0.482
1989   24    1965     0.633
1989   25    1964     0.785
1989   26    1963     0.929
1989   27    1962     1.056
1989   28    1961     1.162
1989   29    1960     1.249
1989   30    1959     1.319
1989   31    1958     1.376
1989   32    1957     1.422
1989   33    1956     1.460
1989   34    1955     1.489
1989   35    1954     1.512
1989   36    1953     1.532
1989   37    1952     1.546
1989   38    1951     1.557
1989   39    1950     1.565
1989   40    1949     1.571
1989   41    1948     1.575
1989   42    1947     1.577
1989   43    1946     1.579
1989   44    1945     1.580
1989   45    1944     1.580
1989   46    1943     1.580
1989   47    1942     1.580
1989   48    1941     1.580
1989   49    1940     1.580
1989   50    1939     1.580
1989   51    1938     1.580
1989   52    1937     1.580
1989   53    1936     1.580
1989   54    1935     1.580
1989   55    1934     1.580
1990   12    1978     0.000
1990   13    1977     0.000
1990   14    1976     0.000
1990   15    1975     0.001
1990   16    1974     0.001
1990   17    1973     0.005
1990   18    1972     0.015
1990   19    1971     0.043
1990   20    1970     0.106
1990   21    1969     0.211
1990   22    1968     0.340
1990   23    1967     0.481
1990   24    1966     0.629
1990   25    1965     0.777
1990   26    1964     0.914
1990   27    1963     1.034
1990   28    1962     1.131
1990   29    1961     1.213
1990   30    1960     1.276
1990   31    1959     1.328
1990   32    1958     1.370
1990   33    1957     1.403
1990   34    1956     1.430
1990   35    1955     1.451
1990   36    1954     1.467
1990   37    1953     1.480
1990   38    1952     1.489
1990   39    1951     1.497
1990   40    1950     1.502
1990   41    1949     1.506
1990   42    1948     1.508
1990   43    1947     1.510
1990   44    1946     1.511
1990   45    1945     1.511
1990   46    1944     1.511
1990   47    1943     1.511
1990   48    1942     1.512
1990   49    1941     1.512
1990   50    1940     1.512
1990   51    1939     1.512
1990   52    1938     1.512
1990   53    1937     1.512
1990   54    1936     1.512
1990   55    1935     1.512
1991   12    1979     0.000
1991   13    1978     0.000
1991   14    1977     0.000
1991   15    1976     0.001
1991   16    1975     0.002
1991   17    1974     0.006
1991   18    1973     0.016
1991   19    1972     0.039
1991   20    1971     0.091
1991   21    1970     0.168
1991   22    1969     0.260
1991   23    1968     0.358
1991   24    1967     0.454
1991   25    1966     0.548
1991   26    1965     0.634
1991   27    1964     0.708
1991   28    1963     0.766
1991   29    1962     0.812
1991   30    1961     0.849
1991   31    1960     0.878
1991   32    1959     0.903
1991   33    1958     0.922
1991   34    1957     0.939
1991   35    1956     0.951
1991   36    1955     0.962
1991   37    1954     0.971
1991   38    1953     0.978
1991   39    1952     0.983
1991   40    1951     0.987
1991   41    1950     0.990
1991   42    1949     0.993
1991   43    1948     0.994
1991   44    1947     0.995
1991   45    1946     0.995
1991   46    1945     0.995
1991   47    1944     0.996
1991   48    1943     0.996
1991   49    1942     0.996
1991   50    1941     0.996
1991   51    1940     0.996
1991   52    1939     0.996
1991   53    1938     0.996
1991   54    1937     0.996
1991   55    1936     0.996
1992   12    1980     0.000
1992   13    1979     0.000
1992   14    1978     0.000
1992   15    1977     0.000
1992   16    1976     0.001
1992   17    1975     0.004
1992   18    1974     0.013
1992   19    1973     0.032
1992   20    1972     0.067
1992   21    1971     0.122
1992   22    1970     0.192
1992   23    1969     0.267
1992   24    1968     0.346
1992   25    1967     0.425
1992   26    1966     0.499
1992   27    1965     0.564
1992   28    1964     0.619
1992   29    1963     0.664
1992   30    1962     0.700
1992   31    1961     0.729
1992   32    1960     0.753
1992   33    1959     0.773
1992   34    1958     0.789
1992   35    1957     0.802
1992   36    1956     0.813
1992   37    1955     0.822
1992   38    1954     0.828
1992   39    1953     0.833
1992   40    1952     0.837
1992   41    1951     0.840
1992   42    1950     0.842
1992   43    1949     0.844
1992   44    1948     0.844
1992   45    1947     0.845
1992   46    1946     0.845
1992   47    1945     0.845
1992   48    1944     0.845
1992   49    1943     0.845
1992   50    1942     0.845
1992   51    1941     0.845
1992   52    1940     0.845
1992   53    1939     0.845
1992   54    1938     0.845
1992   55    1937     0.845
1993   12    1981     0.000
1993   13    1980     0.000
1993   14    1979     0.000
1993   15    1978     0.000
1993   16    1977     0.001
1993   17    1976     0.003
1993   18    1975     0.010
1993   19    1974     0.024
1993   20    1973     0.048
1993   21    1972     0.088
1993   22    1971     0.144
1993   23    1970     0.208
1993   24    1969     0.278
1993   25    1968     0.349
1993   26    1967     0.422
1993   27    1966     0.489
1993   28    1965     0.547
1993   29    1964     0.596
1993   30    1963     0.635
1993   31    1962     0.666
1993   32    1961     0.692
1993   33    1960     0.712
1993   34    1959     0.728
1993   35    1958     0.742
1993   36    1957     0.753
1993   37    1956     0.762
1993   38    1955     0.768
1993   39    1954     0.773
1993   40    1953     0.777
1993   41    1952     0.780
1993   42    1951     0.782
1993   43    1950     0.783
1993   44    1949     0.784
1993   45    1948     0.784
1993   46    1947     0.785
1993   47    1946     0.785
1993   48    1945     0.785
1993   49    1944     0.785
1993   50    1943     0.785
1993   51    1942     0.785
1993   52    1941     0.785
1993   53    1940     0.785
1993   54    1939     0.785
1993   55    1938     0.785
1994   12    1982     0.000
1994   13    1981     0.000
1994   14    1980     0.000
1994   15    1979     0.000
1994   16    1978     0.001
1994   17    1977     0.004
1994   18    1976     0.010
1994   19    1975     0.021
1994   20    1974     0.043
1994   21    1973     0.075
1994   22    1972     0.122
1994   23    1971     0.181
1994   24    1970     0.246
1994   25    1969     0.314
1994   26    1968     0.387
1994   27    1967     0.455
1994   28    1966     0.518
1994   29    1965     0.573
1994   30    1964     0.616
1994   31    1963     0.652
1994   32    1962     0.679
1994   33    1961     0.702
1994   34    1960     0.719
1994   35    1959     0.734
1994   36    1958     0.746
1994   37    1957     0.755
1994   38    1956     0.763
1994   39    1955     0.768
1994   40    1954     0.772
1994   41    1953     0.776
1994   42    1952     0.778
1994   43    1951     0.779
1994   44    1950     0.780
1994   45    1949     0.781
1994   46    1948     0.781
1994   47    1947     0.781
1994   48    1946     0.781
1994   49    1945     0.781
1994   50    1944     0.781
1994   51    1943     0.781
1994   52    1942     0.781
1994   53    1941     0.781
1994   54    1940     0.781
1994   55    1939     0.781
1995   12    1983     0.000
1995   13    1982     0.000
1995   14    1981     0.000
1995   15    1980     0.000
1995   16    1979     0.001
1995   17    1978     0.004
1995   18    1977     0.010
1995   19    1976     0.021
1995   20    1975     0.040
1995   21    1974     0.072
1995   22    1973     0.116
1995   23    1972     0.174
1995   24    1971     0.239
1995   25    1970     0.313
1995   26    1969     0.388
1995   27    1968     0.465
1995   28    1967     0.535
1995   29    1966     0.600
1995   30    1965     0.654
1995   31    1964     0.698
1995   32    1963     0.731
1995   33    1962     0.759
1995   34    1961     0.780
1995   35    1960     0.796
1995   36    1959     0.810
1995   37    1958     0.821
1995   38    1957     0.830
1995   39    1956     0.836
1995   40    1955     0.841
1995   41    1954     0.843
1995   42    1953     0.846
1995   43    1952     0.847
1995   44    1951     0.848
1995   45    1950     0.849
1995   46    1949     0.849
1995   47    1948     0.849
1995   48    1947     0.849
1995   49    1946     0.849
1995   50    1945     0.849
1995   51    1944     0.849
1995   52    1943     0.849
1995   53    1942     0.849
1995   54    1941     0.849
1995   55    1940     0.849
1996   12    1984     0.000
1996   13    1983     0.000
1996   14    1982     0.000
1996   15    1981     0.000
1996   16    1980     0.001
1996   17    1979     0.005
1996   18    1978     0.011
1996   19    1977     0.022
1996   20    1976     0.042
1996   21    1975     0.072
1996   22    1974     0.115
1996   23    1973     0.174
1996   24    1972     0.245
1996   25    1971     0.325
1996   26    1970     0.410
1996   27    1969     0.497
1996   28    1968     0.580
1996   29    1967     0.656
1996   30    1966     0.726
1996   31    1965     0.780
1996   32    1964     0.824
1996   33    1963     0.859
1996   34    1962     0.885
1996   35    1961     0.905
1996   36    1960     0.922
1996   37    1959     0.935
1996   38    1958     0.945
1996   39    1957     0.952
1996   40    1956     0.957
1996   41    1955     0.962
1996   42    1954     0.964
1996   43    1953     0.966
1996   44    1952     0.967
1996   45    1951     0.968
1996   46    1950     0.968
1996   47    1949     0.968
1996   48    1948     0.968
1996   49    1947     0.968
1996   50    1946     0.968
1996   51    1945     0.968
1996   52    1944     0.968
1996   53    1943     0.968
1996   54    1942     0.968
1996   55    1941     0.968
1997   12    1985     0.000
1997   13    1984     0.000
1997   14    1983     0.000
1997   15    1982     0.000
1997   16    1981     0.001
1997   17    1980     0.004
1997   18    1979     0.011
1997   19    1978     0.022
1997   20    1977     0.043
1997   21    1976     0.073
1997   22    1975     0.117
1997   23    1974     0.173
1997   24    1973     0.243
1997   25    1972     0.326
1997   26    1971     0.418
1997   27    1970     0.512
1997   28    1969     0.604
1997   29    1968     0.692
1997   30    1967     0.770
1997   31    1966     0.835
1997   32    1965     0.889
1997   33    1964     0.931
1997   34    1963     0.963
1997   35    1962     0.988
1997   36    1961     1.008
1997   37    1960     1.024
1997   38    1959     1.035
1997   39    1958     1.044
1997   40    1957     1.051
1997   41    1956     1.055
1997   42    1955     1.058
1997   43    1954     1.060
1997   44    1953     1.061
1997   45    1952     1.061
1997   46    1951     1.062
1997   47    1950     1.062
1997   48    1949     1.062
1997   49    1948     1.062
1997   50    1947     1.062
1997   51    1946     1.062
1997   52    1945     1.062
1997   53    1944     1.062
1997   54    1943     1.062
1997   55    1942     1.062
1998   12    1986     0.000
1998   13    1985     0.000
1998   14    1984     0.000
1998   15    1983     0.000
1998   16    1982     0.001
1998   17    1981     0.004
1998   18    1980     0.011
1998   19    1979     0.024
1998   20    1978     0.045
1998   21    1977     0.078
1998   22    1976     0.121
1998   23    1975     0.176
1998   24    1974     0.243
1998   25    1973     0.325
1998   26    1972     0.417
1998   27    1971     0.515
1998   28    1970     0.611
1998   29    1969     0.701
1998   30    1968     0.785
1998   31    1967     0.858
1998   32    1966     0.920
1998   33    1965     0.967
1998   34    1964     1.005
1998   35    1963     1.034
1998   36    1962     1.056
1998   37    1961     1.073
1998   38    1960     1.087
1998   39    1959     1.096
1998   40    1958     1.103
1998   41    1957     1.108
1998   42    1956     1.111
1998   43    1955     1.113
1998   44    1954     1.114
1998   45    1953     1.115
1998   46    1952     1.115
1998   47    1951     1.115
1998   48    1950     1.115
1998   49    1949     1.115
1998   50    1948     1.115
1998   51    1947     1.115
1998   52    1946     1.115
1998   53    1945     1.115
1998   54    1944     1.115
1998   55    1943     1.115
1999   12    1987     0.000
1999   13    1986     0.000
1999   14    1985     0.000
1999   15    1984     0.000
1999   16    1983     0.001
1999   17    1982     0.004
1999   18    1981     0.012
1999   19    1980     0.025
1999   20    1979     0.048
1999   21    1978     0.082
1999   22    1977     0.127
1999   23    1976     0.181
1999   24    1975     0.246
1999   25    1974     0.323
1999   26    1973     0.415
1999   27    1972     0.520
1999   28    1971     0.621
1999   29    1970     0.716
1999   30    1969     0.806
1999   31    1968     0.885
1999   32    1967     0.952
1999   33    1966     1.007
1999   34    1965     1.050
1999   35    1964     1.084
1999   36    1963     1.110
1999   37    1962     1.130
1999   38    1961     1.145
1999   39    1960     1.156
1999   40    1959     1.164
1999   41    1958     1.169
1999   42    1957     1.173
1999   43    1956     1.176
1999   44    1955     1.177
1999   45    1954     1.178
1999   46    1953     1.178
1999   47    1952     1.178
1999   48    1951     1.178
1999   49    1950     1.178
1999   50    1949     1.178
1999   51    1948     1.178
1999   52    1947     1.178
1999   53    1946     1.178
1999   54    1945     1.178
1999   55    1944     1.178
2000   12    1988     0.000
2000   13    1987     0.000
2000   14    1986     0.000
2000   15    1985     0.000
2000   16    1984     0.002
2000   17    1983     0.005
2000   18    1982     0.012
2000   19    1981     0.027
2000   20    1980     0.051
2000   21    1979     0.086
2000   22    1978     0.132
2000   23    1977     0.186
2000   24    1976     0.252
2000   25    1975     0.330
2000   26    1974     0.422
2000   27    1973     0.524
2000   28    1972     0.630
2000   29    1971     0.732
2000   30    1970     0.831
2000   31    1969     0.918
2000   32    1968     0.994
2000   33    1967     1.056
2000   34    1966     1.106
2000   35    1965     1.145
2000   36    1964     1.177
2000   37    1963     1.200
2000   38    1962     1.217
2000   39    1961     1.229
2000   40    1960     1.238
2000   41    1959     1.245
2000   42    1958     1.249
2000   43    1957     1.252
2000   44    1956     1.253
2000   45    1955     1.254
2000   46    1954     1.255
2000   47    1953     1.255
2000   48    1952     1.255
2000   49    1951     1.255
2000   50    1950     1.255
2000   51    1949     1.255
2000   52    1948     1.255
2000   53    1947     1.255
2000   54    1946     1.255
2000   55    1945     1.255
2001   12    1989     0.000
2001   13    1988     0.000
2001   14    1987     0.000
2001   15    1986     0.000
2001   16    1985     0.002
2001   17    1984     0.006
2001   18    1983     0.014
2001   19    1982     0.029
2001   20    1981     0.055
2001   21    1980     0.088
2001   22    1979     0.134
2001   23    1978     0.187
2001   24    1977     0.249
2001   25    1976     0.323
2001   26    1975     0.409
2001   27    1974     0.505
2001   28    1973     0.607
2001   29    1972     0.709
2001   30    1971     0.806
2001   31    1970     0.894
2001   32    1969     0.970
2001   33    1968     1.035
2001   34    1967     1.088
2001   35    1966     1.130
2001   36    1965     1.163
2001   37    1964     1.187
2001   38    1963     1.205
2001   39    1962     1.218
2001   40    1961     1.228
2001   41    1960     1.235
2001   42    1959     1.239
2001   43    1958     1.242
2001   44    1957     1.243
2001   45    1956     1.244
2001   46    1955     1.245
2001   47    1954     1.245
2001   48    1953     1.245
2001   49    1952     1.245
2001   50    1951     1.245
2001   51    1950     1.245
2001   52    1949     1.245
2001   53    1948     1.245
2001   54    1947     1.245
2001   55    1946     1.245
2002   12    1990     0.000
2002   13    1989     0.000
2002   14    1988     0.000
2002   15    1987     0.000
2002   16    1986     0.002
2002   17    1985     0.006
2002   18    1984     0.015
2002   19    1983     0.030
2002   20    1982     0.055
2002   21    1981     0.087
2002   22    1980     0.130
2002   23    1979     0.181
2002   24    1978     0.242
2002   25    1977     0.313
2002   26    1976     0.393
2002   27    1975     0.485
2002   28    1974     0.584
2002   29    1973     0.687
2002   30    1972     0.785
2002   31    1971     0.877
2002   32    1970     0.960
2002   33    1969     1.028
2002   34    1968     1.083
2002   35    1967     1.129
2002   36    1966     1.165
2002   37    1965     1.191
2002   38    1964     1.211
2002   39    1963     1.226
2002   40    1962     1.236
2002   41    1961     1.243
2002   42    1960     1.247
2002   43    1959     1.250
2002   44    1958     1.251
2002   45    1957     1.252
2002   46    1956     1.253
2002   47    1955     1.253
2002   48    1954     1.253
2002   49    1953     1.253
2002   50    1952     1.253
2002   51    1951     1.253
2002   52    1950     1.253
2002   53    1949     1.253
2002   54    1948     1.253
2002   55    1947     1.253
2003   12    1991     0.000
2003   13    1990     0.000
2003   14    1989     0.000
2003   15    1988     0.000
2003   16    1987     0.002
2003   17    1986     0.005
2003   18    1985     0.014
2003   19    1984     0.029
2003   20    1983     0.053
2003   21    1982     0.085
2003   22    1981     0.128
2003   23    1980     0.179
2003   24    1979     0.239
2003   25    1978     0.308
2003   26    1977     0.388
2003   27    1976     0.479
2003   28    1975     0.576
2003   29    1974     0.680
2003   30    1973     0.782
2003   31    1972     0.877
2003   32    1971     0.961
2003   33    1970     1.033
2003   34    1969     1.094
2003   35    1968     1.142
2003   36    1967     1.182
2003   37    1966     1.212
2003   38    1965     1.234
2003   39    1964     1.250
2003   40    1963     1.261
2003   41    1962     1.268
2003   42    1961     1.274
2003   43    1960     1.277
2003   44    1959     1.278
2003   45    1958     1.279
2003   46    1957     1.280
2003   47    1956     1.280
2003   48    1955     1.280
2003   49    1954     1.280
2003   50    1953     1.280
2003   51    1952     1.280
2003   52    1951     1.280
2003   53    1950     1.280
2003   54    1949     1.280
2003   55    1948     1.280
2004   12    1992     0.000
2004   13    1991     0.000
2004   14    1990     0.000
2004   15    1989     0.000
2004   16    1988     0.002
2004   17    1987     0.006
2004   18    1986     0.014
2004   19    1985     0.028
2004   20    1984     0.051
2004   21    1983     0.083
2004   22    1982     0.126
2004   23    1981     0.176
2004   24    1980     0.235
2004   25    1979     0.306
2004   26    1978     0.388
2004   27    1977     0.479
2004   28    1976     0.578
2004   29    1975     0.682
2004   30    1974     0.788
2004   31    1973     0.886
2004   32    1972     0.975
2004   33    1971     1.055
2004   34    1970     1.121
2004   35    1969     1.175
2004   36    1968     1.218
2004   37    1967     1.252
2004   38    1966     1.277
2004   39    1965     1.294
2004   40    1964     1.307
2004   41    1963     1.316
2004   42    1962     1.321
2004   43    1961     1.325
2004   44    1960     1.327
2004   45    1959     1.328
2004   46    1958     1.328
2004   47    1957     1.328
2004   48    1956     1.328
2004   49    1955     1.329
2004   50    1954     1.329
2004   51    1953     1.329
2004   52    1952     1.329
2004   53    1951     1.329
2004   54    1950     1.329
2004   55    1949     1.329
2005   12    1993     0.000
2005   13    1992     0.000
2005   14    1991     0.000
2005   15    1990     0.000
2005   16    1989     0.002
2005   17    1988     0.005
2005   18    1987     0.014
2005   19    1986     0.027
2005   20    1985     0.050
2005   21    1984     0.083
2005   22    1983     0.126
2005   23    1982     0.175
2005   24    1981     0.233
2005   25    1980     0.298
2005   26    1979     0.377
2005   27    1978     0.465
2005   28    1977     0.559
2005   29    1976     0.657
2005   30    1975     0.757
2005   31    1974     0.855
2005   32    1973     0.946
2005   33    1972     1.027
2005   34    1971     1.095
2005   35    1970     1.152
2005   36    1969     1.198
2005   37    1968     1.233
2005   38    1967     1.258
2005   39    1966     1.278
2005   40    1965     1.291
2005   41    1964     1.301
2005   42    1963     1.306
2005   43    1962     1.310
2005   44    1961     1.312
2005   45    1960     1.313
2005   46    1959     1.313
2005   47    1958     1.313
2005   48    1957     1.314
2005   49    1956     1.314
2005   50    1955     1.314
2005   51    1954     1.314
2005   52    1953     1.314
2005   53    1952     1.314
2005   54    1951     1.314
2005   55    1950     1.314
2006   12    1994     0.000
2006   13    1993     0.000
2006   14    1992     0.000
2006   15    1991     0.000
2006   16    1990     0.002
2006   17    1989     0.006
2006   18    1988     0.015
2006   19    1987     0.028
2006   20    1986     0.051
2006   21    1985     0.084
2006   22    1984     0.125
2006   23    1983     0.173
2006   24    1982     0.229
2006   25    1981     0.295
2006   26    1980     0.369
2006   27    1979     0.456
2006   28    1978     0.549
2006   29    1977     0.645
2006   30    1976     0.745
2006   31    1975     0.842
2006   32    1974     0.935
2006   33    1973     1.018
2006   34    1972     1.089
2006   35    1971     1.146
2006   36    1970     1.194
2006   37    1969     1.232
2006   38    1968     1.261
2006   39    1967     1.282
2006   40    1966     1.298
2006   41    1965     1.308
2006   42    1964     1.315
2006   43    1963     1.319
2006   44    1962     1.321
2006   45    1961     1.322
2006   46    1960     1.323
2006   47    1959     1.323
2006   48    1958     1.323
2006   49    1957     1.323
2006   50    1956     1.323
2006   51    1955     1.323
2006   52    1954     1.323
2006   53    1953     1.323
2006   54    1952     1.323
2006   55    1951     1.323
2007   12    1995     0.000
2007   13    1994     0.000
2007   14    1993     0.000
2007   15    1992     0.001
2007   16    1991     0.003
2007   17    1990     0.008
2007   18    1989     0.016
2007   19    1988     0.029
2007   20    1987     0.052
2007   21    1986     0.084
2007   22    1985     0.124
2007   23    1984     0.172
2007   24    1983     0.228
2007   25    1982     0.292
2007   26    1981     0.369
2007   27    1980     0.455
2007   28    1979     0.549
2007   29    1978     0.649
2007   30    1977     0.753
2007   31    1976     0.855
2007   32    1975     0.953
2007   33    1974     1.041
2007   34    1973     1.120
2007   35    1972     1.188
2007   36    1971     1.242
2007   37    1970     1.287
2007   38    1969     1.320
2007   39    1968     1.344
2007   40    1967     1.362
2007   41    1966     1.374
2007   42    1965     1.381
2007   43    1964     1.386
2007   44    1963     1.388
2007   45    1962     1.389
2007   46    1961     1.390
2007   47    1960     1.390
2007   48    1959     1.390
2007   49    1958     1.390
2007   50    1957     1.390
2007   51    1956     1.390
2007   52    1955     1.390
2007   53    1954     1.390
2007   54    1953     1.390
2007   55    1952     1.390
2008   12    1996     0.000
2008   13    1995     0.000
2008   14    1994     0.000
2008   15    1993     0.001
2008   16    1992     0.003
2008   17    1991     0.008
2008   18    1990     0.019
2008   19    1989     0.034
2008   20    1988     0.055
2008   21    1987     0.088
2008   22    1986     0.126
2008   23    1985     0.173
2008   24    1984     0.227
2008   25    1983     0.290
2008   26    1982     0.365
2008   27    1981     0.451
2008   28    1980     0.545
2008   29    1979     0.647
2008   30    1978     0.751
2008   31    1977     0.855
2008   32    1976     0.957
2008   33    1975     1.051
2008   34    1974     1.134
2008   35    1973     1.207
2008   36    1972     1.268
2008   37    1971     1.317
2008   38    1970     1.353
2008   39    1969     1.380
2008   40    1968     1.401
2008   41    1967     1.415
2008   42    1966     1.424
2008   43    1965     1.428
2008   44    1964     1.431
2008   45    1963     1.432
2008   46    1962     1.433
2008   47    1961     1.434
2008   48    1960     1.434
2008   49    1959     1.434
2008   50    1958     1.434
2008   51    1957     1.434
2008   52    1956     1.434
2008   53    1955     1.434
2008   54    1954     1.434
2008   55    1953     1.434
2009   12    1997     0.000
2009   13    1996     0.000
2009   14    1995     0.000
2009   15    1994     0.000
2009   16    1993     0.002
2009   17    1992     0.007
2009   18    1991     0.018
2009   19    1990     0.036
2009   20    1989     0.059
2009   21    1988     0.087
2009   22    1987     0.124
2009   23    1986     0.168
2009   24    1985     0.221
2009   25    1984     0.283
2009   26    1983     0.356
2009   27    1982     0.439
2009   28    1981     0.534
2009   29    1980     0.632
2009   30    1979     0.734
2009   31    1978     0.836
2009   32    1977     0.936
2009   33    1976     1.029
2009   34    1975     1.114
2009   35    1974     1.188
2009   36    1973     1.251
2009   37    1972     1.303
2009   38    1971     1.341
2009   39    1970     1.371
2009   40    1969     1.392
2009   41    1968     1.407
2009   42    1967     1.417
2009   43    1966     1.423
2009   44    1965     1.426
2009   45    1964     1.428
2009   46    1963     1.428
2009   47    1962     1.429
2009   48    1961     1.429
2009   49    1960     1.429
2009   50    1959     1.429
2009   51    1958     1.429
2009   52    1957     1.429
2009   53    1956     1.429
2009   54    1955     1.429
2009   55    1954     1.429
2010   12    1998     0.000
2010   13    1997     0.000
2010   14    1996     0.000
2010   15    1995     0.000
2010   16    1994     0.002
2010   17    1993     0.008
2010   18    1992     0.019
2010   19    1991     0.039
2010   20    1990     0.067
2010   21    1989     0.096
2010   22    1988     0.133
2010   23    1987     0.177
2010   24    1986     0.227
2010   25    1985     0.289
2010   26    1984     0.366
2010   27    1983     0.453
2010   28    1982     0.549
2010   29    1981     0.652
2010   30    1980     0.756
2010   31    1979     0.861
2010   32    1978     0.964
2010   33    1977     1.060
2010   34    1976     1.147
2010   35    1975     1.226
2010   36    1974     1.292
2010   37    1973     1.348
2010   38    1972     1.392
2010   39    1971     1.422
2010   40    1970     1.445
2010   41    1969     1.462
2010   42    1968     1.473
2010   43    1967     1.479
2010   44    1966     1.482
2010   45    1965     1.484
2010   46    1964     1.485
2010   47    1963     1.485
2010   48    1962     1.485
2010   49    1961     1.486
2010   50    1960     1.486
2010   51    1959     1.486
2010   52    1958     1.486
2010   53    1957     1.486
2010   54    1956     1.486
2010   55    1955     1.486
2011   12    1999     0.000
2011   13    1998     0.000
2011   14    1997     0.000
2011   15    1996     0.000
2011   16    1995     0.002
2011   17    1994     0.007
2011   18    1993     0.017
2011   19    1992     0.036
2011   20    1991     0.065
2011   21    1990     0.100
2011   22    1989     0.136
2011   23    1988     0.176
2011   24    1987     0.225
2011   25    1986     0.283
2011   26    1985     0.356
2011   27    1984     0.440
2011   28    1983     0.531
2011   29    1982     0.632
2011   30    1981     0.733
2011   31    1980     0.838
2011   32    1979     0.937
2011   33    1978     1.032
2011   34    1977     1.117
2011   35    1976     1.194
2011   36    1975     1.260
2011   37    1974     1.316
2011   38    1973     1.361
2011   39    1972     1.394
2011   40    1971     1.419
2011   41    1970     1.436
2011   42    1969     1.447
2011   43    1968     1.453
2011   44    1967     1.457
2011   45    1966     1.459
2011   46    1965     1.460
2011   47    1964     1.460
2011   48    1963     1.461
2011   49    1962     1.461
2011   50    1961     1.461
2011   51    1960     1.461
2011   52    1959     1.461
2011   53    1958     1.461
2011   54    1957     1.461
2011   55    1956     1.461
2012   12    2000     0.000
2012   13    1999     0.000
2012   14    1998     0.000
2012   15    1997     0.000
2012   16    1996     0.002
2012   17    1995     0.006
2012   18    1994     0.016
2012   19    1993     0.033
2012   20    1992     0.059
2012   21    1991     0.098
2012   22    1990     0.138
2012   23    1989     0.179
2012   24    1988     0.226
2012   25    1987     0.285
2012   26    1986     0.356
2012   27    1985     0.442
2012   28    1984     0.537
2012   29    1983     0.637
2012   30    1982     0.740
2012   31    1981     0.845
2012   32    1980     0.946
2012   33    1979     1.042
2012   34    1978     1.129
2012   35    1977     1.206
2012   36    1976     1.273
2012   37    1975     1.332
2012   38    1974     1.379
2012   39    1973     1.415
2012   40    1972     1.441
2012   41    1971     1.459
2012   42    1970     1.471
2012   43    1969     1.479
2012   44    1968     1.483
2012   45    1967     1.485
2012   46    1966     1.486
2012   47    1965     1.487
2012   48    1964     1.487
2012   49    1963     1.487
2012   50    1962     1.487
2012   51    1961     1.487
2012   52    1960     1.487
2012   53    1959     1.487
2012   54    1958     1.487
2012   55    1957     1.487
2013   12    2001     0.000
2013   13    2000     0.000
2013   14    1999     0.000
2013   15    1998     0.000
2013   16    1997     0.002
2013   17    1996     0.005
2013   18    1995     0.014
2013   19    1994     0.031
2013   20    1993     0.057
2013   21    1992     0.091
2013   22    1991     0.133
2013   23    1990     0.177
2013   24    1989     0.224
2013   25    1988     0.281
2013   26    1987     0.353
2013   27    1986     0.436
2013   28    1985     0.531
2013   29    1984     0.631
2013   30    1983     0.737
2013   31    1982     0.841
2013   32    1981     0.944
2013   33    1980     1.040
2013   34    1979     1.127
2013   35    1978     1.203
2013   36    1977     1.272
2013   37    1976     1.332
2013   38    1975     1.379
2013   39    1974     1.417
2013   40    1973     1.443
2013   41    1972     1.464
2013   42    1971     1.477
2013   43    1970     1.484
2013   44    1969     1.488
2013   45    1968     1.491
2013   46    1967     1.492
2013   47    1966     1.492
2013   48    1965     1.493
2013   49    1964     1.493
2013   50    1963     1.493
2013   51    1962     1.493
2013   52    1961     1.493
2013   53    1960     1.493
2013   54    1959     1.493
2013   55    1958     1.493
2014   12    2002     0.000
2014   13    2001     0.000
2014   14    2000     0.000
2014   15    1999     0.000
2014   16    1998     0.002
2014   17    1997     0.006
2014   18    1996     0.015
2014   19    1995     0.031
2014   20    1994     0.056
2014   21    1993     0.089
2014   22    1992     0.127
2014   23    1991     0.174
2014   24    1990     0.225
2014   25    1989     0.283
2014   26    1988     0.354
2014   27    1987     0.440
2014   28    1986     0.536
2014   29    1985     0.639
2014   30    1984     0.748
2014   31    1983     0.856
2014   32    1982     0.963
2014   33    1981     1.065
2014   34    1980     1.156
2014   35    1979     1.237
2014   36    1978     1.309
2014   37    1977     1.370
2014   38    1976     1.420
2014   39    1975     1.460
2014   40    1974     1.491
2014   41    1973     1.513
2014   42    1972     1.527
2014   43    1971     1.535
2014   44    1970     1.540
2014   45    1969     1.542
2014   46    1968     1.543
2014   47    1967     1.544
2014   48    1966     1.544
2014   49    1965     1.544
2014   50    1964     1.544
2014   51    1963     1.544
2014   52    1962     1.544
2014   53    1961     1.544
2014   54    1960     1.544
2014   55    1959     1.544
2015   12    2003     0.000
2015   13    2002     0.000
2015   14    2001     0.000
2015   15    2000     0.000
2015   16    1999     0.002
2015   17    1998     0.006
2015   18    1997     0.014
2015   19    1996     0.030
2015   20    1995     0.054
2015   21    1994     0.087
2015   22    1993     0.125
2015   23    1992     0.169
2015   24    1991     0.222
2015   25    1990     0.282
2015   26    1989     0.353
2015   27    1988     0.440
2015   28    1987     0.536
2015   29    1986     0.641
2015   30    1985     0.752
2015   31    1984     0.862
2015   32    1983     0.969
2015   33    1982     1.070
2015   34    1981     1.163
2015   35    1980     1.246
2015   36    1979     1.320
2015   37    1978     1.383
2015   38    1977     1.433
2015   39    1976     1.473
2015   40    1975     1.504
2015   41    1974     1.527
2015   42    1973     1.542
2015   43    1972     1.552
2015   44    1971     1.556
2015   45    1970     1.559
2015   46    1969     1.560
2015   47    1968     1.561
2015   48    1967     1.561
2015   49    1966     1.561
2015   50    1965     1.561
2015   51    1964     1.561
2015   52    1963     1.561
2015   53    1962     1.561
2015   54    1961     1.561
2015   55    1960     1.561
2016   12    2004     0.000
2016   13    2003     0.000
2016   14    2002     0.000
2016   15    2001     0.000
2016   16    2000     0.002
2016   17    1999     0.006
2016   18    1998     0.016
2016   19    1997     0.032
2016   20    1996     0.057
2016   21    1995     0.093
2016   22    1994     0.135
2016   23    1993     0.184
2016   24    1992     0.239
2016   25    1991     0.306
2016   26    1990     0.385
2016   27    1989     0.472
2016   28    1988     0.572
2016   29    1987     0.682
2016   30    1986     0.796
2016   31    1985     0.910
2016   32    1984     1.022
2016   33    1983     1.125
2016   34    1982     1.222
2016   35    1981     1.309
2016   36    1980     1.386
2016   37    1979     1.452
2016   38    1978     1.506
2016   39    1977     1.548
2016   40    1976     1.581
2016   41    1975     1.606
2016   42    1974     1.623
2016   43    1973     1.633
2016   44    1972     1.639
2016   45    1971     1.642
2016   46    1970     1.643
2016   47    1969     1.644
2016   48    1968     1.644
2016   49    1967     1.645
2016   50    1966     1.645
2016   51    1965     1.645
2016   52    1964     1.645
2016   53    1963     1.645
2016   54    1962     1.645
2016   55    1961     1.645
2017   12    2005     0.000
2017   13    2004     0.000
2017   14    2003     0.000
2017   15    2002     0.000
2017   16    2001     0.002
2017   17    2000     0.006
2017   18    1999     0.013
2017   19    1998     0.027
2017   20    1997     0.050
2017   21    1996     0.079
2017   22    1995     0.116
2017   23    1994     0.161
2017   24    1993     0.212
2017   25    1992     0.276
2017   26    1991     0.351
2017   27    1990     0.439
2017   28    1989     0.539
2017   29    1988     0.647
2017   30    1987     0.762
2017   31    1986     0.876
2017   32    1985     0.990
2017   33    1984     1.094
2017   34    1983     1.191
2017   35    1982     1.277
2017   36    1981     1.352
2017   37    1980     1.418
2017   38    1979     1.471
2017   39    1978     1.515
2017   40    1977     1.549
2017   41    1976     1.574
2017   42    1975     1.591
2017   43    1974     1.602
2017   44    1973     1.608
2017   45    1972     1.611
2017   46    1971     1.613
2017   47    1970     1.614
2017   48    1969     1.614
2017   49    1968     1.614
2017   50    1967     1.614
2017   51    1966     1.614
2017   52    1965     1.614
2017   53    1964     1.614
2017   54    1963     1.614
2017   55    1962     1.614
