West Germany, Cumulative period fertility rates (Lexis squares)
Last modified: 04/02/2019
Year    Age     CPFR
1956    12     0.000
1956    13     0.000
1956    14     0.000
1956    15     0.000
1956    16     0.001
1956    17     0.007
1956    18     0.023
1956    19     0.062
1956    20     0.127
1956    21     0.217
1956    22     0.329
1956    23     0.460
1956    24     0.602
1956    25     0.749
1956    26     0.895
1956    27     1.038
1956    28     1.176
1956    29     1.307
1956    30     1.430
1956    31     1.541
1956    32     1.642
1956    33     1.736
1956    34     1.818
1956    35     1.890
1956    36     1.952
1956    37     2.006
1956    38     2.052
1956    39     2.090
1956    40     2.120
1956    41     2.144
1956    42     2.162
1956    43     2.174
1956    44     2.182
1956    45     2.187
1956    46     2.190
1956    47     2.191
1956    48     2.191
1956    49     2.192
1956    50     2.192
1956    51     2.192
1956    52     2.192
1956    53     2.192
1956    54     2.192
1956    55     2.192
1957    12     0.000
1957    13     0.000
1957    14     0.000
1957    15     0.000
1957    16     0.002
1957    17     0.007
1957    18     0.026
1957    19     0.066
1957    20     0.132
1957    21     0.226
1957    22     0.342
1957    23     0.479
1957    24     0.628
1957    25     0.785
1957    26     0.942
1957    27     1.094
1957    28     1.238
1957    29     1.375
1957    30     1.501
1957    31     1.617
1957    32     1.720
1957    33     1.814
1957    34     1.899
1957    35     1.974
1957    36     2.039
1957    37     2.093
1957    38     2.140
1957    39     2.178
1957    40     2.209
1957    41     2.233
1957    42     2.250
1957    43     2.262
1957    44     2.271
1957    45     2.275
1957    46     2.278
1957    47     2.279
1957    48     2.280
1957    49     2.280
1957    50     2.280
1957    51     2.280
1957    52     2.280
1957    53     2.280
1957    54     2.280
1957    55     2.280
1958    12     0.000
1958    13     0.000
1958    14     0.000
1958    15     0.000
1958    16     0.002
1958    17     0.008
1958    18     0.026
1958    19     0.066
1958    20     0.131
1958    21     0.222
1958    22     0.339
1958    23     0.477
1958    24     0.628
1958    25     0.788
1958    26     0.947
1958    27     1.103
1958    28     1.251
1958    29     1.389
1958    30     1.517
1958    31     1.633
1958    32     1.739
1958    33     1.832
1958    34     1.915
1958    35     1.990
1958    36     2.055
1958    37     2.109
1958    38     2.154
1958    39     2.192
1958    40     2.222
1958    41     2.245
1958    42     2.262
1958    43     2.273
1958    44     2.281
1958    45     2.285
1958    46     2.287
1958    47     2.289
1958    48     2.289
1958    49     2.289
1958    50     2.289
1958    51     2.289
1958    52     2.289
1958    53     2.289
1958    54     2.289
1958    55     2.289
1959    12     0.000
1959    13     0.000
1959    14     0.000
1959    15     0.000
1959    16     0.002
1959    17     0.009
1959    18     0.030
1959    19     0.073
1959    20     0.144
1959    21     0.240
1959    22     0.361
1959    23     0.504
1959    24     0.660
1959    25     0.824
1959    26     0.991
1959    27     1.154
1959    28     1.308
1959    29     1.451
1959    30     1.581
1959    31     1.700
1959    32     1.807
1959    33     1.903
1959    34     1.986
1959    35     2.060
1959    36     2.126
1959    37     2.183
1959    38     2.230
1959    39     2.269
1959    40     2.299
1959    41     2.324
1959    42     2.341
1959    43     2.353
1959    44     2.360
1959    45     2.364
1959    46     2.366
1959    47     2.367
1959    48     2.368
1959    49     2.368
1959    50     2.368
1959    51     2.368
1959    52     2.368
1959    53     2.368
1959    54     2.368
1959    55     2.368
1960    12     0.000
1960    13     0.000
1960    14     0.000
1960    15     0.001
1960    16     0.003
1960    17     0.011
1960    18     0.033
1960    19     0.079
1960    20     0.152
1960    21     0.250
1960    22     0.370
1960    23     0.511
1960    24     0.667
1960    25     0.832
1960    26     0.999
1960    27     1.162
1960    28     1.316
1960    29     1.461
1960    30     1.592
1960    31     1.711
1960    32     1.819
1960    33     1.914
1960    34     1.998
1960    35     2.070
1960    36     2.134
1960    37     2.189
1960    38     2.236
1960    39     2.275
1960    40     2.305
1960    41     2.328
1960    42     2.345
1960    43     2.357
1960    44     2.364
1960    45     2.368
1960    46     2.370
1960    47     2.371
1960    48     2.372
1960    49     2.372
1960    50     2.372
1960    51     2.372
1960    52     2.372
1960    53     2.372
1960    54     2.372
1960    55     2.372
1961    12     0.000
1961    13     0.000
1961    14     0.000
1961    15     0.001
1961    16     0.003
1961    17     0.014
1961    18     0.040
1961    19     0.089
1961    20     0.168
1961    21     0.273
1961    22     0.402
1961    23     0.550
1961    24     0.712
1961    25     0.880
1961    26     1.051
1961    27     1.218
1961    28     1.379
1961    29     1.527
1961    30     1.663
1961    31     1.784
1961    32     1.892
1961    33     1.988
1961    34     2.073
1961    35     2.146
1961    36     2.210
1961    37     2.265
1961    38     2.312
1961    39     2.351
1961    40     2.381
1961    41     2.405
1961    42     2.422
1961    43     2.433
1961    44     2.440
1961    45     2.445
1961    46     2.447
1961    47     2.448
1961    48     2.448
1961    49     2.448
1961    50     2.448
1961    51     2.448
1961    52     2.448
1961    53     2.448
1961    54     2.448
1961    55     2.448
1962    12     0.000
1962    13     0.000
1962    14     0.000
1962    15     0.001
1962    16     0.003
1962    17     0.014
1962    18     0.044
1962    19     0.096
1962    20     0.177
1962    21     0.284
1962    22     0.415
1962    23     0.567
1962    24     0.731
1962    25     0.902
1962    26     1.072
1962    27     1.239
1962    28     1.396
1962    29     1.544
1962    30     1.678
1962    31     1.799
1962    32     1.905
1962    33     1.999
1962    34     2.081
1962    35     2.153
1962    36     2.214
1962    37     2.267
1962    38     2.312
1962    39     2.349
1962    40     2.378
1962    41     2.401
1962    42     2.417
1962    43     2.428
1962    44     2.436
1962    45     2.440
1962    46     2.442
1962    47     2.443
1962    48     2.443
1962    49     2.443
1962    50     2.443
1962    51     2.443
1962    52     2.443
1962    53     2.443
1962    54     2.443
1962    55     2.443
1963    12     0.000
1963    13     0.000
1963    14     0.000
1963    15     0.001
1963    16     0.003
1963    17     0.015
1963    18     0.047
1963    19     0.109
1963    20     0.196
1963    21     0.307
1963    22     0.442
1963    23     0.598
1963    24     0.767
1963    25     0.942
1963    26     1.118
1963    27     1.289
1963    28     1.450
1963    29     1.600
1963    30     1.738
1963    31     1.862
1963    32     1.973
1963    33     2.069
1963    34     2.153
1963    35     2.226
1963    36     2.289
1963    37     2.343
1963    38     2.388
1963    39     2.425
1963    40     2.454
1963    41     2.478
1963    42     2.494
1963    43     2.505
1963    44     2.512
1963    45     2.517
1963    46     2.519
1963    47     2.520
1963    48     2.520
1963    49     2.520
1963    50     2.520
1963    51     2.520
1963    52     2.520
1963    53     2.520
1963    54     2.520
1963    55     2.520
1964    12     0.000
1964    13     0.000
1964    14     0.000
1964    15     0.001
1964    16     0.003
1964    17     0.014
1964    18     0.049
1964    19     0.115
1964    20     0.211
1964    21     0.328
1964    22     0.464
1964    23     0.621
1964    24     0.790
1964    25     0.966
1964    26     1.142
1964    27     1.314
1964    28     1.476
1964    29     1.625
1964    30     1.763
1964    31     1.888
1964    32     1.999
1964    33     2.098
1964    34     2.183
1964    35     2.257
1964    36     2.320
1964    37     2.374
1964    38     2.419
1964    39     2.456
1964    40     2.485
1964    41     2.508
1964    42     2.525
1964    43     2.536
1964    44     2.543
1964    45     2.547
1964    46     2.550
1964    47     2.551
1964    48     2.551
1964    49     2.551
1964    50     2.551
1964    51     2.551
1964    52     2.551
1964    53     2.551
1964    54     2.551
1964    55     2.551
1965    12     0.000
1965    13     0.000
1965    14     0.000
1965    15     0.001
1965    16     0.003
1965    17     0.015
1965    18     0.049
1965    19     0.118
1965    20     0.218
1965    21     0.342
1965    22     0.482
1965    23     0.636
1965    24     0.799
1965    25     0.969
1965    26     1.141
1965    27     1.308
1965    28     1.467
1965    29     1.613
1965    30     1.746
1965    31     1.867
1965    32     1.975
1965    33     2.071
1965    34     2.154
1965    35     2.225
1965    36     2.286
1965    37     2.338
1965    38     2.381
1965    39     2.417
1965    40     2.445
1965    41     2.467
1965    42     2.483
1965    43     2.494
1965    44     2.501
1965    45     2.505
1965    46     2.507
1965    47     2.508
1965    48     2.509
1965    49     2.509
1965    50     2.509
1965    51     2.509
1965    52     2.509
1965    53     2.509
1965    54     2.509
1965    55     2.509
1966    12     0.000
1966    13     0.000
1966    14     0.000
1966    15     0.000
1966    16     0.003
1966    17     0.015
1966    18     0.051
1966    19     0.122
1966    20     0.231
1966    21     0.365
1966    22     0.514
1966    23     0.673
1966    24     0.838
1966    25     1.008
1966    26     1.178
1966    27     1.345
1966    28     1.503
1966    29     1.650
1966    30     1.783
1966    31     1.902
1966    32     2.009
1966    33     2.104
1966    34     2.186
1966    35     2.257
1966    36     2.318
1966    37     2.370
1966    38     2.412
1966    39     2.447
1966    40     2.474
1966    41     2.495
1966    42     2.511
1966    43     2.521
1966    44     2.528
1966    45     2.532
1966    46     2.534
1966    47     2.535
1966    48     2.535
1966    49     2.535
1966    50     2.535
1966    51     2.535
1966    52     2.535
1966    53     2.535
1966    54     2.535
1966    55     2.535
1967    12     0.000
1967    13     0.000
1967    14     0.000
1967    15     0.000
1967    16     0.003
1967    17     0.015
1967    18     0.051
1967    19     0.123
1967    20     0.232
1967    21     0.370
1967    22     0.526
1967    23     0.688
1967    24     0.851
1967    25     1.016
1967    26     1.179
1967    27     1.338
1967    28     1.490
1967    29     1.632
1967    30     1.762
1967    31     1.877
1967    32     1.979
1967    33     2.069
1967    34     2.150
1967    35     2.220
1967    36     2.279
1967    37     2.329
1967    38     2.370
1967    39     2.404
1967    40     2.430
1967    41     2.451
1967    42     2.465
1967    43     2.475
1967    44     2.481
1967    45     2.485
1967    46     2.487
1967    47     2.488
1967    48     2.488
1967    49     2.488
1967    50     2.488
1967    51     2.488
1967    52     2.488
1967    53     2.488
1967    54     2.488
1967    55     2.488
1968    12     0.000
1968    13     0.000
1968    14     0.000
1968    15     0.001
1968    16     0.003
1968    17     0.016
1968    18     0.053
1968    19     0.125
1968    20     0.233
1968    21     0.368
1968    22     0.521
1968    23     0.679
1968    24     0.834
1968    25     0.989
1968    26     1.142
1968    27     1.291
1968    28     1.433
1968    29     1.567
1968    30     1.690
1968    31     1.800
1968    32     1.897
1968    33     1.982
1968    34     2.057
1968    35     2.124
1968    36     2.182
1968    37     2.231
1968    38     2.271
1968    39     2.304
1968    40     2.330
1968    41     2.349
1968    42     2.364
1968    43     2.373
1968    44     2.379
1968    45     2.383
1968    46     2.385
1968    47     2.386
1968    48     2.386
1968    49     2.386
1968    50     2.386
1968    51     2.386
1968    52     2.386
1968    53     2.386
1968    54     2.386
1968    55     2.386
1969    12     0.000
1969    13     0.000
1969    14     0.000
1969    15     0.001
1969    16     0.003
1969    17     0.017
1969    18     0.056
1969    19     0.130
1969    20     0.234
1969    21     0.361
1969    22     0.499
1969    23     0.644
1969    24     0.786
1969    25     0.925
1969    26     1.063
1969    27     1.197
1969    28     1.325
1969    29     1.446
1969    30     1.559
1969    31     1.661
1969    32     1.752
1969    33     1.833
1969    34     1.903
1969    35     1.964
1969    36     2.019
1969    37     2.065
1969    38     2.104
1969    39     2.135
1969    40     2.159
1969    41     2.178
1969    42     2.191
1969    43     2.200
1969    44     2.206
1969    45     2.210
1969    46     2.211
1969    47     2.212
1969    48     2.212
1969    49     2.212
1969    50     2.213
1969    51     2.213
1969    52     2.213
1969    53     2.213
1969    54     2.213
1969    55     2.213
1970    12     0.000
1970    13     0.000
1970    14     0.000
1970    15     0.001
1970    16     0.004
1970    17     0.018
1970    18     0.059
1970    19     0.131
1970    20     0.230
1970    21     0.345
1970    22     0.469
1970    23     0.598
1970    24     0.727
1970    25     0.853
1970    26     0.974
1970    27     1.093
1970    28     1.206
1970    29     1.312
1970    30     1.410
1970    31     1.500
1970    32     1.580
1970    33     1.650
1970    34     1.711
1970    35     1.765
1970    36     1.813
1970    37     1.855
1970    38     1.890
1970    39     1.919
1970    40     1.941
1970    41     1.959
1970    42     1.971
1970    43     1.980
1970    44     1.985
1970    45     1.988
1970    46     1.989
1970    47     1.990
1970    48     1.990
1970    49     1.991
1970    50     1.991
1970    51     1.991
1970    52     1.991
1970    53     1.991
1970    54     1.991
1970    55     1.991
1971    12     0.000
1971    13     0.000
1971    14     0.000
1971    15     0.001
1971    16     0.004
1971    17     0.021
1971    18     0.063
1971    19     0.134
1971    20     0.228
1971    21     0.337
1971    22     0.458
1971    23     0.584
1971    24     0.711
1971    25     0.838
1971    26     0.961
1971    27     1.076
1971    28     1.186
1971    29     1.287
1971    30     1.380
1971    31     1.463
1971    32     1.537
1971    33     1.602
1971    34     1.659
1971    35     1.709
1971    36     1.753
1971    37     1.790
1971    38     1.823
1971    39     1.850
1971    40     1.872
1971    41     1.888
1971    42     1.900
1971    43     1.908
1971    44     1.914
1971    45     1.917
1971    46     1.918
1971    47     1.919
1971    48     1.919
1971    49     1.919
1971    50     1.919
1971    51     1.919
1971    52     1.919
1971    53     1.919
1971    54     1.919
1971    55     1.919
1972    12     0.000
1972    13     0.000
1972    14     0.000
1972    15     0.001
1972    16     0.005
1972    17     0.020
1972    18     0.059
1972    19     0.121
1972    20     0.202
1972    21     0.297
1972    22     0.402
1972    23     0.515
1972    24     0.631
1972    25     0.747
1972    26     0.860
1972    27     0.967
1972    28     1.066
1972    29     1.158
1972    30     1.243
1972    31     1.317
1972    32     1.382
1972    33     1.440
1972    34     1.490
1972    35     1.534
1972    36     1.571
1972    37     1.603
1972    38     1.631
1972    39     1.654
1972    40     1.674
1972    41     1.689
1972    42     1.699
1972    43     1.706
1972    44     1.711
1972    45     1.713
1972    46     1.714
1972    47     1.715
1972    48     1.715
1972    49     1.716
1972    50     1.716
1972    51     1.716
1972    52     1.716
1972    53     1.716
1972    54     1.716
1972    55     1.716
1973    12     0.000
1973    13     0.000
1973    14     0.000
1973    15     0.001
1973    16     0.004
1973    17     0.018
1973    18     0.051
1973    19     0.104
1973    20     0.173
1973    21     0.254
1973    22     0.346
1973    23     0.447
1973    24     0.554
1973    25     0.662
1973    26     0.768
1973    27     0.869
1973    28     0.962
1973    29     1.046
1973    30     1.123
1973    31     1.191
1973    32     1.250
1973    33     1.300
1973    34     1.344
1973    35     1.383
1973    36     1.416
1973    37     1.444
1973    38     1.468
1973    39     1.488
1973    40     1.505
1973    41     1.518
1973    42     1.527
1973    43     1.533
1973    44     1.537
1973    45     1.540
1973    46     1.541
1973    47     1.541
1973    48     1.541
1973    49     1.542
1973    50     1.542
1973    51     1.542
1973    52     1.542
1973    53     1.542
1973    54     1.542
1973    55     1.542
1974    12     0.000
1974    13     0.000
1974    14     0.000
1974    15     0.001
1974    16     0.004
1974    17     0.016
1974    18     0.046
1974    19     0.096
1974    20     0.161
1974    21     0.239
1974    22     0.329
1974    23     0.428
1974    24     0.535
1974    25     0.646
1974    26     0.755
1974    27     0.858
1974    28     0.955
1974    29     1.041
1974    30     1.117
1974    31     1.184
1974    32     1.243
1974    33     1.292
1974    34     1.334
1974    35     1.369
1974    36     1.399
1974    37     1.425
1974    38     1.446
1974    39     1.463
1974    40     1.477
1974    41     1.489
1974    42     1.497
1974    43     1.503
1974    44     1.507
1974    45     1.509
1974    46     1.510
1974    47     1.510
1974    48     1.511
1974    49     1.511
1974    50     1.511
1974    51     1.511
1974    52     1.511
1974    53     1.511
1974    54     1.511
1974    55     1.511
1975    12     0.000
1975    13     0.000
1975    14     0.000
1975    15     0.001
1975    16     0.003
1975    17     0.014
1975    18     0.038
1975    19     0.081
1975    20     0.141
1975    21     0.213
1975    22     0.297
1975    23     0.392
1975    24     0.494
1975    25     0.602
1975    26     0.712
1975    27     0.816
1975    28     0.912
1975    29     1.000
1975    30     1.077
1975    31     1.144
1975    32     1.201
1975    33     1.250
1975    34     1.290
1975    35     1.324
1975    36     1.352
1975    37     1.375
1975    38     1.394
1975    39     1.409
1975    40     1.421
1975    41     1.431
1975    42     1.438
1975    43     1.443
1975    44     1.446
1975    45     1.448
1975    46     1.449
1975    47     1.450
1975    48     1.450
1975    49     1.450
1975    50     1.450
1975    51     1.450
1975    52     1.450
1975    53     1.450
1975    54     1.450
1975    55     1.450
1976    12     0.000
1976    13     0.000
1976    14     0.000
1976    15     0.001
1976    16     0.003
1976    17     0.012
1976    18     0.035
1976    19     0.075
1976    20     0.132
1976    21     0.205
1976    22     0.289
1976    23     0.383
1976    24     0.487
1976    25     0.596
1976    26     0.706
1976    27     0.815
1976    28     0.916
1976    29     1.007
1976    30     1.088
1976    31     1.158
1976    32     1.216
1976    33     1.265
1976    34     1.306
1976    35     1.340
1976    36     1.366
1976    37     1.388
1976    38     1.406
1976    39     1.421
1976    40     1.432
1976    41     1.440
1976    42     1.447
1976    43     1.451
1976    44     1.454
1976    45     1.456
1976    46     1.457
1976    47     1.457
1976    48     1.457
1976    49     1.457
1976    50     1.457
1976    51     1.457
1976    52     1.457
1976    53     1.457
1976    54     1.457
1976    55     1.457
1977    12     0.000
1977    13     0.000
1977    14     0.000
1977    15     0.000
1977    16     0.002
1977    17     0.011
1977    18     0.031
1977    19     0.067
1977    20     0.119
1977    21     0.186
1977    22     0.267
1977    23     0.356
1977    24     0.454
1977    25     0.559
1977    26     0.666
1977    27     0.773
1977    28     0.874
1977    29     0.966
1977    30     1.047
1977    31     1.117
1977    32     1.176
1977    33     1.223
1977    34     1.263
1977    35     1.296
1977    36     1.321
1977    37     1.342
1977    38     1.358
1977    39     1.371
1977    40     1.381
1977    41     1.388
1977    42     1.393
1977    43     1.397
1977    44     1.400
1977    45     1.401
1977    46     1.402
1977    47     1.403
1977    48     1.403
1977    49     1.403
1977    50     1.403
1977    51     1.403
1977    52     1.403
1977    53     1.403
1977    54     1.403
1977    55     1.403
1978    12     0.000
1978    13     0.000
1978    14     0.000
1978    15     0.000
1978    16     0.002
1978    17     0.009
1978    18     0.027
1978    19     0.061
1978    20     0.110
1978    21     0.173
1978    22     0.249
1978    23     0.337
1978    24     0.433
1978    25     0.536
1978    26     0.642
1978    27     0.748
1978    28     0.849
1978    29     0.943
1978    30     1.026
1978    31     1.098
1978    32     1.157
1978    33     1.207
1978    34     1.246
1978    35     1.278
1978    36     1.304
1978    37     1.324
1978    38     1.339
1978    39     1.351
1978    40     1.360
1978    41     1.367
1978    42     1.371
1978    43     1.374
1978    44     1.376
1978    45     1.378
1978    46     1.378
1978    47     1.379
1978    48     1.379
1978    49     1.379
1978    50     1.379
1978    51     1.379
1978    52     1.379
1978    53     1.379
1978    54     1.379
1978    55     1.379
1979    12     0.000
1979    13     0.000
1979    14     0.000
1979    15     0.000
1979    16     0.002
1979    17     0.009
1979    18     0.026
1979    19     0.056
1979    20     0.103
1979    21     0.164
1979    22     0.236
1979    23     0.321
1979    24     0.416
1979    25     0.519
1979    26     0.625
1979    27     0.731
1979    28     0.834
1979    29     0.929
1979    30     1.016
1979    31     1.091
1979    32     1.153
1979    33     1.204
1979    34     1.245
1979    35     1.278
1979    36     1.304
1979    37     1.324
1979    38     1.340
1979    39     1.351
1979    40     1.360
1979    41     1.366
1979    42     1.371
1979    43     1.373
1979    44     1.375
1979    45     1.376
1979    46     1.377
1979    47     1.377
1979    48     1.377
1979    49     1.377
1979    50     1.377
1979    51     1.378
1979    52     1.378
1979    53     1.378
1979    54     1.378
1979    55     1.378
1980    12     0.000
1980    13     0.000
1980    14     0.000
1980    15     0.000
1980    16     0.002
1980    17     0.009
1980    18     0.025
1980    19     0.055
1980    20     0.103
1980    21     0.166
1980    22     0.241
1980    23     0.329
1980    24     0.428
1980    25     0.537
1980    26     0.649
1980    27     0.761
1980    28     0.869
1980    29     0.970
1980    30     1.061
1980    31     1.140
1980    32     1.207
1980    33     1.262
1980    34     1.306
1980    35     1.343
1980    36     1.371
1980    37     1.393
1980    38     1.410
1980    39     1.422
1980    40     1.430
1980    41     1.437
1980    42     1.441
1980    43     1.444
1980    44     1.445
1980    45     1.446
1980    46     1.447
1980    47     1.447
1980    48     1.448
1980    49     1.448
1980    50     1.448
1980    51     1.448
1980    52     1.448
1980    53     1.448
1980    54     1.448
1980    55     1.448
1981    12     0.000
1981    13     0.000
1981    14     0.000
1981    15     0.000
1981    16     0.002
1981    17     0.008
1981    18     0.022
1981    19     0.050
1981    20     0.094
1981    21     0.153
1981    22     0.227
1981    23     0.313
1981    24     0.409
1981    25     0.516
1981    26     0.628
1981    27     0.739
1981    28     0.845
1981    29     0.946
1981    30     1.038
1981    31     1.118
1981    32     1.187
1981    33     1.245
1981    34     1.290
1981    35     1.327
1981    36     1.357
1981    37     1.379
1981    38     1.396
1981    39     1.408
1981    40     1.417
1981    41     1.423
1981    42     1.428
1981    43     1.430
1981    44     1.432
1981    45     1.433
1981    46     1.433
1981    47     1.434
1981    48     1.434
1981    49     1.434
1981    50     1.434
1981    51     1.434
1981    52     1.434
1981    53     1.434
1981    54     1.434
1981    55     1.434
1982    12     0.000
1982    13     0.000
1982    14     0.000
1982    15     0.000
1982    16     0.002
1982    17     0.007
1982    18     0.019
1982    19     0.044
1982    20     0.083
1982    21     0.138
1982    22     0.208
1982    23     0.291
1982    24     0.385
1982    25     0.490
1982    26     0.600
1982    27     0.711
1982    28     0.818
1982    29     0.919
1982    30     1.010
1982    31     1.091
1982    32     1.160
1982    33     1.217
1982    34     1.263
1982    35     1.300
1982    36     1.329
1982    37     1.352
1982    38     1.369
1982    39     1.381
1982    40     1.390
1982    41     1.396
1982    42     1.400
1982    43     1.403
1982    44     1.405
1982    45     1.406
1982    46     1.406
1982    47     1.406
1982    48     1.406
1982    49     1.407
1982    50     1.407
1982    51     1.407
1982    52     1.407
1982    53     1.407
1982    54     1.407
1982    55     1.407
1983    12     0.000
1983    13     0.000
1983    14     0.000
1983    15     0.000
1983    16     0.001
1983    17     0.006
1983    18     0.016
1983    19     0.036
1983    20     0.069
1983    21     0.116
1983    22     0.178
1983    23     0.254
1983    24     0.343
1983    25     0.442
1983    26     0.548
1983    27     0.655
1983    28     0.759
1983    29     0.856
1983    30     0.944
1983    31     1.022
1983    32     1.088
1983    33     1.144
1983    34     1.190
1983    35     1.226
1983    36     1.255
1983    37     1.277
1983    38     1.294
1983    39     1.306
1983    40     1.315
1983    41     1.321
1983    42     1.325
1983    43     1.327
1983    44     1.329
1983    45     1.329
1983    46     1.330
1983    47     1.330
1983    48     1.330
1983    49     1.330
1983    50     1.330
1983    51     1.330
1983    52     1.330
1983    53     1.330
1983    54     1.330
1983    55     1.330
1984    12     0.000
1984    13     0.000
1984    14     0.000
1984    15     0.000
1984    16     0.001
1984    17     0.005
1984    18     0.014
1984    19     0.031
1984    20     0.061
1984    21     0.102
1984    22     0.157
1984    23     0.225
1984    24     0.308
1984    25     0.403
1984    26     0.506
1984    27     0.612
1984    28     0.716
1984    29     0.814
1984    30     0.902
1984    31     0.981
1984    32     1.049
1984    33     1.105
1984    34     1.151
1984    35     1.188
1984    36     1.218
1984    37     1.241
1984    38     1.257
1984    39     1.270
1984    40     1.278
1984    41     1.284
1984    42     1.288
1984    43     1.291
1984    44     1.292
1984    45     1.293
1984    46     1.293
1984    47     1.294
1984    48     1.294
1984    49     1.294
1984    50     1.294
1984    51     1.294
1984    52     1.294
1984    53     1.294
1984    54     1.294
1984    55     1.294
1985    12     0.000
1985    13     0.000
1985    14     0.000
1985    15     0.000
1985    16     0.002
1985    17     0.005
1985    18     0.014
1985    19     0.030
1985    20     0.056
1985    21     0.094
1985    22     0.144
1985    23     0.208
1985    24     0.286
1985    25     0.378
1985    26     0.479
1985    27     0.584
1985    28     0.688
1985    29     0.786
1985    30     0.878
1985    31     0.958
1985    32     1.027
1985    33     1.085
1985    34     1.133
1985    35     1.172
1985    36     1.203
1985    37     1.226
1985    38     1.243
1985    39     1.256
1985    40     1.265
1985    41     1.271
1985    42     1.275
1985    43     1.277
1985    44     1.279
1985    45     1.280
1985    46     1.280
1985    47     1.280
1985    48     1.280
1985    49     1.280
1985    50     1.280
1985    51     1.280
1985    52     1.280
1985    53     1.280
1985    54     1.281
1985    55     1.281
1986    12     0.000
1986    13     0.000
1986    14     0.000
1986    15     0.000
1986    16     0.002
1986    17     0.005
1986    18     0.014
1986    19     0.030
1986    20     0.056
1986    21     0.093
1986    22     0.142
1986    23     0.206
1986    24     0.284
1986    25     0.377
1986    26     0.483
1986    27     0.594
1986    28     0.705
1986    29     0.811
1986    30     0.909
1986    31     0.997
1986    32     1.072
1986    33     1.135
1986    34     1.186
1986    35     1.228
1986    36     1.261
1986    37     1.286
1986    38     1.305
1986    39     1.319
1986    40     1.329
1986    41     1.335
1986    42     1.339
1986    43     1.342
1986    44     1.343
1986    45     1.344
1986    46     1.345
1986    47     1.345
1986    48     1.345
1986    49     1.345
1986    50     1.345
1986    51     1.345
1986    52     1.345
1986    53     1.345
1986    54     1.345
1986    55     1.345
1987    12     0.000
1987    13     0.000
1987    14     0.000
1987    15     0.000
1987    16     0.002
1987    17     0.006
1987    18     0.015
1987    19     0.032
1987    20     0.058
1987    21     0.094
1987    22     0.143
1987    23     0.204
1987    24     0.280
1987    25     0.370
1987    26     0.473
1987    27     0.583
1987    28     0.696
1987    29     0.804
1987    30     0.904
1987    31     0.994
1987    32     1.073
1987    33     1.139
1987    34     1.193
1987    35     1.238
1987    36     1.273
1987    37     1.299
1987    38     1.320
1987    39     1.334
1987    40     1.344
1987    41     1.351
1987    42     1.356
1987    43     1.359
1987    44     1.360
1987    45     1.361
1987    46     1.362
1987    47     1.362
1987    48     1.362
1987    49     1.362
1987    50     1.362
1987    51     1.362
1987    52     1.362
1987    53     1.362
1987    54     1.362
1987    55     1.362
1988    12     0.000
1988    13     0.000
1988    14     0.000
1988    15     0.001
1988    16     0.002
1988    17     0.007
1988    18     0.017
1988    19     0.036
1988    20     0.064
1988    21     0.101
1988    22     0.148
1988    23     0.209
1988    24     0.285
1988    25     0.377
1988    26     0.482
1988    27     0.596
1988    28     0.711
1988    29     0.824
1988    30     0.929
1988    31     1.025
1988    32     1.109
1988    33     1.179
1988    34     1.237
1988    35     1.285
1988    36     1.322
1988    37     1.350
1988    38     1.371
1988    39     1.387
1988    40     1.398
1988    41     1.405
1988    42     1.410
1988    43     1.413
1988    44     1.415
1988    45     1.415
1988    46     1.416
1988    47     1.416
1988    48     1.416
1988    49     1.416
1988    50     1.416
1988    51     1.416
1988    52     1.416
1988    53     1.416
1988    54     1.416
1988    55     1.416
1989    12     0.000
1989    13     0.000
1989    14     0.000
1989    15     0.001
1989    16     0.002
1989    17     0.008
1989    18     0.019
1989    19     0.039
1989    20     0.069
1989    21     0.107
1989    22     0.153
1989    23     0.211
1989    24     0.282
1989    25     0.369
1989    26     0.469
1989    27     0.578
1989    28     0.690
1989    29     0.800
1989    30     0.904
1989    31     0.999
1989    32     1.081
1989    33     1.152
1989    34     1.211
1989    35     1.258
1989    36     1.296
1989    37     1.326
1989    38     1.348
1989    39     1.364
1989    40     1.375
1989    41     1.383
1989    42     1.388
1989    43     1.391
1989    44     1.392
1989    45     1.393
1989    46     1.394
1989    47     1.394
1989    48     1.394
1989    49     1.394
1989    50     1.394
1989    51     1.394
1989    52     1.394
1989    53     1.394
1989    54     1.394
1989    55     1.394
1990    12     0.000
1990    13     0.000
1990    14     0.000
1990    15     0.001
1990    16     0.002
1990    17     0.008
1990    18     0.020
1990    19     0.041
1990    20     0.073
1990    21     0.115
1990    22     0.164
1990    23     0.222
1990    24     0.294
1990    25     0.381
1990    26     0.484
1990    27     0.596
1990    28     0.712
1990    29     0.828
1990    30     0.938
1990    31     1.039
1990    32     1.127
1990    33     1.202
1990    34     1.264
1990    35     1.316
1990    36     1.356
1990    37     1.387
1990    38     1.410
1990    39     1.427
1990    40     1.439
1990    41     1.447
1990    42     1.452
1990    43     1.455
1990    44     1.457
1990    45     1.458
1990    46     1.459
1990    47     1.459
1990    48     1.459
1990    49     1.459
1990    50     1.459
1990    51     1.459
1990    52     1.459
1990    53     1.459
1990    54     1.459
1990    55     1.459
1991    12     0.000
1991    13     0.000
1991    14     0.000
1991    15     0.001
1991    16     0.002
1991    17     0.008
1991    18     0.021
1991    19     0.044
1991    20     0.078
1991    21     0.121
1991    22     0.172
1991    23     0.229
1991    24     0.297
1991    25     0.377
1991    26     0.472
1991    27     0.578
1991    28     0.691
1991    29     0.803
1991    30     0.910
1991    31     1.009
1991    32     1.096
1991    33     1.171
1991    34     1.233
1991    35     1.283
1991    36     1.324
1991    37     1.356
1991    38     1.379
1991    39     1.396
1991    40     1.408
1991    41     1.417
1991    42     1.422
1991    43     1.425
1991    44     1.427
1991    45     1.428
1991    46     1.428
1991    47     1.428
1991    48     1.429
1991    49     1.429
1991    50     1.429
1991    51     1.429
1991    52     1.429
1991    53     1.429
1991    54     1.429
1991    55     1.429
1992    12     0.000
1992    13     0.000
1992    14     0.000
1992    15     0.001
1992    16     0.003
1992    17     0.008
1992    18     0.021
1992    19     0.045
1992    20     0.080
1992    21     0.125
1992    22     0.176
1992    23     0.236
1992    24     0.302
1992    25     0.378
1992    26     0.468
1992    27     0.569
1992    28     0.677
1992    29     0.786
1992    30     0.892
1992    31     0.990
1992    32     1.078
1992    33     1.152
1992    34     1.215
1992    35     1.266
1992    36     1.307
1992    37     1.339
1992    38     1.363
1992    39     1.381
1992    40     1.393
1992    41     1.402
1992    42     1.407
1992    43     1.411
1992    44     1.413
1992    45     1.413
1992    46     1.414
1992    47     1.414
1992    48     1.414
1992    49     1.414
1992    50     1.414
1992    51     1.414
1992    52     1.414
1992    53     1.414
1992    54     1.414
1992    55     1.414
1993    12     0.000
1993    13     0.000
1993    14     0.000
1993    15     0.001
1993    16     0.002
1993    17     0.007
1993    18     0.019
1993    19     0.041
1993    20     0.076
1993    21     0.121
1993    22     0.172
1993    23     0.230
1993    24     0.296
1993    25     0.372
1993    26     0.458
1993    27     0.555
1993    28     0.662
1993    29     0.770
1993    30     0.876
1993    31     0.977
1993    32     1.064
1993    33     1.140
1993    34     1.203
1993    35     1.255
1993    36     1.297
1993    37     1.329
1993    38     1.353
1993    39     1.371
1993    40     1.383
1993    41     1.392
1993    42     1.397
1993    43     1.400
1993    44     1.402
1993    45     1.403
1993    46     1.404
1993    47     1.404
1993    48     1.404
1993    49     1.404
1993    50     1.404
1993    51     1.404
1993    52     1.404
1993    53     1.404
1993    54     1.404
1993    55     1.404
1994    12     0.000
1994    13     0.000
1994    14     0.000
1994    15     0.001
1994    16     0.002
1994    17     0.007
1994    18     0.018
1994    19     0.038
1994    20     0.070
1994    21     0.114
1994    22     0.165
1994    23     0.222
1994    24     0.286
1994    25     0.358
1994    26     0.439
1994    27     0.529
1994    28     0.627
1994    29     0.731
1994    30     0.835
1994    31     0.932
1994    32     1.019
1994    33     1.094
1994    34     1.157
1994    35     1.208
1994    36     1.250
1994    37     1.282
1994    38     1.306
1994    39     1.324
1994    40     1.337
1994    41     1.345
1994    42     1.351
1994    43     1.354
1994    44     1.356
1994    45     1.357
1994    46     1.357
1994    47     1.358
1994    48     1.358
1994    49     1.358
1994    50     1.358
1994    51     1.358
1994    52     1.358
1994    53     1.358
1994    54     1.358
1994    55     1.358
1995    12     0.000
1995    13     0.000
1995    14     0.000
1995    15     0.001
1995    16     0.002
1995    17     0.007
1995    18     0.017
1995    19     0.036
1995    20     0.066
1995    21     0.108
1995    22     0.158
1995    23     0.215
1995    24     0.278
1995    25     0.348
1995    26     0.428
1995    27     0.516
1995    28     0.612
1995    29     0.713
1995    30     0.816
1995    31     0.914
1995    32     1.002
1995    33     1.079
1995    34     1.143
1995    35     1.197
1995    36     1.240
1995    37     1.273
1995    38     1.298
1995    39     1.316
1995    40     1.330
1995    41     1.338
1995    42     1.344
1995    43     1.347
1995    44     1.349
1995    45     1.350
1995    46     1.350
1995    47     1.351
1995    48     1.351
1995    49     1.351
1995    50     1.351
1995    51     1.351
1995    52     1.351
1995    53     1.351
1995    54     1.351
1995    55     1.351
1996    12     0.000
1996    13     0.000
1996    14     0.000
1996    15     0.001
1996    16     0.002
1996    17     0.007
1996    18     0.017
1996    19     0.037
1996    20     0.068
1996    21     0.110
1996    22     0.163
1996    23     0.224
1996    24     0.291
1996    25     0.365
1996    26     0.448
1996    27     0.540
1996    28     0.638
1996    29     0.741
1996    30     0.846
1996    31     0.948
1996    32     1.042
1996    33     1.124
1996    34     1.192
1996    35     1.249
1996    36     1.294
1996    37     1.330
1996    38     1.357
1996    39     1.376
1996    40     1.390
1996    41     1.400
1996    42     1.405
1996    43     1.409
1996    44     1.411
1996    45     1.412
1996    46     1.412
1996    47     1.413
1996    48     1.413
1996    49     1.413
1996    50     1.413
1996    51     1.413
1996    52     1.413
1996    53     1.413
1996    54     1.413
1996    55     1.413
1997    12     0.000
1997    13     0.000
1997    14     0.000
1997    15     0.001
1997    16     0.002
1997    17     0.006
1997    18     0.017
1997    19     0.036
1997    20     0.067
1997    21     0.109
1997    22     0.161
1997    23     0.222
1997    24     0.291
1997    25     0.368
1997    26     0.452
1997    27     0.544
1997    28     0.645
1997    29     0.749
1997    30     0.856
1997    31     0.962
1997    32     1.060
1997    33     1.145
1997    34     1.218
1997    35     1.279
1997    36     1.328
1997    37     1.366
1997    38     1.395
1997    39     1.416
1997    40     1.432
1997    41     1.442
1997    42     1.448
1997    43     1.452
1997    44     1.454
1997    45     1.455
1997    46     1.456
1997    47     1.456
1997    48     1.456
1997    49     1.456
1997    50     1.456
1997    51     1.456
1997    52     1.456
1997    53     1.456
1997    54     1.456
1997    55     1.456
1998    12     0.000
1998    13     0.000
1998    14     0.000
1998    15     0.001
1998    16     0.002
1998    17     0.006
1998    18     0.016
1998    19     0.036
1998    20     0.067
1998    21     0.108
1998    22     0.159
1998    23     0.218
1998    24     0.286
1998    25     0.362
1998    26     0.445
1998    27     0.534
1998    28     0.629
1998    29     0.730
1998    30     0.834
1998    31     0.935
1998    32     1.030
1998    33     1.115
1998    34     1.188
1998    35     1.249
1998    36     1.299
1998    37     1.338
1998    38     1.367
1998    39     1.389
1998    40     1.404
1998    41     1.414
1998    42     1.421
1998    43     1.425
1998    44     1.427
1998    45     1.428
1998    46     1.429
1998    47     1.429
1998    48     1.429
1998    49     1.429
1998    50     1.429
1998    51     1.429
1998    52     1.429
1998    53     1.429
1998    54     1.429
1998    55     1.429
1999    12     0.000
1999    13     0.000
1999    14     0.000
1999    15     0.001
1999    16     0.002
1999    17     0.006
1999    18     0.016
1999    19     0.035
1999    20     0.065
1999    21     0.106
1999    22     0.155
1999    23     0.214
1999    24     0.280
1999    25     0.355
1999    26     0.438
1999    27     0.526
1999    28     0.620
1999    29     0.720
1999    30     0.821
1999    31     0.921
1999    32     1.015
1999    33     1.101
1999    34     1.175
1999    35     1.238
1999    36     1.289
1999    37     1.329
1999    38     1.359
1999    39     1.381
1999    40     1.397
1999    41     1.407
1999    42     1.414
1999    43     1.418
1999    44     1.420
1999    45     1.421
1999    46     1.422
1999    47     1.422
1999    48     1.422
1999    49     1.422
1999    50     1.422
1999    51     1.422
1999    52     1.422
1999    53     1.422
1999    54     1.422
1999    55     1.422
2000    12     0.000
2000    13     0.000
2000    14     0.000
2000    15     0.000
2000    16     0.002
2000    17     0.006
2000    18     0.017
2000    19     0.036
2000    20     0.066
2000    21     0.107
2000    22     0.157
2000    23     0.215
2000    24     0.280
2000    25     0.354
2000    26     0.437
2000    27     0.527
2000    28     0.622
2000    29     0.721
2000    30     0.822
2000    31     0.921
2000    32     1.016
2000    33     1.102
2000    34     1.179
2000    35     1.243
2000    36     1.296
2000    37     1.337
2000    38     1.368
2000    39     1.392
2000    40     1.409
2000    41     1.420
2000    42     1.427
2000    43     1.432
2000    44     1.434
2000    45     1.435
2000    46     1.436
2000    47     1.436
2000    48     1.436
2000    49     1.436
2000    50     1.436
2000    51     1.436
2000    52     1.436
2000    53     1.436
2000    54     1.436
2000    55     1.436
2001    12     0.000
2001    13     0.000
2001    14     0.000
2001    15     0.001
2001    16     0.002
2001    17     0.007
2001    18     0.017
2001    19     0.036
2001    20     0.066
2001    21     0.105
2001    22     0.153
2001    23     0.210
2001    24     0.273
2001    25     0.344
2001    26     0.422
2001    27     0.508
2001    28     0.599
2001    29     0.694
2001    30     0.792
2001    31     0.888
2001    32     0.980
2001    33     1.064
2001    34     1.139
2001    35     1.204
2001    36     1.257
2001    37     1.299
2001    38     1.331
2001    39     1.355
2001    40     1.371
2001    41     1.383
2001    42     1.390
2001    43     1.394
2001    44     1.397
2001    45     1.398
2001    46     1.398
2001    47     1.399
2001    48     1.399
2001    49     1.399
2001    50     1.399
2001    51     1.399
2001    52     1.399
2001    53     1.399
2001    54     1.399
2001    55     1.399
2002    12     0.000
2002    13     0.000
2002    14     0.000
2002    15     0.000
2002    16     0.002
2002    17     0.007
2002    18     0.017
2002    19     0.035
2002    20     0.063
2002    21     0.100
2002    22     0.146
2002    23     0.200
2002    24     0.261
2002    25     0.330
2002    26     0.406
2002    27     0.489
2002    28     0.579
2002    29     0.674
2002    30     0.771
2002    31     0.866
2002    32     0.958
2002    33     1.043
2002    34     1.119
2002    35     1.185
2002    36     1.240
2002    37     1.284
2002    38     1.317
2002    39     1.342
2002    40     1.360
2002    41     1.372
2002    42     1.380
2002    43     1.384
2002    44     1.387
2002    45     1.388
2002    46     1.388
2002    47     1.389
2002    48     1.389
2002    49     1.389
2002    50     1.389
2002    51     1.389
2002    52     1.389
2002    53     1.389
2002    54     1.389
2002    55     1.389
2003    12     0.000
2003    13     0.000
2003    14     0.000
2003    15     0.000
2003    16     0.002
2003    17     0.007
2003    18     0.016
2003    19     0.033
2003    20     0.060
2003    21     0.094
2003    22     0.138
2003    23     0.189
2003    24     0.248
2003    25     0.315
2003    26     0.391
2003    27     0.473
2003    28     0.562
2003    29     0.656
2003    30     0.752
2003    31     0.849
2003    32     0.941
2003    33     1.027
2003    34     1.104
2003    35     1.172
2003    36     1.228
2003    37     1.274
2003    38     1.309
2003    39     1.334
2003    40     1.353
2003    41     1.365
2003    42     1.373
2003    43     1.378
2003    44     1.380
2003    45     1.382
2003    46     1.382
2003    47     1.383
2003    48     1.383
2003    49     1.383
2003    50     1.383
2003    51     1.383
2003    52     1.383
2003    53     1.383
2003    54     1.383
2003    55     1.383
2004    12     0.000
2004    13     0.000
2004    14     0.000
2004    15     0.000
2004    16     0.002
2004    17     0.006
2004    18     0.015
2004    19     0.030
2004    20     0.055
2004    21     0.089
2004    22     0.130
2004    23     0.180
2004    24     0.238
2004    25     0.304
2004    26     0.378
2004    27     0.460
2004    28     0.549
2004    29     0.642
2004    30     0.740
2004    31     0.838
2004    32     0.933
2004    33     1.022
2004    34     1.102
2004    35     1.172
2004    36     1.231
2004    37     1.279
2004    38     1.316
2004    39     1.344
2004    40     1.364
2004    41     1.377
2004    42     1.386
2004    43     1.390
2004    44     1.393
2004    45     1.394
2004    46     1.395
2004    47     1.395
2004    48     1.395
2004    49     1.396
2004    50     1.396
2004    51     1.396
2004    52     1.396
2004    53     1.396
2004    54     1.396
2004    55     1.396
2005    12     0.000
2005    13     0.000
2005    14     0.000
2005    15     0.000
2005    16     0.002
2005    17     0.006
2005    18     0.014
2005    19     0.029
2005    20     0.053
2005    21     0.085
2005    22     0.124
2005    23     0.171
2005    24     0.226
2005    25     0.289
2005    26     0.361
2005    27     0.441
2005    28     0.528
2005    29     0.619
2005    30     0.714
2005    31     0.811
2005    32     0.906
2005    33     0.994
2005    34     1.075
2005    35     1.146
2005    36     1.206
2005    37     1.255
2005    38     1.292
2005    39     1.321
2005    40     1.342
2005    41     1.356
2005    42     1.365
2005    43     1.370
2005    44     1.373
2005    45     1.375
2005    46     1.375
2005    47     1.376
2005    48     1.376
2005    49     1.376
2005    50     1.376
2005    51     1.376
2005    52     1.376
2005    53     1.376
2005    54     1.376
2005    55     1.376
2006    12     0.000
2006    13     0.000
2006    14     0.000
2006    15     0.000
2006    16     0.002
2006    17     0.005
2006    18     0.013
2006    19     0.027
2006    20     0.049
2006    21     0.080
2006    22     0.118
2006    23     0.162
2006    24     0.214
2006    25     0.275
2006    26     0.345
2006    27     0.422
2006    28     0.507
2006    29     0.597
2006    30     0.692
2006    31     0.788
2006    32     0.883
2006    33     0.972
2006    34     1.053
2006    35     1.124
2006    36     1.186
2006    37     1.236
2006    38     1.275
2006    39     1.305
2006    40     1.327
2006    41     1.342
2006    42     1.352
2006    43     1.357
2006    44     1.360
2006    45     1.362
2006    46     1.363
2006    47     1.363
2006    48     1.363
2006    49     1.363
2006    50     1.363
2006    51     1.363
2006    52     1.363
2006    53     1.363
2006    54     1.363
2006    55     1.363
2007    12     0.000
2007    13     0.000
2007    14     0.000
2007    15     0.000
2007    16     0.002
2007    17     0.005
2007    18     0.012
2007    19     0.026
2007    20     0.047
2007    21     0.076
2007    22     0.113
2007    23     0.156
2007    24     0.207
2007    25     0.266
2007    26     0.335
2007    27     0.413
2007    28     0.498
2007    29     0.590
2007    30     0.688
2007    31     0.787
2007    32     0.885
2007    33     0.978
2007    34     1.065
2007    35     1.141
2007    36     1.207
2007    37     1.262
2007    38     1.304
2007    39     1.336
2007    40     1.360
2007    41     1.376
2007    42     1.387
2007    43     1.393
2007    44     1.396
2007    45     1.398
2007    46     1.399
2007    47     1.399
2007    48     1.399
2007    49     1.399
2007    50     1.399
2007    51     1.400
2007    52     1.400
2007    53     1.400
2007    54     1.400
2007    55     1.400
2008    12     0.000
2008    13     0.000
2008    14     0.000
2008    15     0.000
2008    16     0.002
2008    17     0.005
2008    18     0.012
2008    19     0.025
2008    20     0.045
2008    21     0.073
2008    22     0.107
2008    23     0.149
2008    24     0.197
2008    25     0.254
2008    26     0.321
2008    27     0.396
2008    28     0.481
2008    29     0.572
2008    30     0.669
2008    31     0.769
2008    32     0.868
2008    33     0.963
2008    34     1.052
2008    35     1.131
2008    36     1.200
2008    37     1.256
2008    38     1.301
2008    39     1.335
2008    40     1.360
2008    41     1.378
2008    42     1.389
2008    43     1.396
2008    44     1.400
2008    45     1.402
2008    46     1.402
2008    47     1.403
2008    48     1.403
2008    49     1.403
2008    50     1.403
2008    51     1.403
2008    52     1.403
2008    53     1.403
2008    54     1.403
2008    55     1.403
2009    12     0.000
2009    13     0.000
2009    14     0.000
2009    15     0.000
2009    16     0.001
2009    17     0.005
2009    18     0.011
2009    19     0.022
2009    20     0.041
2009    21     0.067
2009    22     0.099
2009    23     0.138
2009    24     0.184
2009    25     0.238
2009    26     0.302
2009    27     0.375
2009    28     0.456
2009    29     0.545
2009    30     0.639
2009    31     0.738
2009    32     0.836
2009    33     0.930
2009    34     1.018
2009    35     1.098
2009    36     1.167
2009    37     1.225
2009    38     1.270
2009    39     1.306
2009    40     1.332
2009    41     1.350
2009    42     1.362
2009    43     1.368
2009    44     1.372
2009    45     1.374
2009    46     1.375
2009    47     1.375
2009    48     1.376
2009    49     1.376
2009    50     1.376
2009    51     1.376
2009    52     1.376
2009    53     1.376
2009    54     1.376
2009    55     1.376
2010    12     0.000
2010    13     0.000
2010    14     0.000
2010    15     0.000
2010    16     0.001
2010    17     0.004
2010    18     0.010
2010    19     0.022
2010    20     0.040
2010    21     0.064
2010    22     0.096
2010    23     0.133
2010    24     0.178
2010    25     0.232
2010    26     0.295
2010    27     0.368
2010    28     0.450
2010    29     0.540
2010    30     0.637
2010    31     0.738
2010    32     0.840
2010    33     0.938
2010    34     1.029
2010    35     1.112
2010    36     1.185
2010    37     1.247
2010    38     1.296
2010    39     1.333
2010    40     1.361
2010    41     1.381
2010    42     1.393
2010    43     1.400
2010    44     1.404
2010    45     1.406
2010    46     1.408
2010    47     1.408
2010    48     1.408
2010    49     1.408
2010    50     1.408
2010    51     1.408
2010    52     1.408
2010    53     1.408
2010    54     1.408
2010    55     1.408
2011    12     0.000
2011    13     0.000
2011    14     0.000
2011    15     0.000
2011    16     0.001
2011    17     0.004
2011    18     0.010
2011    19     0.020
2011    20     0.037
2011    21     0.060
2011    22     0.089
2011    23     0.123
2011    24     0.165
2011    25     0.216
2011    26     0.276
2011    27     0.346
2011    28     0.424
2011    29     0.512
2011    30     0.607
2011    31     0.707
2011    32     0.808
2011    33     0.905
2011    34     0.996
2011    35     1.080
2011    36     1.154
2011    37     1.216
2011    38     1.266
2011    39     1.304
2011    40     1.332
2011    41     1.353
2011    42     1.365
2011    43     1.373
2011    44     1.377
2011    45     1.379
2011    46     1.380
2011    47     1.380
2011    48     1.381
2011    49     1.381
2011    50     1.381
2011    51     1.381
2011    52     1.381
2011    53     1.381
2011    54     1.381
2011    55     1.381
2012    12     0.000
2012    13     0.000
2012    14     0.000
2012    15     0.000
2012    16     0.001
2012    17     0.004
2012    18     0.010
2012    19     0.020
2012    20     0.036
2012    21     0.059
2012    22     0.087
2012    23     0.121
2012    24     0.163
2012    25     0.212
2012    26     0.271
2012    27     0.341
2012    28     0.420
2012    29     0.508
2012    30     0.604
2012    31     0.706
2012    32     0.809
2012    33     0.908
2012    34     1.002
2012    35     1.087
2012    36     1.163
2012    37     1.227
2012    38     1.278
2012    39     1.319
2012    40     1.349
2012    41     1.370
2012    42     1.383
2012    43     1.391
2012    44     1.395
2012    45     1.397
2012    46     1.399
2012    47     1.399
2012    48     1.399
2012    49     1.400
2012    50     1.400
2012    51     1.400
2012    52     1.400
2012    53     1.400
2012    54     1.400
2012    55     1.400
2013    12     0.000
2013    13     0.000
2013    14     0.000
2013    15     0.000
2013    16     0.001
2013    17     0.004
2013    18     0.010
2013    19     0.020
2013    20     0.035
2013    21     0.057
2013    22     0.084
2013    23     0.117
2013    24     0.156
2013    25     0.204
2013    26     0.263
2013    27     0.331
2013    28     0.410
2013    29     0.498
2013    30     0.594
2013    31     0.696
2013    32     0.801
2013    33     0.903
2013    34     0.999
2013    35     1.087
2013    36     1.165
2013    37     1.231
2013    38     1.285
2013    39     1.327
2013    40     1.359
2013    41     1.382
2013    42     1.395
2013    43     1.404
2013    44     1.408
2013    45     1.411
2013    46     1.412
2013    47     1.412
2013    48     1.413
2013    49     1.413
2013    50     1.413
2013    51     1.413
2013    52     1.413
2013    53     1.413
2013    54     1.413
2013    55     1.413
2014    12     0.000
2014    13     0.000
2014    14     0.000
2014    15     0.000
2014    16     0.001
2014    17     0.004
2014    18     0.010
2014    19     0.020
2014    20     0.036
2014    21     0.057
2014    22     0.084
2014    23     0.116
2014    24     0.156
2014    25     0.204
2014    26     0.263
2014    27     0.333
2014    28     0.413
2014    29     0.505
2014    30     0.605
2014    31     0.713
2014    32     0.823
2014    33     0.931
2014    34     1.032
2014    35     1.124
2014    36     1.207
2014    37     1.276
2014    38     1.333
2014    39     1.378
2014    40     1.413
2014    41     1.437
2014    42     1.452
2014    43     1.461
2014    44     1.466
2014    45     1.468
2014    46     1.470
2014    47     1.470
2014    48     1.471
2014    49     1.471
2014    50     1.471
2014    51     1.471
2014    52     1.471
2014    53     1.471
2014    54     1.471
2014    55     1.471
2015    12     0.000
2015    13     0.000
2015    14     0.000
2015    15     0.000
2015    16     0.002
2015    17     0.004
2015    18     0.010
2015    19     0.020
2015    20     0.036
2015    21     0.058
2015    22     0.085
2015    23     0.118
2015    24     0.158
2015    25     0.206
2015    26     0.265
2015    27     0.336
2015    28     0.417
2015    29     0.511
2015    30     0.613
2015    31     0.723
2015    32     0.835
2015    33     0.946
2015    34     1.050
2015    35     1.146
2015    36     1.231
2015    37     1.303
2015    38     1.361
2015    39     1.407
2015    40     1.442
2015    41     1.468
2015    42     1.484
2015    43     1.493
2015    44     1.498
2015    45     1.501
2015    46     1.502
2015    47     1.503
2015    48     1.503
2015    49     1.503
2015    50     1.503
2015    51     1.503
2015    52     1.503
2015    53     1.503
2015    54     1.503
2015    55     1.503
2016    12     0.000
2016    13     0.000
2016    14     0.000
2016    15     0.000
2016    16     0.002
2016    17     0.005
2016    18     0.011
2016    19     0.023
2016    20     0.042
2016    21     0.067
2016    22     0.098
2016    23     0.134
2016    24     0.177
2016    25     0.228
2016    26     0.290
2016    27     0.364
2016    28     0.450
2016    29     0.547
2016    30     0.655
2016    31     0.771
2016    32     0.890
2016    33     1.006
2016    34     1.116
2016    35     1.217
2016    36     1.308
2016    37     1.385
2016    38     1.447
2016    39     1.497
2016    40     1.535
2016    41     1.562
2016    42     1.579
2016    43     1.590
2016    44     1.595
2016    45     1.598
2016    46     1.600
2016    47     1.601
2016    48     1.601
2016    49     1.601
2016    50     1.601
2016    51     1.602
2016    52     1.602
2016    53     1.602
2016    54     1.602
2016    55     1.602
2017    12     0.000
2017    13     0.000
2017    14     0.000
2017    15     0.000
2017    16     0.001
2017    17     0.004
2017    18     0.010
2017    19     0.020
2017    20     0.036
2017    21     0.058
2017    22     0.087
2017    23     0.121
2017    24     0.162
2017    25     0.212
2017    26     0.272
2017    27     0.344
2017    28     0.428
2017    29     0.523
2017    30     0.631
2017    31     0.746
2017    32     0.865
2017    33     0.982
2017    34     1.091
2017    35     1.192
2017    36     1.282
2017    37     1.359
2017    38     1.422
2017    39     1.472
2017    40     1.510
2017    41     1.537
2017    42     1.555
2017    43     1.566
2017    44     1.572
2017    45     1.575
2017    46     1.577
2017    47     1.577
2017    48     1.578
2017    49     1.578
2017    50     1.578
2017    51     1.578
2017    52     1.578
2017    53     1.578
2017    54     1.578
2017    55     1.578
