West Germany, Live births by calendar year and age (Lexis squares, age in completed years (ACY))
Last modified: 04/02/2019
Year    Age        Total
1956     12-        1.64
1956     13        18.18
1956     14        91.56
1956     15       557.46
1956     16      2503.40
1956     17      7932.27
1956     18     17311.29
1956     19     28684.10
1956     20     39280.14
1956     21     47448.40
1956     22     48818.81
1956     23     48152.75
1956     24     51071.45
1956     25     53985.09
1956     26     54481.22
1956     27     52866.92
1956     28     50371.04
1956     29     47589.36
1956     30     45469.78
1956     31     42464.47
1956     32     38635.99
1956     33     35128.29
1956     34     32576.56
1956     35     29286.99
1956     36     22586.96
1956     37     13969.80
1956     38      9089.71
1956     39      7689.99
1956     40      7255.87
1956     41      6994.87
1956     42      5543.26
1956     43      3706.88
1956     44      2206.82
1956     45      1191.46
1956     46       569.20
1956     47       238.68
1956     48       103.09
1956     49        13.29
1956     50         0.00
1956     51         0.00
1956     52         0.00
1956     53         0.00
1956     54         0.00
1956     55+        0.00
1957     12-        0.00
1957     13         8.31
1957     14       128.06
1957     15       505.97
1957     16      2770.40
1957     17      9182.67
1957     18     19061.52
1957     19     30440.02
1957     20     41126.15
1957     21     50624.20
1957     22     56965.24
1957     23     54974.32
1957     24     52306.32
1957     25     54173.31
1957     26     55387.51
1957     27     54424.64
1957     28     51778.56
1957     29     48225.76
1957     30     44647.50
1957     31     42150.40
1957     32     39039.31
1957     33     35139.58
1957     34     31823.24
1957     35     29218.72
1957     36     25575.16
1957     37     19373.74
1957     38     11804.02
1957     39      7443.13
1957     40      5980.84
1957     41      5266.08
1957     42      4806.79
1957     43      3604.99
1957     44      2113.26
1957     45      1211.03
1957     46       584.49
1957     47       243.99
1957     48       105.10
1957     49        13.68
1957     50         0.00
1957     51         0.00
1957     52         0.00
1957     53         0.00
1957     54         0.00
1957     55+        0.00
1958     12-        0.19
1958     13        13.38
1958     14       107.81
1958     15       502.82
1958     16      2501.53
1958     17      8851.29
1958     18     19877.64
1958     19     31673.81
1958     20     41895.44
1958     21     51323.78
1958     22     59287.22
1958     23     62737.00
1958     24     58252.58
1958     25     53025.99
1958     26     53352.83
1958     27     53611.40
1958     28     51882.57
1958     29     48443.74
1958     30     44149.83
1958     31     40666.85
1958     32     38084.19
1958     33     34676.27
1958     34     30904.61
1958     35     27600.43
1958     36     24669.48
1958     37     21165.81
1958     38     15750.47
1958     39      9318.06
1958     40      5560.15
1958     41      4252.83
1958     42      3523.83
1958     43      2872.62
1958     44      1969.49
1958     45      1102.38
1958     46       509.30
1958     47       212.63
1958     48        84.40
1958     49        26.67
1958     50        10.94
1958     51         6.32
1958     52         3.56
1958     53         1.94
1958     54         0.86
1958     55+        0.10
1959     12-        0.00
1959     13         6.53
1959     14       141.18
1959     15       565.05
1959     16      2531.40
1959     17      8895.37
1959     18     21046.22
1959     19     35505.32
1959     20     47071.63
1959     21     55623.81
1959     22     62738.01
1959     23     67488.64
1959     24     68187.58
1959     25     61128.90
1959     26     54323.07
1959     27     52939.84
1959     28     52028.90
1959     29     49195.25
1959     30     45108.11
1959     31     40908.72
1959     32     36901.41
1959     33     34190.73
1959     34     30876.60
1959     35     27302.62
1959     36     24331.97
1959     37     21589.81
1959     38     18030.52
1959     39     12864.01
1959     40      7444.30
1959     41      4189.76
1959     42      2934.49
1959     43      2213.68
1959     44      1703.09
1959     45      1084.14
1959     46       490.85
1959     47       211.06
1959     48        99.75
1959     49        31.45
1959     50         8.45
1959     51         4.87
1959     52         2.71
1959     53         1.48
1959     54         0.63
1959     55+        0.08
1960     12-        2.64
1960     13        36.90
1960     14       114.47
1960     15       690.53
1960     16      3082.50
1960     17      8482.12
1960     18     19275.85
1960     19     35392.35
1960     20     49631.18
1960     21     59059.00
1960     22     65009.87
1960     23     69044.88
1960     24     71476.01
1960     25     69536.90
1960     26     59937.18
1960     27     51680.56
1960     28     49624.27
1960     29     47906.94
1960     30     45097.87
1960     31     41007.79
1960     32     36263.78
1960     33     32329.29
1960     34     29686.09
1960     35     26646.40
1960     36     23201.08
1960     37     20159.47
1960     38     17452.89
1960     39     14030.85
1960     40      9809.88
1960     41      5400.43
1960     42      2773.94
1960     43      1831.83
1960     44      1259.96
1960     45       876.60
1960     46       490.44
1960     47       210.81
1960     48        76.81
1960     49        20.61
1960     50         7.96
1960     51         4.88
1960     52         2.84
1960     53         1.58
1960     54         0.70
1960     55+        0.09
1961     12-        2.07
1961     13        36.03
1961     14       157.93
1961     15       687.60
1961     16      3494.54
1961     17      9994.64
1961     18     18921.05
1961     19     33069.45
1961     20     51368.45
1961     21     64793.60
1961     22     71819.54
1961     23     73784.29
1961     24     74412.01
1961     25     73809.00
1961     26     70037.08
1961     27     59195.77
1961     28     50090.88
1961     29     46806.73
1961     30     44679.57
1961     31     41164.94
1961     32     36895.23
1961     33     32585.82
1961     34     28873.20
1961     35     26355.82
1961     36     23206.29
1961     37     19712.17
1961     38     16776.37
1961     39     14010.76
1961     40     10976.51
1961     41      7193.93
1961     42      3649.84
1961     43      1723.20
1961     44      1046.61
1961     45       658.24
1961     46       379.36
1961     47       190.89
1961     48        78.47
1961     49        26.54
1961     50         9.99
1961     51         6.10
1961     52         3.57
1961     53         1.98
1961     54         0.87
1961     55+        0.11
1962     12-        1.26
1962     13        28.88
1962     14       165.21
1962     15       886.06
1962     16      3117.61
1962     17      9828.28
1962     18     20194.14
1962     19     30721.72
1962     20     45000.24
1962     21     63051.00
1962     22     75745.56
1962     23     79380.66
1962     24     77405.18
1962     25     75243.48
1962     26     72426.92
1962     27     66189.06
1962     28     54808.01
1962     29     45480.16
1962     30     42341.75
1962     31     39493.25
1962     32     35995.02
1962     33     32025.07
1962     34     27912.79
1962     35     24435.78
1962     36     21955.10
1962     37     18937.27
1962     38     15577.43
1962     39     12819.96
1962     40     10353.14
1962     41      7765.05
1962     42      4939.05
1962     43      2303.97
1962     44       990.56
1962     45       523.16
1962     46       273.78
1962     47       141.46
1962     48        64.46
1962     49        18.61
1962     50         5.17
1962     51         3.17
1962     52         1.93
1962     53         1.11
1962     54         0.49
1962     55+        0.06
1963     12-        1.44
1963     13        32.15
1963     14       167.61
1963     15       864.94
1963     16      4047.79
1963     17      9547.44
1963     18     20443.30
1963     19     33562.25
1963     20     42811.03
1963     21     57458.82
1963     22     75446.70
1963     23     84337.59
1963     24     84800.48
1963     25     80411.23
1963     26     75631.46
1963     27     70505.89
1963     28     63143.42
1963     29     51662.40
1963     30     42378.01
1963     31     38847.80
1963     32     35957.79
1963     33     32383.69
1963     34     28387.24
1963     35     24595.74
1963     36     21324.24
1963     37     18688.51
1963     38     15685.63
1963     39     12637.65
1963     40     10122.60
1963     41      7688.55
1963     42      5190.56
1963     43      3035.88
1963     44      1375.21
1963     45       514.59
1963     46       235.09
1963     47       117.45
1963     48        56.75
1963     49        15.94
1963     50         3.60
1963     51         2.19
1963     52         1.27
1963     53         0.73
1963     54         0.32
1963     55+        0.04
1964     12-        3.77
1964     13        45.92
1964     14       164.68
1964     15       921.78
1964     16      4125.24
1964     17     12185.54
1964     18     19576.24
1964     19     32133.91
1964     20     45286.44
1964     21     53186.13
1964     22     66634.17
1964     23     82320.11
1964     24     88276.87
1964     25     85661.94
1964     26     78765.98
1964     27     71905.66
1964     28     65755.47
1964     29     58301.92
1964     30     46954.02
1964     31     38071.75
1964     32     34729.38
1964     33     31927.68
1964     34     28429.58
1964     35     24664.39
1964     36     21118.87
1964     37     18004.74
1964     38     15265.66
1964     39     12422.49
1964     40      9719.40
1964     41      7304.39
1964     42      5312.08
1964     43      3379.13
1964     44      1769.07
1964     45       703.21
1964     46       247.23
1964     47        92.87
1964     48        45.20
1964     49        15.99
1964     50         3.58
1964     51         2.21
1964     52         1.27
1964     53         0.70
1964     54         0.31
1964     55+        0.04
1965     12-        2.83
1965     13        36.47
1965     14       153.97
1965     15       956.23
1965     16      4471.42
1965     17     12392.62
1965     18     24486.24
1965     19     30179.22
1965     20     41848.80
1965     21     55217.90
1965     22     60319.90
1965     23     70092.61
1965     24     83183.66
1965     25     86692.14
1965     26     81716.47
1965     27     73006.66
1965     28     65183.20
1965     29     58852.23
1965     30     51382.02
1965     31     40714.63
1965     32     32791.92
1965     33     29453.75
1965     34     26723.57
1965     35     23772.22
1965     36     20353.08
1965     37     17008.53
1965     38     14135.87
1965     39     11819.69
1965     40      9411.56
1965     41      6840.57
1965     42      4740.79
1965     43      3146.59
1965     44      1868.58
1965     45       924.00
1965     46       308.30
1965     47        88.10
1965     48        35.41
1965     49         9.26
1965     50         2.83
1965     51         2.00
1965     52         1.18
1965     53         0.65
1965     54         0.28
1965     55+        0.03
1966     12-        1.68
1966     13        26.07
1966     14       146.59
1966     15       993.60
1966     16      4803.35
1966     17     13976.01
1966     18     25905.65
1966     19     39326.05
1966     20     40833.26
1966     21     51100.00
1966     22     63238.24
1966     23     65360.73
1966     24     73317.99
1966     25     83772.28
1966     26     84311.11
1966     27     77556.82
1966     28     67834.20
1966     29     59653.02
1966     30     52910.90
1966     31     45348.83
1966     32     35847.63
1966     33     28568.01
1966     34     25167.28
1966     35     22894.98
1966     36     20094.16
1966     37     16761.76
1966     38     13706.68
1966     39     10891.62
1966     40      8654.66
1966     41      6553.89
1966     42      4529.88
1966     43      2938.82
1966     44      1821.41
1966     45       942.02
1966     46       386.96
1966     47       122.42
1966     48        33.30
1966     49         7.55
1966     50         2.03
1966     51         1.59
1966     52         1.07
1966     53         0.60
1966     54         0.26
1966     55+        0.03
1967     12-        2.45
1967     13        32.08
1967     14       147.09
1967     15       935.58
1967     16      4632.50
1967     17     14160.08
1967     18     28137.56
1967     19     40078.27
1967     20     50400.65
1967     21     47671.71
1967     22     55604.69
1967     23     65036.82
1967     24     64952.40
1967     25     70427.60
1967     26     78197.29
1967     27     76838.97
1967     28     69357.73
1967     29     59675.67
1967     30     51705.78
1967     31     45100.69
1967     32     38415.66
1967     33     30332.09
1967     34     23981.83
1967     35     21234.65
1967     36     18794.95
1967     37     15999.31
1967     38     13135.58
1967     39     10429.79
1967     40      8038.24
1967     41      5920.54
1967     42      4159.17
1967     43      2727.16
1967     44      1681.03
1967     45       899.52
1967     46       405.33
1967     47       155.78
1967     48        42.93
1967     49         6.72
1967     50         1.12
1967     51         0.82
1967     52         0.60
1967     53         0.38
1967     54         0.17
1967     55+        0.02
1968     12-        2.00
1968     13        37.74
1968     14       176.87
1968     15       977.35
1968     16      4738.42
1968     17     14420.11
1968     18     28553.30
1968     19     42494.18
1968     20     50062.96
1968     21     56104.71
1968     22     48708.38
1968     23     53491.08
1968     24     61269.88
1968     25     60389.99
1968     26     64216.87
1968     27     69740.45
1968     28     67568.66
1968     29     59967.93
1968     30     50671.51
1968     31     43412.83
1968     32     37441.41
1968     33     31831.49
1968     34     25242.20
1968     35     19939.27
1968     36     17371.41
1968     37     15125.83
1968     38     12710.90
1968     39     10155.65
1968     40      7765.09
1968     41      5646.83
1968     42      3986.30
1968     43      2609.90
1968     44      1547.14
1968     45       816.00
1968     46       389.78
1968     47       165.73
1968     48        54.31
1968     49        12.01
1968     50         3.23
1968     51         2.05
1968     52         1.48
1968     53         1.11
1968     54         0.57
1968     55+        0.07
1969     12-        3.82
1969     13        42.42
1969     14       168.34
1969     15      1045.45
1969     16      5143.29
1969     17     15221.98
1969     18     29063.27
1969     19     42237.99
1969     20     50916.80
1969     21     52502.00
1969     22     54048.27
1969     23     44535.78
1969     24     48378.06
1969     25     55535.56
1969     26     53537.09
1969     27     55527.27
1969     28     59590.73
1969     29     57130.49
1969     30     50196.54
1969     31     42164.74
1969     32     36015.99
1969     33     31094.10
1969     34     26337.63
1969     35     20653.05
1969     36     16010.41
1969     37     13786.05
1969     38     11814.76
1969     39      9441.59
1969     40      7250.87
1969     41      5332.18
1969     42      3625.20
1969     43      2385.90
1969     44      1414.58
1969     45       730.39
1969     46       342.02
1969     47       145.09
1969     48        58.94
1969     49        18.21
1969     50         4.36
1969     51         2.07
1969     52         1.26
1969     53         0.87
1969     54         0.50
1969     55+        0.07
1970     12-        2.74
1970     13        45.03
1970     14       216.95
1970     15      1261.32
1970     16      5694.10
1970     17     15623.61
1970     18     28368.40
1970     19     39804.90
1970     20     46763.83
1970     21     50410.09
1970     22     49093.25
1970     23     48539.09
1970     24     39358.58
1970     25     42397.68
1970     26     47435.10
1970     27     44916.90
1970     28     46028.98
1970     29     48441.62
1970     30     45674.65
1970     31     39478.83
1970     32     32682.54
1970     33     27718.99
1970     34     24024.89
1970     35     20347.55
1970     36     15903.28
1970     37     12375.10
1970     38     10292.95
1970     39      8444.52
1970     40      6692.20
1970     41      4916.20
1970     42      3338.80
1970     43      2058.33
1970     44      1207.50
1970     45       677.25
1970     46       333.41
1970     47       147.73
1970     48        58.07
1970     49        19.18
1970     50         7.53
1970     51         3.38
1970     52         1.52
1970     53         0.88
1970     54         0.47
1970     55+        0.07
1971     12-        3.43
1971     13        55.99
1971     14       258.13
1971     15      1463.39
1971     16      6436.20
1971     17     16542.65
1971     18     28121.48
1971     19     37405.46
1971     20     44189.07
1971     21     49481.58
1971     22     51409.44
1971     23     48499.74
1971     24     47571.98
1971     25     38544.06
1971     26     40066.08
1971     27     43578.06
1971     28     40452.21
1971     29     40221.19
1971     30     41238.81
1971     31     37689.18
1971     32     32320.94
1971     33     26845.95
1971     34     22553.26
1971     35     19377.81
1971     36     16204.88
1971     37     12428.31
1971     38      9481.07
1971     39      7706.46
1971     40      6215.81
1971     41      4689.17
1971     42      3220.67
1971     43      2022.84
1971     44      1131.13
1971     45       609.53
1971     46       287.51
1971     47       120.36
1971     48        48.12
1971     49        18.00
1971     50         8.22
1971     51         4.57
1971     52         1.96
1971     53         0.85
1971     54         0.39
1971     55+        0.05
1972     12-        2.44
1972     13        50.26
1972     14       286.47
1972     15      1584.24
1972     16      6387.98
1972     17     15534.53
1972     18     24905.35
1972     19     32792.44
1972     20     38379.20
1972     21     43290.62
1972     22     47287.75
1972     23     48122.70
1972     24     45002.28
1972     25     42944.80
1972     26     33955.13
1972     27     34858.36
1972     28     37199.27
1972     29     33705.03
1972     30     32417.24
1972     31     32494.33
1972     32     29672.38
1972     33     25109.39
1972     34     20430.40
1972     35     17014.36
1972     36     14467.92
1972     37     11842.67
1972     38      8995.04
1972     39      6758.58
1972     40      5291.85
1972     41      3946.75
1972     42      2783.14
1972     43      1728.00
1972     44       979.15
1972     45       526.62
1972     46       265.25
1972     47       114.40
1972     48        52.22
1972     49        20.82
1972     50         7.02
1972     51         4.21
1972     52         2.17
1972     53         0.88
1972     54         0.29
1972     55+        0.04
1973     12-        3.34
1973     13        58.18
1973     14       297.07
1973     15      1570.52
1973     16      5840.27
1973     17     13488.67
1973     18     21596.58
1973     19     28254.85
1973     20     33646.24
1973     21     38095.18
1973     22     42550.30
1973     23     45475.97
1973     24     45209.72
1973     25     41695.42
1973     26     38912.46
1973     27     30011.32
1973     28     29826.98
1973     29     31025.45
1973     30     27507.86
1973     31     25802.32
1973     32     25211.38
1973     33     22675.41
1973     34     19219.66
1973     35     15629.70
1973     36     12903.06
1973     37     10590.27
1973     38      8566.97
1973     39      6423.38
1973     40      4535.90
1973     41      3345.63
1973     42      2392.30
1973     43      1572.55
1973     44       874.15
1973     45       438.33
1973     46       215.42
1973     47        94.78
1973     48        41.15
1973     49        17.70
1973     50         7.42
1973     51         4.58
1973     52         2.70
1973     53         1.36
1973     54         0.45
1973     55+        0.04
1974     12-        1.04
1974     13        31.95
1974     14       244.72
1974     15      1416.20
1974     16      5508.30
1974     17     12787.72
1974     18     20442.75
1974     19     27124.07
1974     20     32604.63
1974     21     37622.83
1974     22     41682.07
1974     23     45538.04
1974     24     47458.89
1974     25     46043.81
1974     26     41034.74
1974     27     37291.40
1974     28     28042.14
1974     29     26941.14
1974     30     27257.36
1974     31     23553.52
1974     32     21513.50
1974     33     20897.22
1974     34     18428.60
1974     35     15039.77
1974     36     12007.75
1974     37      9636.76
1974     38      7751.06
1974     39      6124.49
1974     40      4388.47
1974     41      2950.17
1974     42      2079.03
1974     43      1367.41
1974     44       779.62
1974     45       417.96
1974     46       201.05
1974     47        89.58
1974     48        37.55
1974     49        14.68
1974     50         8.92
1974     51         5.67
1974     52         3.49
1974     53         2.00
1974     54         0.81
1974     55+        0.09
1975     12-        1.78
1975     13        38.02
1975     14       224.52
1975     15      1266.93
1975     16      4697.31
1975     17     10778.55
1975     18     18251.46
1975     19     24992.07
1975     20     30177.17
1975     21     35088.93
1975     22     39962.46
1975     23     42845.70
1975     24     45675.02
1975     25     46850.95
1975     26     43965.83
1975     27     38029.70
1975     28     33582.93
1975     29     24923.26
1975     30     23667.16
1975     31     23017.91
1975     32     19579.19
1975     33     17750.10
1975     34     16683.81
1975     35     14387.99
1975     36     11558.66
1975     37      8849.99
1975     38      6992.46
1975     39      5510.31
1975     40      4075.79
1975     41      2797.89
1975     42      1796.57
1975     43      1133.17
1975     44       677.47
1975     45       366.23
1975     46       171.23
1975     47        76.02
1975     48        34.13
1975     49        16.02
1975     50         7.75
1975     51         4.54
1975     52         2.66
1975     53         1.55
1975     54         0.72
1975     55+        0.09
1976     12-        1.38
1976     13        36.56
1976     14       212.50
1976     15      1142.30
1976     16      4395.75
1976     17     10112.46
1976     18     17392.08
1976     19     24819.85
1976     20     30372.37
1976     21     35125.10
1976     22     39445.03
1976     23     43403.79
1976     24     45361.42
1976     25     46604.24
1976     26     46286.19
1976     27     42241.53
1976     28     35827.35
1976     29     31029.06
1976     30     22190.93
1976     31     20431.76
1976     32     19752.70
1976     33     16470.08
1976     34     14478.77
1976     35     13322.23
1976     36     11178.51
1976     37      8844.64
1976     38      6848.61
1976     39      5103.27
1976     40      3760.75
1976     41      2672.71
1976     42      1694.69
1976     43      1047.87
1976     44       621.91
1976     45       324.28
1976     46       160.80
1976     47        68.22
1976     48        34.62
1976     49        17.43
1976     50         7.83
1976     51         4.62
1976     52         2.58
1976     53         1.45
1976     54         0.67
1976     55+        0.09
1977     12-        1.80
1977     13        31.64
1977     14       170.34
1977     15       977.43
1977     16      3912.73
1977     17      9416.48
1977     18     16270.26
1977     19     23093.04
1977     20     28873.63
1977     21     33822.30
1977     22     37543.01
1977     23     40959.61
1977     24     43877.74
1977     25     44789.96
1977     26     44818.32
1977     27     42866.97
1977     28     38441.94
1977     29     31720.47
1977     30     26513.37
1977     31     18639.85
1977     32     16618.28
1977     33     15741.55
1977     34     13127.37
1977     35     11178.96
1977     36     10054.99
1977     37      8379.07
1977     38      6374.21
1977     39      4678.61
1977     40      3368.99
1977     41      2352.00
1977     42      1601.60
1977     43       990.57
1977     44       548.80
1977     45       289.50
1977     46       155.19
1977     47        77.21
1977     48        30.32
1977     49        14.93
1977     50         9.07
1977     51         5.78
1977     52         3.37
1977     53         1.82
1977     54         0.81
1977     55+        0.10
1978     12-        1.70
1978     13        22.52
1978     14       141.12
1978     15       909.77
1978     16      3408.46
1978     17      8727.41
1978     18     15932.91
1978     19     22516.71
1978     20     27700.70
1978     21     32746.39
1978     22     37253.12
1978     23     40509.00
1978     24     42885.78
1978     25     44679.28
1978     26     44026.74
1978     27     42294.39
1978     28     39790.65
1978     29     34941.81
1978     30     27844.61
1978     31     22517.60
1978     32     15686.09
1978     33     13812.52
1978     34     12727.56
1978     35     10290.02
1978     36      8586.70
1978     37      7559.62
1978     38      6077.02
1978     39      4467.48
1978     40      3053.07
1978     41      2073.38
1978     42      1438.85
1978     43       870.28
1978     44       485.09
1978     45       263.71
1978     46       129.35
1978     47        55.58
1978     48        20.22
1978     49         8.23
1978     50         5.12
1978     51         3.34
1978     52         2.15
1978     53         1.28
1978     54         0.58
1978     55+        0.07
1979     12-        2.40
1979     13        33.52
1979     14       173.39
1979     15       916.32
1979     16      3399.09
1979     17      8196.88
1979     18     14819.90
1979     19     22411.69
1979     20     27706.14
1979     21     32148.02
1979     22     36956.15
1979     23     40567.34
1979     24     43168.65
1979     25     44747.76
1979     26     44547.74
1979     27     42693.57
1979     28     40112.83
1979     29     36624.51
1979     30     31222.08
1979     31     24235.99
1979     32     19231.61
1979     33     13171.64
1979     34     11523.34
1979     35     10335.05
1979     36      8121.32
1979     37      6660.15
1979     38      5750.86
1979     39      4454.89
1979     40      3106.94
1979     41      2006.61
1979     42      1236.90
1979     43       770.71
1979     44       436.81
1979     45       231.37
1979     46       111.86
1979     47        60.63
1979     48        43.51
1979     49        23.68
1979     50        10.54
1979     51         5.88
1979     52         3.16
1979     53         1.73
1979     54         0.75
1979     55+        0.09
1980     12-        2.58
1980     13        36.29
1980     14       166.84
1980     15       936.24
1980     16      3437.67
1980     17      8204.95
1980     18     15139.35
1980     19     23271.36
1980     20     30053.07
1980     21     35031.32
1980     22     39221.47
1980     23     43586.31
1980     24     46336.51
1980     25     47638.91
1980     26     47217.12
1980     27     45405.27
1980     28     41998.64
1980     29     38185.21
1980     30     33857.02
1980     31     27990.99
1980     32     21398.29
1980     33     16734.95
1980     34     11464.87
1980     35      9904.70
1980     36      8722.14
1980     37      6757.40
1980     38      5280.94
1980     39      4329.77
1980     40      3184.01
1980     41      2093.34
1980     42      1328.86
1980     43       783.30
1980     44       449.55
1980     45       241.23
1980     46       124.69
1980     47        53.78
1980     48        27.06
1980     49        23.02
1980     50        17.37
1980     51        10.70
1980     52         5.72
1980     53         2.83
1980     54         1.20
1980     55+        0.15
1981     12-        3.47
1981     13        31.43
1981     14       120.38
1981     15       778.08
1981     16      3028.11
1981     17      7454.04
1981     18     14276.81
1981     19     22057.67
1981     20     29194.93
1981     21     35560.03
1981     22     40162.25
1981     23     43470.29
1981     24     46818.64
1981     25     48141.57
1981     26     47216.50
1981     27     45167.57
1981     28     42520.88
1981     29     38400.91
1981     30     33871.63
1981     31     29450.03
1981     32     23903.22
1981     33     17836.49
1981     34     13952.44
1981     35      9351.82
1981     36      7785.94
1981     37      6699.06
1981     38      4995.57
1981     39      3892.92
1981     40      3120.05
1981     41      2175.72
1981     42      1371.26
1981     43       772.84
1981     44       437.74
1981     45       262.56
1981     46       119.79
1981     47        60.36
1981     48        40.96
1981     49        23.44
1981     50        13.81
1981     51         8.19
1981     52         4.34
1981     53         2.21
1981     54         0.92
1981     55+        0.12
1982     12-        2.43
1982     13        27.85
1982     14       126.14
1982     15       718.33
1982     16      2556.30
1982     17      6596.28
1982     18     12916.30
1982     19     20324.78
1982     20     27543.17
1982     21     34435.80
1982     22     40132.71
1982     23     44184.92
1982     24     47029.17
1982     25     48721.39
1982     26     47899.22
1982     27     45627.22
1982     28     42459.04
1982     29     38726.25
1982     30     33815.57
1982     31     28931.47
1982     32     24301.60
1982     33     19188.38
1982     34     14411.78
1982     35     11008.87
1982     36      7155.58
1982     37      5929.26
1982     38      4995.88
1982     39      3661.58
1982     40      2654.58
1982     41      2000.21
1982     42      1357.46
1982     43       800.65
1982     44       449.96
1982     45       220.72
1982     46       108.10
1982     47        57.45
1982     48        36.99
1982     49        26.26
1982     50        15.53
1982     51         9.26
1982     52         4.98
1982     53         2.46
1982     54         1.01
1982     55+        0.12
1983     12-        0.53
1983     13        17.43
1983     14       124.08
1983     15       573.87
1983     16      2031.68
1983     17      5181.10
1983     18     10508.78
1983     19     17540.65
1983     20     24416.78
1983     21     31036.41
1983     22     37742.25
1983     23     42963.15
1983     24     46211.51
1983     25     47547.33
1983     26     47171.12
1983     27     44616.84
1983     28     41104.23
1983     29     37259.66
1983     30     32886.88
1983     31     27770.27
1983     32     23389.96
1983     33     19353.95
1983     34     15207.30
1983     35     11124.91
1983     36      8333.83
1983     37      5364.18
1983     38      4211.89
1983     39      3433.63
1983     40      2436.04
1983     41      1731.57
1983     42      1238.56
1983     43       760.55
1983     44       426.06
1983     45       219.88
1983     46       109.29
1983     47        54.93
1983     48        25.31
1983     49        16.67
1983     50        14.27
1983     51         9.82
1983     52         5.67
1983     53         2.91
1983     54         1.16
1983     55+        0.14
1984     12-        1.66
1984     13        24.28
1984     14       110.81
1984     15       531.96
1984     16      1789.27
1984     17      4388.53
1984     18      8952.18
1984     19     15441.32
1984     20     21780.59
1984     21     28068.78
1984     22     34641.16
1984     23     40941.79
1984     24     45823.85
1984     25     48221.11
1984     26     47654.14
1984     27     45681.76
1984     28     41946.47
1984     29     37528.76
1984     30     33223.09
1984     31     28407.04
1984     32     23261.04
1984     33     19220.84
1984     34     15819.61
1984     35     12293.48
1984     36      8746.71
1984     37      6289.17
1984     38      3892.45
1984     39      2993.32
1984     40      2389.88
1984     41      1576.38
1984     42      1017.87
1984     43       680.83
1984     44       398.06
1984     45       208.50
1984     46       107.81
1984     47        46.65
1984     48        23.09
1984     49        15.63
1984     50         7.98
1984     51         4.38
1984     52         2.56
1984     53         1.46
1984     54         0.66
1984     55+        0.08
1985     12-        1.63
1985     13        25.06
1985     14       110.68
1985     15       505.89
1985     16      1660.86
1985     17      4062.17
1985     18      8175.66
1985     19     13718.37
1985     20     19849.07
1985     21     26249.10
1985     22     33019.72
1985     23     39666.12
1985     24     45475.52
1985     25     48851.31
1985     26     49186.30
1985     27     46703.22
1985     28     43450.05
1985     29     39080.06
1985     30     34204.14
1985     31     29126.51
1985     32     24193.31
1985     33     19699.65
1985     34     16201.24
1985     35     13023.18
1985     36      9657.27
1985     37      6625.72
1985     38      4656.30
1985     39      2828.78
1985     40      2111.39
1985     41      1611.11
1985     42      1008.81
1985     43       609.02
1985     44       387.97
1985     45       210.81
1985     46        98.48
1985     47        44.52
1985     48        21.90
1985     49        15.95
1985     50        13.12
1985     51         7.95
1985     52         4.00
1985     53         2.08
1985     54         0.90
1985     55+        0.11
1986     12-        2.03
1986     13        27.57
1986     14       105.44
1986     15       471.63
1986     16      1619.84
1986     17      3959.46
1986     18      7686.64
1986     19     13136.16
1986     20     19263.42
1986     21     25991.86
1986     22     33618.61
1986     23     40676.25
1986     24     47511.25
1986     25     52694.29
1986     26     53698.89
1986     27     52082.95
1986     28     47884.62
1986     29     43326.98
1986     30     37801.14
1986     31     31997.92
1986     32     26597.77
1986     33     21469.01
1986     34     17241.97
1986     35     13777.22
1986     36     10743.40
1986     37      7845.88
1986     38      5234.77
1986     39      3638.10
1986     40      2066.43
1986     41      1466.55
1986     42      1018.01
1986     43       583.88
1986     44       326.80
1986     45       187.37
1986     46       101.45
1986     47        44.33
1986     48        27.72
1986     49        17.54
1986     50         8.58
1986     51         4.95
1986     52         2.51
1986     53         1.21
1986     54         0.55
1986     55+        0.07
1987     12-        0.91
1987     13        18.92
1987     14        97.44
1987     15       477.78
1987     16      1652.56
1987     17      3951.94
1987     18      7723.98
1987     19     12793.87
1987     20     18661.24
1987     21     25083.16
1987     22     32394.17
1987     23     40171.40
1987     24     47155.62
1987     25     52357.27
1987     26     55002.49
1987     27     54373.05
1987     28     50833.92
1987     29     45272.16
1987     30     39920.18
1987     31     33891.01
1987     32     28056.36
1987     33     22856.71
1987     34     18542.54
1987     35     14517.26
1987     36     11279.88
1987     37      8522.42
1987     38      6025.60
1987     39      3953.21
1987     40      2661.16
1987     41      1482.92
1987     42       952.07
1987     43       589.24
1987     44       319.97
1987     45       185.68
1987     46       110.83
1987     47        55.07
1987     48        24.59
1987     49        15.42
1987     50        11.47
1987     51         7.53
1987     52         4.19
1987     53         1.99
1987     54         0.75
1987     55+        0.09
1988     12-        1.41
1988     13        26.79
1988     14       121.78
1988     15       520.30
1988     16      1723.60
1988     17      4106.53
1988     18      7907.50
1988     19     13083.79
1988     20     18367.80
1988     21     24587.60
1988     22     31928.70
1988     23     40109.29
1988     24     48635.96
1988     25     55148.55
1988     26     58062.44
1988     27     57906.65
1988     28     54704.19
1988     29     49825.64
1988     30     43533.90
1988     31     37250.22
1988     32     30624.54
1988     33     24579.48
1988     34     19900.34
1988     35     15676.32
1988     36     11812.29
1988     37      8978.91
1988     38      6703.45
1988     39      4592.77
1988     40      2825.44
1988     41      1783.61
1988     42       946.11
1988     43       554.70
1988     44       339.25
1988     45       179.03
1988     46        83.72
1988     47        45.83
1988     48        30.29
1988     49        20.03
1988     50        13.67
1988     51         8.50
1988     52         4.71
1988     53         2.37
1988     54         0.90
1988     55+        0.10
1989     12-        1.62
1989     13        25.38
1989     14       119.20
1989     15       558.42
1989     16      1743.71
1989     17      3994.79
1989     18      7930.59
1989     19     13103.68
1989     20     18378.32
1989     21     23600.48
1989     22     30099.07
1989     23     38198.57
1989     24     46590.09
1989     25     54320.95
1989     26     58229.22
1989     27     57929.57
1989     28     56129.02
1989     29     51610.62
1989     30     45356.62
1989     31     38060.03
1989     32     31943.59
1989     33     25873.24
1989     34     20376.00
1989     35     16219.83
1989     36     12644.39
1989     37      9437.44
1989     38      6714.33
1989     39      4802.24
1989     40      3269.12
1989     41      1881.91
1989     42      1105.16
1989     43       564.95
1989     44       323.24
1989     45       175.34
1989     46        78.40
1989     47        47.94
1989     48        36.28
1989     49        25.11
1989     50        18.02
1989     51        10.82
1989     52         5.68
1989     53         2.80
1989     54         1.10
1989     55+        0.13
1990     12-        0.26
1990     13        28.91
1990     14       156.46
1990     15       482.23
1990     16      1601.97
1990     17      3818.28
1990     18      7821.27
1990     19     12888.77
1990     20     18066.03
1990     21     23716.31
1990     22     29671.86
1990     23     37258.76
1990     24     46004.93
1990     25     54263.78
1990     26     59770.00
1990     27     61189.77
1990     28     59241.21
1990     29     55061.89
1990     30     48763.05
1990     31     41548.23
1990     32     34177.40
1990     33     27829.99
1990     34     22174.34
1990     35     17213.78
1990     36     12775.29
1990     37      9544.08
1990     38      6942.61
1990     39      4975.75
1990     40      3448.33
1990     41      2107.26
1990     42      1169.52
1990     43       653.69
1990     44       316.11
1990     45       164.53
1990     46        87.81
1990     47        55.55
1990     48        37.25
1990     49        13.15
1990     50         3.87
1990     51         2.33
1990     52         1.31
1990     53         0.71
1990     54         0.31
1990     55+        0.04
1991     12-        0.37
1991     13        43.83
1991     14       194.93
1991     15       477.74
1991     16      1621.45
1991     17      3881.48
1991     18      7682.71
1991     19     12805.47
1991     20     18000.87
1991     21     22800.26
1991     22     28568.50
1991     23     34905.82
1991     24     42589.77
1991     25     50888.44
1991     26     57631.58
1991     27     60892.67
1991     28     59614.87
1991     29     55640.42
1991     30     50283.12
1991     31     42940.90
1991     32     35622.04
1991     33     28595.02
1991     34     22910.97
1991     35     17781.65
1991     36     13538.56
1991     37     10002.54
1991     38      7144.08
1991     39      5012.25
1991     40      3474.07
1991     41      2249.37
1991     42      1299.68
1991     43       676.41
1991     44       328.03
1991     45       136.41
1991     46        68.01
1991     47        40.10
1991     48        29.88
1991     49        14.24
1991     50         5.12
1991     51         3.17
1991     52         1.78
1991     53         0.95
1991     54         0.40
1991     55+        0.05
1992     12-        0.37
1992     13        41.10
1992     14       198.26
1992     15       525.55
1992     16      1675.77
1992     17      3882.62
1992     18      7563.48
1992     19     12290.53
1992     20     17373.97
1992     21     22219.24
1992     22     27205.51
1992     23     33445.25
1992     24     40411.00
1992     25     48236.51
1992     26     54970.24
1992     27     59265.17
1992     28     59989.28
1992     29     56903.18
1992     30     51438.64
1992     31     45085.89
1992     32     37276.25
1992     33     30116.97
1992     34     23980.74
1992     35     18757.18
1992     36     14131.00
1992     37     10357.68
1992     38      7480.90
1992     39      5334.52
1992     40      3599.73
1992     41      2295.82
1992     42      1412.62
1992     43       764.66
1992     44       360.18
1992     45       165.06
1992     46        72.95
1992     47        38.90
1992     48        23.15
1992     49         8.87
1992     50         2.89
1992     51         2.06
1992     52         1.28
1992     53         0.72
1992     54         0.30
1992     55+        0.04
1993     12-        0.25
1993     13        26.69
1993     14       168.45
1993     15       493.09
1993     16      1499.33
1993     17      3541.21
1993     18      7025.25
1993     19     11484.20
1993     20     15973.03
1993     21     20582.72
1993     22     25373.43
1993     23     30939.30
1993     24     38574.66
1993     25     46262.28
1993     26     53190.14
1993     27     58329.95
1993     28     59931.42
1993     29     59005.14
1993     30     54485.49
1993     31     46433.11
1993     32     39083.02
1993     33     31982.79
1993     34     25365.54
1993     35     19496.98
1993     36     14865.59
1993     37     10786.26
1993     38      7636.80
1993     39      5392.25
1993     40      3584.88
1993     41      2246.68
1993     42      1412.85
1993     43       795.11
1993     44       408.06
1993     45       185.41
1993     46        84.39
1993     47        31.43
1993     48        20.16
1993     49        10.15
1993     50         2.22
1993     51         1.46
1993     52         0.98
1993     53         0.58
1993     54         0.24
1993     55+        0.03
1994     12-        0.21
1994     13        22.78
1994     14       162.50
1994     15       504.01
1994     16      1462.83
1994     17      3277.81
1994     18      6285.96
1994     19     10449.88
1994     20     14629.25
1994     21     18569.85
1994     22     23273.16
1994     23     28361.50
1994     24     34112.41
1994     25     41656.58
1994     26     48527.11
1994     27     54092.20
1994     28     57374.76
1994     29     57746.17
1994     30     54084.06
1994     31     47280.24
1994     32     39881.15
1994     33     32930.53
1994     34     26156.12
1994     35     20241.34
1994     36     15175.04
1994     37     11185.66
1994     38      7998.34
1994     39      5565.02
1994     40      3686.90
1994     41      2341.33
1994     42      1390.13
1994     43       802.59
1994     44       420.41
1994     45       204.99
1994     46        82.56
1994     47        27.76
1994     48        16.18
1994     49         5.84
1994     50         1.22
1994     51         0.74
1994     52         0.46
1994     53         0.29
1994     54         0.12
1994     55+        0.02
1995     12-        0.23
1995     13        23.91
1995     14       146.07
1995     15       455.94
1995     16      1402.83
1995     17      3111.63
1995     18      5979.41
1995     19      9755.78
1995     20     13687.25
1995     21     17404.64
1995     22     21099.44
1995     23     25877.88
1995     24     31565.26
1995     25     38121.55
1995     26     45565.98
1995     27     51635.91
1995     28     55947.09
1995     29     56867.27
1995     30     54355.55
1995     31     49232.10
1995     32     42222.79
1995     33     34657.46
1995     34     28120.52
1995     35     21923.87
1995     36     16230.90
1995     37     11779.56
1995     38      8615.47
1995     39      5872.01
1995     40      3820.01
1995     41      2402.94
1995     42      1424.32
1995     43       774.79
1995     44       423.47
1995     45       205.04
1995     46        81.27
1995     47        30.89
1995     48        13.45
1995     49         3.94
1995     50         1.03
1995     51         0.73
1995     52         0.42
1995     53         0.25
1995     54         0.13
1995     55+        0.02
1996     12-        0.21
1996     13        23.54
1996     14       156.86
1996     15       500.41
1996     16      1476.15
1996     17      3196.24
1996     18      6131.87
1996     19     10030.56
1996     20     13911.25
1996     21     17813.10
1996     22     21444.03
1996     23     25271.60
1996     24     30852.27
1996     25     37471.30
1996     26     43923.70
1996     27     50832.85
1996     28     55979.19
1996     29     58256.75
1996     30     56845.98
1996     31     52332.48
1996     32     45735.58
1996     33     37829.98
1996     34     30244.27
1996     35     24088.22
1996     36     18189.61
1996     37     13160.05
1996     38      9292.59
1996     39      6498.98
1996     40      4235.47
1996     41      2596.54
1996     42      1520.17
1996     43       842.89
1996     44       421.77
1996     45       195.22
1996     46        93.99
1996     47        34.51
1996     48        16.64
1996     49         6.88
1996     50         1.32
1996     51         0.87
1996     52         0.59
1996     53         0.33
1996     54         0.15
1996     55+        0.02
1997     12-        0.24
1997     13        24.31
1997     14       158.01
1997     15       473.13
1997     16      1463.66
1997     17      3320.74
1997     18      6139.94
1997     19      9924.66
1997     20     13672.01
1997     21     17434.80
1997     22     21190.24
1997     23     24533.88
1997     24     29006.63
1997     25     35357.71
1997     26     41889.41
1997     27     48132.58
1997     28     54435.10
1997     29     58043.48
1997     30     58277.02
1997     31     54532.43
1997     32     48052.59
1997     33     40685.71
1997     34     33497.91
1997     35     26435.82
1997     36     20250.48
1997     37     14821.15
1997     38     10533.89
1997     39      7184.86
1997     40      4766.16
1997     41      2973.34
1997     42      1730.62
1997     43       909.80
1997     44       450.56
1997     45       211.65
1997     46       109.38
1997     47        59.33
1997     48        20.68
1997     49         4.62
1997     50         1.15
1997     51         0.59
1997     52         0.37
1997     53         0.25
1997     54         0.11
1997     55+        0.01
1998     12-        0.24
1998     13        24.60
1998     14       153.65
1998     15       471.35
1998     16      1439.85
1998     17      3374.89
1998     18      6334.15
1998     19      9901.73
1998     20     13669.99
1998     21     17003.05
1998     22     20298.14
1998     23     23583.26
1998     24     27023.83
1998     25     31535.64
1998     26     37538.57
1998     27     43288.25
1998     28     48483.12
1998     29     53668.95
1998     30     54803.36
1998     31     52473.48
1998     32     47499.27
1998     33     40954.93
1998     34     34285.26
1998     35     27530.04
1998     36     20894.19
1998     37     15450.55
1998     38     10941.50
1998     39      7545.89
1998     40      4939.92
1998     41      3033.77
1998     42      1742.91
1998     43       946.02
1998     44       492.32
1998     45       214.45
1998     46        85.72
1998     47        53.96
1998     48        28.98
1998     49         6.68
1998     50         1.62
1998     51         0.97
1998     52         0.48
1998     53         0.28
1998     54         0.15
1998     55+        0.02
1999     12-        0.22
1999     13        20.61
1999     14       141.54
1999     15       465.09
1999     16      1448.78
1999     17      3318.78
1999     18      6418.90
1999     19     10043.88
1999     20     13268.56
1999     21     16741.31
1999     22     20027.43
1999     23     22777.53
1999     24     26264.71
1999     25     29993.04
1999     26     33934.82
1999     27     39712.79
1999     28     45061.77
1999     29     48763.50
1999     30     51806.56
1999     31     51318.67
1999     32     47266.37
1999     33     41361.95
1999     34     35089.27
1999     35     28636.36
1999     36     21972.12
1999     37     15913.06
1999     38     11614.35
1999     39      8165.88
1999     40      5251.33
1999     41      3276.99
1999     42      1957.75
1999     43      1002.76
1999     44       456.27
1999     45       212.32
1999     46        87.44
1999     47        43.32
1999     48        33.84
1999     49        10.94
1999     50         2.45
1999     51         1.39
1999     52         0.79
1999     53         0.37
1999     54         0.17
1999     55+        0.02
2000     12-        0.09
2000     13         8.53
2000     14       114.89
2000     15       509.30
2000     16      1449.95
2000     17      3368.36
2000     18      6491.28
2000     19     10614.97
2000     20     13986.20
2000     21     16772.59
2000     22     20051.88
2000     23     22897.14
2000     24     25847.60
2000     25     29571.92
2000     26     32715.24
2000     27     36481.85
2000     28     41913.43
2000     29     45948.37
2000     30     47963.97
2000     31     49232.64
2000     32     46996.09
2000     33     42241.51
2000     34     35999.17
2000     35     29405.21
2000     36     23141.96
2000     37     17330.54
2000     38     12605.29
2000     39      8955.67
2000     40      5875.75
2000     41      3498.08
2000     42      2044.98
2000     43      1132.49
2000     44       521.59
2000     45       241.64
2000     46        91.48
2000     47        33.80
2000     48        19.83
2000     49        12.71
2000     50         7.35
2000     51         3.30
2000     52         1.87
2000     53         1.05
2000     54         0.39
2000     55+        0.05
2001     12-        0.16
2001     13        16.14
2001     14       160.78
2001     15       571.45
2001     16      1592.52
2001     17      3345.01
2001     18      6347.67
2001     19     10405.77
2001     20     14092.70
2001     21     17015.63
2001     22     19467.10
2001     23     22316.94
2001     24     25149.07
2001     25     27967.82
2001     26     30891.74
2001     27     33542.92
2001     28     36859.04
2001     29     41615.82
2001     30     44064.70
2001     31     44389.00
2001     32     44066.76
2001     33     40805.81
2001     34     35697.53
2001     35     29728.18
2001     36     23620.49
2001     37     18027.57
2001     38     13025.44
2001     39      9000.53
2001     40      6073.55
2001     41      3683.85
2001     42      2118.20
2001     43      1116.09
2001     44       559.90
2001     45       272.06
2001     46       119.34
2001     47        39.71
2001     48        11.48
2001     49        10.22
2001     50        12.51
2001     51        10.99
2001     52         7.01
2001     53         3.37
2001     54         1.31
2001     55+        0.13
2002     12-        0.15
2002     13        15.79
2002     14       158.51
2002     15       602.12
2002     16      1611.55
2002     17      3329.93
2002     18      5908.95
2002     19      9632.67
2002     20     13428.64
2002     21     16882.36
2002     22     19506.01
2002     23     21793.00
2002     24     24818.59
2002     25     27657.07
2002     26     29970.95
2002     27     32578.71
2002     28     35158.85
2002     29     37761.39
2002     30     41183.82
2002     31     42236.91
2002     32     41184.25
2002     33     39762.14
2002     34     35916.67
2002     35     30694.81
2002     36     24629.71
2002     37     18685.44
2002     38     13744.82
2002     39      9848.19
2002     40      6599.26
2002     41      4087.59
2002     42      2318.11
2002     43      1265.97
2002     44       638.52
2002     45       275.16
2002     46       108.11
2002     47        47.00
2002     48        28.81
2002     49        13.72
2002     50         5.19
2002     51         4.18
2002     52         2.85
2002     53         1.70
2002     54         0.74
2002     55+        0.09
2003     12-        0.15
2003     13        14.60
2003     14       143.94
2003     15       553.11
2003     16      1572.20
2003     17      3198.27
2003     18      5735.98
2003     19      8922.33
2003     20     12382.83
2003     21     16062.27
2003     22     19425.88
2003     23     21739.60
2003     24     24277.01
2003     25     27605.82
2003     26     30167.44
2003     27     32190.77
2003     28     34345.52
2003     29     36140.90
2003     30     37839.54
2003     31     39864.09
2003     32     39618.29
2003     33     37390.85
2003     34     35246.52
2003     35     31071.27
2003     36     25241.82
2003     37     19469.42
2003     38     14534.61
2003     39     10432.60
2003     40      6910.33
2003     41      4223.76
2003     42      2517.31
2003     43      1350.18
2003     44       634.57
2003     45       296.44
2003     46       140.84
2003     47        56.08
2003     48        28.71
2003     49        10.21
2003     50         2.46
2003     51         3.16
2003     52         2.58
2003     53         1.76
2003     54         0.86
2003     55+        0.11
2004     12-        0.13
2004     13        13.55
2004     14       131.09
2004     15       524.31
2004     16      1459.24
2004     17      3022.62
2004     18      5419.56
2004     19      8545.92
2004     20     11494.60
2004     21     15126.31
2004     22     18649.08
2004     23     22145.91
2004     24     24953.99
2004     25     27241.45
2004     26     30292.94
2004     27     32463.73
2004     28     34233.06
2004     29     35901.89
2004     30     36746.86
2004     31     37291.88
2004     32     38356.63
2004     33     37153.45
2004     34     34132.98
2004     35     31046.20
2004     36     26115.19
2004     37     20529.02
2004     38     15475.85
2004     39     11302.51
2004     40      7586.40
2004     41      4597.21
2004     42      2618.87
2004     43      1423.61
2004     44       706.66
2004     45       325.71
2004     46       132.88
2004     47        65.39
2004     48        34.77
2004     49        12.26
2004     50         6.32
2004     51         5.24
2004     52         3.52
2004     53         2.10
2004     54         0.97
2004     55+        0.13
2005     12-        0.14
2005     13        13.83
2005     14       139.88
2005     15       513.75
2005     16      1426.27
2005     17      2892.66
2005     18      5283.93
2005     19      8379.95
2005     20     11277.71
2005     21     13928.60
2005     22     17314.45
2005     23     20914.36
2005     24     24516.43
2005     25     27342.06
2005     26     29562.95
2005     27     32066.11
2005     28     33779.77
2005     29     34943.22
2005     30     35876.14
2005     31     35632.96
2005     32     34801.92
2005     33     34883.37
2005     34     32668.94
2005     35     29189.94
2005     36     25479.02
2005     37     20655.65
2005     38     16040.79
2005     39     11754.28
2005     40      7903.62
2005     41      4918.97
2005     42      2944.65
2005     43      1605.92
2005     44       770.35
2005     45       348.81
2005     46       158.65
2005     47        81.68
2005     48        47.36
2005     49        14.04
2005     50         4.69
2005     51         5.73
2005     52         4.39
2005     53         2.68
2005     54         1.22
2005     55+        0.16
2006     12-        0.14
2006     13        13.91
2006     14       117.55
2006     15       468.05
2006     16      1334.85
2006     17      2724.89
2006     18      5039.12
2006     19      8143.82
2006     20     10813.15
2006     21     13455.86
2006     22     16037.46
2006     23     19552.94
2006     24     23400.54
2006     25     27218.51
2006     26     29646.21
2006     27     31333.39
2006     28     33648.92
2006     29     35149.29
2006     30     35524.21
2006     31     34915.11
2006     32     33486.01
2006     33     31781.61
2006     34     30855.75
2006     35     28334.34
2006     36     24260.60
2006     37     20446.61
2006     38     16428.73
2006     39     12319.49
2006     40      8413.53
2006     41      5309.18
2006     42      3216.83
2006     43      1739.54
2006     44       846.63
2006     45       409.78
2006     46       169.31
2006     47        60.33
2006     48        31.01
2006     49        18.66
2006     50         9.55
2006     51         7.23
2006     52         4.57
2006     53         2.53
2006     54         1.11
2006     55+        0.14
2007     12-        0.11
2007     13        11.19
2007     14       116.92
2007     15       459.40
2007     16      1281.41
2007     17      2611.61
2007     18      4896.88
2007     19      7890.88
2007     20     10675.28
2007     21     13076.73
2007     22     15751.26
2007     23     18397.57
2007     24     22282.30
2007     25     26682.53
2007     26     30625.32
2007     27     32841.70
2007     28     34160.89
2007     29     36276.54
2007     30     36940.37
2007     31     35963.58
2007     32     34606.21
2007     33     32415.41
2007     34     30104.65
2007     35     28498.16
2007     36     25065.50
2007     37     20538.74
2007     38     16733.85
2007     39     12915.81
2007     40      9144.90
2007     41      5845.12
2007     42      3405.50
2007     43      1887.10
2007     44       961.18
2007     45       426.71
2007     46       194.02
2007     47       104.03
2007     48        49.94
2007     49        23.95
2007     50        13.88
2007     51         7.36
2007     52         4.19
2007     53         2.25
2007     54         0.96
2007     55+        0.12
2008     12-        0.13
2008     13        11.70
2008     14       114.57
2008     15       459.47
2008     16      1260.52
2008     17      2542.37
2008     18      4574.70
2008     19      7566.78
2008     20     10406.63
2008     21     12747.94
2008     22     14950.68
2008     23     17842.10
2008     24     20876.87
2008     25     25213.65
2008     26     29542.46
2008     27     33188.21
2008     28     35046.78
2008     29     35940.47
2008     30     37343.97
2008     31     36928.23
2008     32     35020.58
2008     33     32592.86
2008     34     29749.47
2008     35     27046.15
2008     36     24325.57
2008     37     20562.31
2008     38     16568.56
2008     39     13253.44
2008     40      9672.94
2008     41      6196.36
2008     42      3682.21
2008     43      2050.85
2008     44      1047.52
2008     45       487.65
2008     46       217.73
2008     47       100.94
2008     48        48.18
2008     49        22.52
2008     50        11.98
2008     51         7.70
2008     52         4.58
2008     53         2.46
2008     54         1.07
2008     55+        0.13
2009     12-        0.13
2009     13        10.42
2009     14        87.68
2009     15       358.15
2009     16      1101.88
2009     17      2222.89
2009     18      4211.89
2009     19      6970.05
2009     20      9666.05
2009     21     12145.34
2009     22     14479.26
2009     23     16822.47
2009     24     20025.19
2009     25     23513.14
2009     26     27804.20
2009     27     31683.06
2009     28     34965.21
2009     29     36459.92
2009     30     36584.34
2009     31     36565.21
2009     32     35004.64
2009     33     32479.95
2009     34     29389.19
2009     35     25927.94
2009     36     22628.16
2009     37     19714.82
2009     38     16189.22
2009     39     12655.76
2009     40      9543.51
2009     41      6254.67
2009     42      3706.88
2009     43      2111.60
2009     44      1097.49
2009     45       513.61
2009     46       226.19
2009     47       115.15
2009     48        63.82
2009     49        33.54
2009     50        21.23
2009     51        13.37
2009     52         7.52
2009     53         3.65
2009     54         1.43
2009     55+        0.18
2010     12-        0.12
2010     13        10.75
2010     14        90.11
2010     15       339.45
2010     16      1013.63
2010     17      2140.82
2010     18      3995.88
2010     19      6774.98
2010     20      9181.14
2010     21     11745.76
2010     22     14351.71
2010     23     16945.53
2010     24     19847.01
2010     25     23433.47
2010     26     26909.50
2010     27     31392.72
2010     28     35320.98
2010     29     38245.01
2010     30     39023.40
2010     31     37744.67
2010     32     36581.71
2010     33     34041.26
2010     34     30624.15
2010     35     27069.09
2010     36     23004.01
2010     37     19146.21
2010     38     16177.58
2010     39     12965.02
2010     40      9469.52
2010     41      6425.63
2010     42      3892.81
2010     43      2143.94
2010     44      1162.54
2010     45       589.97
2010     46       269.97
2010     47       117.55
2010     48        55.94
2010     49        37.34
2010     50        27.37
2010     51        19.24
2010     52        10.56
2010     53         4.92
2010     54         1.82
2010     55+        0.21
2011     12-        0.09
2011     13         8.62
2011     14        96.17
2011     15       344.00
2011     16       893.95
2011     17      1902.11
2011     18      3667.12
2011     19      6046.12
2011     20      8638.10
2011     21     10946.41
2011     22     13244.96
2011     23     16094.72
2011     24     19302.83
2011     25     22440.88
2011     26     25910.70
2011     27     29419.92
2011     28     33973.81
2011     29     37286.60
2011     30     39481.56
2011     31     39049.41
2011     32     36277.31
2011     33     34080.79
2011     34     31117.11
2011     35     27229.81
2011     36     23069.88
2011     37     18674.29
2011     38     14999.47
2011     39     12384.22
2011     40      9319.56
2011     41      6134.24
2011     42      3835.02
2011     43      2199.00
2011     44      1160.94
2011     45       568.72
2011     46       249.58
2011     47       120.14
2011     48        70.38
2011     49        43.37
2011     50        32.19
2011     51        24.31
2011     52        13.41
2011     53         5.85
2011     54         2.09
2011     55+        0.24
2012     12-        0.10
2012     13         9.16
2012     14        91.85
2012     15       343.04
2012     16       916.04
2012     17      1878.70
2012     18      3466.94
2012     19      5904.54
2012     20      8281.16
2012     21     10793.28
2012     22     13079.61
2012     23     15938.28
2012     24     19264.25
2012     25     23021.94
2012     26     26295.51
2012     27     29827.34
2012     28     33078.36
2012     29     37332.42
2012     30     40420.43
2012     31     40881.85
2012     32     38691.24
2012     33     35139.35
2012     34     32130.72
2012     35     28330.79
2012     36     23730.73
2012     37     19168.46
2012     38     15174.97
2012     39     11947.51
2012     40      9046.17
2012     41      6118.64
2012     42      3811.89
2012     43      2203.98
2012     44      1173.24
2012     45       621.73
2012     46       297.79
2012     47       147.39
2012     48        88.09
2012     49        38.95
2012     50        22.85
2012     51        21.82
2012     52        13.30
2012     53         6.15
2012     54         2.20
2012     55+        0.26
2013     12-        0.09
2013     13         8.07
2013     14        93.14
2013     15       353.76
2013     16       899.26
2013     17      1847.44
2013     18      3411.82
2013     19      5493.18
2013     20      7741.15
2013     21      9926.32
2013     22     12789.11
2013     23     15541.59
2013     24     18976.56
2013     25     23189.22
2013     26     26876.40
2013     27     29957.94
2013     28     33646.02
2013     29     36540.53
2013     30     40122.91
2013     31     41831.43
2013     32     40815.38
2013     33     37645.19
2013     34     33486.38
2013     35     29475.33
2013     36     24832.71
2013     37     20217.64
2013     38     15915.25
2013     39     12140.56
2013     40      8758.23
2013     41      6053.73
2013     42      3837.18
2013     43      2214.77
2013     44      1201.76
2013     45       597.84
2013     46       313.49
2013     47       149.39
2013     48        70.31
2013     49        47.51
2013     50        33.64
2013     51        21.55
2013     52        11.68
2013     53         5.33
2013     54         1.97
2013     55+        0.23
2014     12-        0.13
2014     13        12.35
2014     14       109.47
2014     15       356.25
2014     16       923.24
2014     17      1930.71
2014     18      3368.46
2014     19      5409.12
2014     20      7566.82
2014     21      9840.39
2014     22     12371.29
2014     23     15755.50
2014     24     19265.67
2014     25     23664.68
2014     26     28051.31
2014     27     32021.74
2014     28     35358.37
2014     29     38853.21
2014     30     41431.68
2014     31     43677.43
2014     32     43250.63
2014     33     40918.72
2014     34     36706.06
2014     35     31370.59
2014     36     26562.12
2014     37     21615.79
2014     38     16991.02
2014     39     12987.54
2014     40      9216.20
2014     41      6119.32
2014     42      3964.40
2014     43      2282.37
2014     44      1187.43
2014     45       644.17
2014     46       329.86
2014     47       174.33
2014     48        89.01
2014     49        43.91
2014     50        34.50
2014     51        25.28
2014     52        13.95
2014     53         6.38
2014     54         2.32
2014     55+        0.27
2015     12-        0.16
2015     13        16.31
2015     14       133.10
2015     15       386.81
2015     16       923.30
2015     17      1851.19
2015     18      3479.68
2015     19      5541.75
2015     20      7641.85
2015     21      9893.89
2015     22     12456.70
2015     23     15458.67
2015     24     19763.31
2015     25     24021.86
2015     26     28821.74
2015     27     33684.26
2015     28     37753.37
2015     29     40392.35
2015     30     43107.70
2015     31     43910.82
2015     32     44429.14
2015     33     42679.50
2015     34     39063.09
2015     35     33975.27
2015     36     27767.69
2015     37     22487.82
2015     38     17696.03
2015     39     13480.31
2015     40      9754.00
2015     41      6212.92
2015     42      3659.62
2015     43      2229.00
2015     44      1254.64
2015     45       637.91
2015     46       341.18
2015     47       177.24
2015     48        94.57
2015     49        58.24
2015     50        37.03
2015     51        24.36
2015     52        13.16
2015     53         5.98
2015     54         2.24
2015     55+        0.26
2016     12-        0.14
2016     13        13.93
2016     14       121.86
2016     15       415.00
2016     16      1060.95
2016     17      2168.36
2016     18      4131.57
2016     19      6694.26
2016     20      8806.99
2016     21     11200.58
2016     22     13533.22
2016     23     16489.28
2016     24     20250.23
2016     25     25686.72
2016     26     30752.73
2016     27     35819.48
2016     28     40757.59
2016     29     44468.48
2016     30     46357.51
2016     31     47445.23
2016     32     46030.26
2016     33     44706.36
2016     34     41705.95
2016     35     37454.29
2016     36     31186.97
2016     37     24320.00
2016     38     19347.28
2016     39     14777.98
2016     40     10378.59
2016     41      6713.88
2016     42      4086.17
2016     43      2348.00
2016     44      1292.64
2016     45       718.99
2016     46       386.10
2016     47       206.36
2016     48       126.51
2016     49        80.34
2016     50        54.97
2016     51        36.01
2016     52        18.93
2016     53         8.16
2016     54         2.84
2016     55+        0.33
2017     12-        0.13
2017     13        11.81
2017     14        98.00
2017     15       329.78
2017     16       873.16
2017     17      1815.67
2017     18      3505.21
2017     19      5764.43
2017     20      8244.08
2017     21     10397.03
2017     22     12601.09
2017     23     15498.96
2017     24     19406.35
2017     25     24209.57
2017     26     30305.81
2017     27     35195.72
2017     28     40368.29
2017     29     45184.43
2017     30     47937.24
2017     31     48040.68
2017     32     46894.04
2017     33     43873.16
2017     34     41294.66
2017     35     37508.72
2017     36     32195.30
2017     37     25546.46
2017     38     19527.29
2017     39     15072.01
2017     40     10635.63
2017     41      6796.68
2017     42      4161.81
2017     43      2351.41
2017     44      1293.52
2017     45       723.57
2017     46       362.48
2017     47       185.22
2017     48       105.94
2017     49        70.45
2017     50        52.56
2017     51        35.38
2017     52        18.75
2017     53         8.29
2017     54         2.93
2017     55+        0.33
