West Germany, Period fertility rates by calendar year, age and birth order (Lexis squares, age in completed years (ACY))
Last modified: 04/02/2019
Year    Age        ASFR       ASFR1       ASFR2       ASFR3       ASFR4      ASFR5p
2009     12-    0.00000     0.00000     0.00000     0.00000     0.00000     0.00000
2009     13     0.00003     0.00003     0.00000     0.00000     0.00000     0.00000
2009     14     0.00027     0.00026     0.00000     0.00000     0.00000     0.00000
2009     15     0.00105     0.00103     0.00002     0.00000     0.00000     0.00000
2009     16     0.00315     0.00308     0.00007     0.00000     0.00000     0.00000
2009     17     0.00627     0.00594     0.00031     0.00002     0.00001     0.00000
2009     18     0.01141     0.01032     0.00100     0.00007     0.00001     0.00000
2009     19     0.01885     0.01628     0.00234     0.00021     0.00001     0.00000
2009     20     0.02589     0.02071     0.00455     0.00057     0.00005     0.00000
2009     21     0.03223     0.02376     0.00721     0.00110     0.00013     0.00003
2009     22     0.03865     0.02650     0.00991     0.00189     0.00028     0.00006
2009     23     0.04587     0.02950     0.01285     0.00284     0.00056     0.00013
2009     24     0.05455     0.03359     0.01602     0.00387     0.00087     0.00022
2009     25     0.06373     0.03801     0.01927     0.00491     0.00119     0.00034
2009     26     0.07270     0.04161     0.02287     0.00619     0.00147     0.00055
2009     27     0.08122     0.04467     0.02652     0.00745     0.00182     0.00076
2009     28     0.08875     0.04727     0.02969     0.00855     0.00224     0.00100
2009     29     0.09478     0.04889     0.03239     0.00970     0.00264     0.00116
2009     30     0.09846     0.04886     0.03463     0.01071     0.00293     0.00132
2009     31     0.09797     0.04597     0.03596     0.01137     0.00314     0.00153
2009     32     0.09415     0.04133     0.03601     0.01185     0.00336     0.00159
2009     33     0.08831     0.03592     0.03488     0.01214     0.00366     0.00170
2009     34     0.07951     0.03012     0.03191     0.01201     0.00360     0.00187
2009     35     0.06908     0.02481     0.02749     0.01158     0.00333     0.00187
2009     36     0.05770     0.01977     0.02273     0.01028     0.00311     0.00180
2009     37     0.04581     0.01517     0.01796     0.00834     0.00266     0.00167
2009     38     0.03524     0.01119     0.01358     0.00676     0.00225     0.00146
2009     39     0.02616     0.00816     0.00976     0.00514     0.00187     0.00124
2009     40     0.01831     0.00574     0.00653     0.00354     0.00141     0.00108
2009     41     0.01151     0.00349     0.00399     0.00229     0.00096     0.00078
2009     42     0.00668     0.00197     0.00224     0.00131     0.00062     0.00054
2009     43     0.00379     0.00109     0.00112     0.00074     0.00040     0.00044
2009     44     0.00195     0.00057     0.00051     0.00040     0.00020     0.00028
2009     45     0.00091     0.00028     0.00023     0.00018     0.00009     0.00013
2009     46     0.00041     0.00013     0.00010     0.00008     0.00004     0.00006
2009     47     0.00021     0.00008     0.00005     0.00004     0.00002     0.00002
2009     48     0.00012     0.00004     0.00003     0.00002     0.00002     0.00001
2009     49     0.00007     0.00002     0.00001     0.00001     0.00001     0.00001
2009     50     0.00004     0.00002     0.00001     0.00000     0.00000     0.00001
2009     51     0.00003     0.00001     0.00001     0.00000     0.00000     0.00000
2009     52     0.00002     0.00001     0.00000     0.00000     0.00000     0.00000
2009     53     0.00001     0.00000     0.00000     0.00000     0.00000     0.00000
2009     54     0.00000     0.00000     0.00000     0.00000     0.00000     0.00000
2009     55+    0.00000     0.00000     0.00000     0.00000     0.00000     0.00000
2010     12-    0.00000     0.00000     0.00000     0.00000     0.00000     0.00000
2010     13     0.00003     0.00003     0.00000     0.00000     0.00000     0.00000
2010     14     0.00027     0.00027     0.00000     0.00000     0.00000     0.00000
2010     15     0.00103     0.00102     0.00001     0.00000     0.00000     0.00000
2010     16     0.00298     0.00288     0.00010     0.00000     0.00000     0.00000
2010     17     0.00611     0.00580     0.00029     0.00002     0.00000     0.00000
2010     18     0.01123     0.01014     0.00103     0.00005     0.00001     0.00000
2010     19     0.01819     0.01564     0.00231     0.00020     0.00003     0.00001
2010     20     0.02456     0.01978     0.00416     0.00053     0.00008     0.00001
2010     21     0.03113     0.02292     0.00694     0.00108     0.00017     0.00002
2010     22     0.03772     0.02571     0.00976     0.00188     0.00033     0.00004
2010     23     0.04483     0.02888     0.01250     0.00284     0.00053     0.00009
2010     24     0.05369     0.03309     0.01555     0.00401     0.00083     0.00021
2010     25     0.06345     0.03777     0.01902     0.00511     0.00120     0.00034
2010     26     0.07259     0.04186     0.02272     0.00603     0.00144     0.00054
2010     27     0.08180     0.04540     0.02656     0.00729     0.00182     0.00074
2010     28     0.09034     0.04850     0.03008     0.00861     0.00223     0.00092
2010     29     0.09694     0.05030     0.03303     0.00985     0.00257     0.00120
2010     30     0.10131     0.05048     0.03540     0.01105     0.00291     0.00147
2010     31     0.10149     0.04767     0.03727     0.01178     0.00318     0.00159
2010     32     0.09789     0.04277     0.03766     0.01233     0.00334     0.00180
2010     33     0.09149     0.03722     0.03620     0.01274     0.00345     0.00190
2010     34     0.08320     0.03155     0.03345     0.01272     0.00361     0.00187
2010     35     0.07317     0.02602     0.02917     0.01233     0.00365     0.00201
2010     36     0.06127     0.02055     0.02431     0.01102     0.00341     0.00198
2010     37     0.04884     0.01574     0.01918     0.00915     0.00297     0.00180
2010     38     0.03762     0.01178     0.01459     0.00730     0.00243     0.00152
2010     39     0.02823     0.00862     0.01059     0.00571     0.00205     0.00127
2010     40     0.01959     0.00608     0.00696     0.00394     0.00156     0.00104
2010     41     0.01233     0.00382     0.00426     0.00243     0.00100     0.00082
2010     42     0.00717     0.00216     0.00239     0.00143     0.00064     0.00055
2010     43     0.00387     0.00111     0.00123     0.00077     0.00040     0.00036
2010     44     0.00209     0.00059     0.00064     0.00040     0.00021     0.00025
2010     45     0.00105     0.00029     0.00032     0.00022     0.00010     0.00013
2010     46     0.00048     0.00013     0.00013     0.00010     0.00005     0.00007
2010     47     0.00021     0.00007     0.00006     0.00003     0.00002     0.00003
2010     48     0.00010     0.00004     0.00003     0.00001     0.00001     0.00002
2010     49     0.00007     0.00003     0.00002     0.00001     0.00000     0.00001
2010     50     0.00005     0.00002     0.00002     0.00001     0.00000     0.00001
2010     51     0.00004     0.00001     0.00001     0.00001     0.00000     0.00001
2010     52     0.00002     0.00001     0.00001     0.00000     0.00000     0.00000
2010     53     0.00001     0.00000     0.00000     0.00000     0.00000     0.00000
2010     54     0.00000     0.00000     0.00000     0.00000     0.00000     0.00000
2010     55+    0.00000     0.00000     0.00000     0.00000     0.00000     0.00000
2011     12-    0.00000     0.00000     0.00000     0.00000     0.00000     0.00000
2011     13     0.00003     0.00002     0.00000     0.00000     0.00000     0.00000
2011     14     0.00028     0.00028     0.00000     0.00000     0.00000     0.00000
2011     15     0.00104     0.00102     0.00002     0.00000     0.00000     0.00000
2011     16     0.00270     0.00265     0.00006     0.00000     0.00000     0.00000
2011     17     0.00557     0.00528     0.00028     0.00001     0.00000     0.00000
2011     18     0.01041     0.00945     0.00091     0.00005     0.00000     0.00000
2011     19     0.01685     0.01460     0.00202     0.00020     0.00002     0.00000
2011     20     0.02294     0.01860     0.00381     0.00048     0.00005     0.00001
2011     21     0.02893     0.02172     0.00623     0.00084     0.00012     0.00003
2011     22     0.03470     0.02410     0.00873     0.00155     0.00027     0.00005
2011     23     0.04179     0.02728     0.01145     0.00242     0.00052     0.00012
2011     24     0.05052     0.03163     0.01449     0.00339     0.00078     0.00022
2011     25     0.06016     0.03641     0.01776     0.00463     0.00103     0.00032
2011     26     0.06959     0.04071     0.02115     0.00578     0.00142     0.00052
2011     27     0.07886     0.04464     0.02504     0.00669     0.00178     0.00072
2011     28     0.08807     0.04793     0.02923     0.00795     0.00204     0.00093
2011     29     0.09497     0.05007     0.03240     0.00907     0.00233     0.00109
2011     30     0.09973     0.05043     0.03487     0.01040     0.00275     0.00128
2011     31     0.10108     0.04809     0.03682     0.01165     0.00306     0.00147
2011     32     0.09725     0.04264     0.03767     0.01216     0.00316     0.00161
2011     33     0.09096     0.03682     0.03672     0.01231     0.00335     0.00175
2011     34     0.08342     0.03190     0.03396     0.01225     0.00346     0.00185
2011     35     0.07379     0.02653     0.02992     0.01194     0.00345     0.00195
2011     36     0.06224     0.02096     0.02498     0.01104     0.00332     0.00195
2011     37     0.04964     0.01583     0.01975     0.00923     0.00304     0.00179
2011     38     0.03821     0.01191     0.01481     0.00739     0.00256     0.00155
2011     39     0.02876     0.00895     0.01093     0.00559     0.00198     0.00131
2011     40     0.02027     0.00620     0.00750     0.00393     0.00155     0.00109
2011     41     0.01268     0.00376     0.00450     0.00254     0.00112     0.00076
2011     42     0.00736     0.00214     0.00254     0.00148     0.00070     0.00051
2011     43     0.00405     0.00115     0.00135     0.00082     0.00038     0.00035
2011     44     0.00209     0.00058     0.00062     0.00046     0.00021     0.00022
2011     45     0.00102     0.00029     0.00026     0.00022     0.00012     0.00013
2011     46     0.00044     0.00014     0.00012     0.00008     0.00005     0.00006
2011     47     0.00021     0.00007     0.00006     0.00003     0.00002     0.00003
2011     48     0.00013     0.00004     0.00004     0.00002     0.00001     0.00002
2011     49     0.00008     0.00003     0.00002     0.00001     0.00001     0.00001
2011     50     0.00006     0.00003     0.00001     0.00001     0.00001     0.00001
2011     51     0.00005     0.00002     0.00001     0.00000     0.00000     0.00001
2011     52     0.00003     0.00001     0.00001     0.00000     0.00000     0.00000
2011     53     0.00001     0.00001     0.00000     0.00000     0.00000     0.00000
2011     54     0.00000     0.00000     0.00000     0.00000     0.00000     0.00000
2011     55+    0.00000     0.00000     0.00000     0.00000     0.00000     0.00000
2012     12-    0.00000     0.00000     0.00000     0.00000     0.00000     0.00000
2012     13     0.00003     0.00003     0.00000     0.00000     0.00000     0.00000
2012     14     0.00028     0.00027     0.00000     0.00000     0.00000     0.00000
2012     15     0.00100     0.00098     0.00001     0.00000     0.00000     0.00000
2012     16     0.00276     0.00268     0.00008     0.00000     0.00000     0.00000
2012     17     0.00566     0.00534     0.00030     0.00002     0.00000     0.00000
2012     18     0.01009     0.00908     0.00093     0.00007     0.00000     0.00000
2012     19     0.01659     0.01421     0.00214     0.00021     0.00002     0.00000
2012     20     0.02279     0.01818     0.00403     0.00053     0.00005     0.00000
2012     21     0.02826     0.02092     0.00622     0.00095     0.00014     0.00002
2012     22     0.03404     0.02362     0.00851     0.00160     0.00027     0.00004
2012     23     0.04108     0.02676     0.01129     0.00248     0.00046     0.00009
2012     24     0.04931     0.03087     0.01416     0.00337     0.00074     0.00017
2012     25     0.05945     0.03587     0.01770     0.00443     0.00112     0.00032
2012     26     0.06964     0.04058     0.02152     0.00558     0.00148     0.00049
2012     27     0.07927     0.04478     0.02529     0.00677     0.00174     0.00069
2012     28     0.08787     0.04787     0.02898     0.00810     0.00205     0.00087
2012     29     0.09599     0.05082     0.03257     0.00917     0.00238     0.00105
2012     30     0.10224     0.05187     0.03596     0.01041     0.00275     0.00126
2012     31     0.10262     0.04901     0.03764     0.01143     0.00310     0.00143
2012     32     0.09954     0.04406     0.03848     0.01216     0.00325     0.00158
2012     33     0.09365     0.03800     0.03800     0.01258     0.00335     0.00172
2012     34     0.08530     0.03228     0.03531     0.01236     0.00349     0.00185
2012     35     0.07556     0.02703     0.03127     0.01182     0.00357     0.00187
2012     36     0.06400     0.02141     0.02616     0.01109     0.00351     0.00183
2012     37     0.05147     0.01604     0.02070     0.00981     0.00323     0.00169
2012     38     0.04018     0.01209     0.01570     0.00808     0.00281     0.00151
2012     39     0.03033     0.00921     0.01145     0.00608     0.00221     0.00137
2012     40     0.02094     0.00643     0.00768     0.00411     0.00160     0.00112
2012     41     0.01328     0.00398     0.00471     0.00259     0.00114     0.00086
2012     42     0.00786     0.00231     0.00270     0.00154     0.00073     0.00059
2012     43     0.00422     0.00123     0.00140     0.00082     0.00040     0.00037
2012     44     0.00216     0.00062     0.00067     0.00041     0.00021     0.00025
2012     45     0.00112     0.00032     0.00031     0.00021     0.00012     0.00016
2012     46     0.00053     0.00018     0.00015     0.00009     0.00006     0.00007
2012     47     0.00026     0.00010     0.00008     0.00003     0.00003     0.00003
2012     48     0.00016     0.00007     0.00005     0.00002     0.00002     0.00001
2012     49     0.00007     0.00003     0.00003     0.00001     0.00001     0.00000
2012     50     0.00004     0.00001     0.00001     0.00001     0.00000     0.00001
2012     51     0.00004     0.00002     0.00001     0.00001     0.00000     0.00001
2012     52     0.00003     0.00001     0.00001     0.00000     0.00000     0.00000
2012     53     0.00001     0.00001     0.00000     0.00000     0.00000     0.00000
2012     54     0.00000     0.00000     0.00000     0.00000     0.00000     0.00000
2012     55+    0.00000     0.00000     0.00000     0.00000     0.00000     0.00000
2013     12-    0.00000     0.00000     0.00000     0.00000     0.00000     0.00000
2013     13     0.00003     0.00003     0.00000     0.00000     0.00000     0.00000
2013     14     0.00029     0.00029     0.00000     0.00000     0.00000     0.00000
2013     15     0.00106     0.00103     0.00003     0.00000     0.00000     0.00000
2013     16     0.00260     0.00250     0.00010     0.00000     0.00000     0.00000
2013     17     0.00553     0.00517     0.00034     0.00003     0.00000     0.00000
2013     18     0.01018     0.00918     0.00091     0.00009     0.00001     0.00000
2013     19     0.01576     0.01349     0.00204     0.00022     0.00002     0.00000
2013     20     0.02141     0.01692     0.00386     0.00054     0.00008     0.00002
2013     21     0.02687     0.01993     0.00577     0.00101     0.00014     0.00003
2013     22     0.03289     0.02286     0.00810     0.00163     0.00025     0.00005
2013     23     0.03969     0.02584     0.01088     0.00243     0.00045     0.00010
2013     24     0.04808     0.03001     0.01385     0.00331     0.00072     0.00018
2013     25     0.05841     0.03569     0.01713     0.00428     0.00101     0.00030
2013     26     0.06841     0.04064     0.02060     0.00540     0.00129     0.00047
2013     27     0.07832     0.04454     0.02471     0.00659     0.00180     0.00068
2013     28     0.08838     0.04854     0.02894     0.00788     0.00215     0.00087
2013     29     0.09601     0.05152     0.03205     0.00901     0.00239     0.00104
2013     30     0.10221     0.05266     0.03552     0.01017     0.00263     0.00123
2013     31     0.10488     0.05076     0.03836     0.01141     0.00296     0.00139
2013     32     0.10163     0.04558     0.03902     0.01207     0.00328     0.00167
2013     33     0.09610     0.03959     0.03867     0.01243     0.00357     0.00184
2013     34     0.08858     0.03409     0.03653     0.01257     0.00363     0.00176
2013     35     0.07769     0.02795     0.03197     0.01249     0.00350     0.00177
2013     36     0.06579     0.02210     0.02691     0.01152     0.00343     0.00183
2013     37     0.05418     0.01724     0.02204     0.00998     0.00315     0.00177
2013     38     0.04248     0.01305     0.01679     0.00823     0.00276     0.00166
2013     39     0.03195     0.00980     0.01210     0.00630     0.00229     0.00147
2013     40     0.02212     0.00676     0.00819     0.00436     0.00166     0.00114
2013     41     0.01395     0.00415     0.00509     0.00278     0.00115     0.00078
2013     42     0.00830     0.00249     0.00290     0.00158     0.00076     0.00057
2013     43     0.00455     0.00138     0.00147     0.00088     0.00043     0.00040
2013     44     0.00229     0.00073     0.00069     0.00044     0.00021     0.00023
2013     45     0.00110     0.00036     0.00032     0.00020     0.00009     0.00011
2013     46     0.00056     0.00018     0.00016     0.00010     0.00005     0.00008
2013     47     0.00027     0.00010     0.00007     0.00004     0.00002     0.00004
2013     48     0.00013     0.00005     0.00003     0.00002     0.00001     0.00001
2013     49     0.00008     0.00003     0.00002     0.00001     0.00001     0.00001
2013     50     0.00006     0.00002     0.00001     0.00001     0.00001     0.00001
2013     51     0.00004     0.00002     0.00001     0.00001     0.00000     0.00000
2013     52     0.00002     0.00001     0.00001     0.00000     0.00000     0.00000
2013     53     0.00001     0.00000     0.00000     0.00000     0.00000     0.00000
2013     54     0.00000     0.00000     0.00000     0.00000     0.00000     0.00000
2013     55+    0.00000     0.00000     0.00000     0.00000     0.00000     0.00000
2014     12-    0.00000     0.00000     0.00000     0.00000     0.00000     0.00000
2014     13     0.00004     0.00004     0.00000     0.00000     0.00000     0.00000
2014     14     0.00034     0.00034     0.00001     0.00000     0.00000     0.00000
2014     15     0.00109     0.00107     0.00002     0.00000     0.00000     0.00000
2014     16     0.00274     0.00265     0.00008     0.00001     0.00000     0.00000
2014     17     0.00555     0.00517     0.00036     0.00002     0.00000     0.00000
2014     18     0.00998     0.00879     0.00110     0.00009     0.00000     0.00000
2014     19     0.01587     0.01343     0.00214     0.00026     0.00003     0.00000
2014     20     0.02129     0.01673     0.00386     0.00060     0.00007     0.00002
2014     21     0.02672     0.01934     0.00614     0.00103     0.00019     0.00003
2014     22     0.03287     0.02238     0.00847     0.00164     0.00033     0.00005
2014     23     0.03972     0.02564     0.01099     0.00245     0.00055     0.00010
2014     24     0.04829     0.03032     0.01367     0.00332     0.00078     0.00019
2014     25     0.05893     0.03621     0.01690     0.00443     0.00105     0.00034
2014     26     0.06959     0.04136     0.02068     0.00556     0.00145     0.00054
2014     27     0.08034     0.04647     0.02455     0.00676     0.00184     0.00072
2014     28     0.09126     0.05124     0.02880     0.00813     0.00219     0.00090
2014     29     0.10079     0.05457     0.03298     0.00941     0.00260     0.00122
2014     30     0.10765     0.05629     0.03643     0.01070     0.00287     0.00135
2014     31     0.11010     0.05424     0.03951     0.01186     0.00307     0.00143
2014     32     0.10745     0.04892     0.04070     0.01281     0.00334     0.00168
2014     33     0.10100     0.04230     0.04002     0.01331     0.00358     0.00179
2014     34     0.09288     0.03569     0.03808     0.01350     0.00376     0.00185
2014     35     0.08224     0.02984     0.03360     0.01308     0.00372     0.00199
2014     36     0.06944     0.02389     0.02799     0.01193     0.00363     0.00199
2014     37     0.05684     0.01827     0.02304     0.01038     0.00336     0.00180
2014     38     0.04520     0.01394     0.01791     0.00870     0.00291     0.00174
2014     39     0.03441     0.01055     0.01312     0.00669     0.00243     0.00162
2014     40     0.02410     0.00729     0.00888     0.00471     0.00194     0.00128
2014     41     0.01536     0.00449     0.00551     0.00313     0.00128     0.00095
2014     42     0.00909     0.00274     0.00318     0.00178     0.00075     0.00065
2014     43     0.00491     0.00145     0.00162     0.00093     0.00047     0.00045
2014     44     0.00243     0.00072     0.00075     0.00047     0.00025     0.00025
2014     45     0.00123     0.00042     0.00035     0.00022     0.00011     0.00012
2014     46     0.00060     0.00022     0.00017     0.00011     0.00004     0.00006
2014     47     0.00031     0.00012     0.00010     0.00005     0.00002     0.00003
2014     48     0.00016     0.00007     0.00005     0.00002     0.00001     0.00001
2014     49     0.00008     0.00003     0.00002     0.00001     0.00001     0.00001
2014     50     0.00006     0.00003     0.00002     0.00001     0.00000     0.00001
2014     51     0.00005     0.00002     0.00001     0.00001     0.00000     0.00000
2014     52     0.00003     0.00001     0.00001     0.00000     0.00000     0.00000
2014     53     0.00001     0.00001     0.00000     0.00000     0.00000     0.00000
2014     54     0.00000     0.00000     0.00000     0.00000     0.00000     0.00000
2014     55+    0.00000     0.00000     0.00000     0.00000     0.00000     0.00000
2015     12-    0.00000     0.00000     0.00000     0.00000     0.00000     0.00000
2015     13     0.00005     0.00005     0.00000     0.00000     0.00000     0.00000
2015     14     0.00042     0.00041     0.00001     0.00000     0.00000     0.00000
2015     15     0.00119     0.00116     0.00003     0.00000     0.00000     0.00000
2015     16     0.00279     0.00266     0.00013     0.00001     0.00000     0.00000
2015     17     0.00543     0.00496     0.00043     0.00003     0.00001     0.00000
2015     18     0.00983     0.00853     0.00118     0.00012     0.00001     0.00000
2015     19     0.01601     0.01315     0.00253     0.00030     0.00002     0.00000
2015     20     0.02179     0.01674     0.00434     0.00060     0.00009     0.00001
2015     21     0.02714     0.01928     0.00654     0.00111     0.00020     0.00002
2015     22     0.03301     0.02195     0.00883     0.00184     0.00032     0.00007
2015     23     0.04005     0.02548     0.01111     0.00273     0.00058     0.00014
2015     24     0.04865     0.03047     0.01355     0.00351     0.00089     0.00023
2015     25     0.05886     0.03602     0.01694     0.00442     0.00112     0.00036
2015     26     0.07031     0.04137     0.02111     0.00579     0.00150     0.00054
2015     27     0.08195     0.04699     0.02522     0.00713     0.00187     0.00074
2015     28     0.09306     0.05215     0.02945     0.00827     0.00227     0.00092
2015     29     0.10251     0.05565     0.03342     0.00965     0.00260     0.00119
2015     30     0.10994     0.05714     0.03714     0.01109     0.00307     0.00150
2015     31     0.11234     0.05550     0.03998     0.01185     0.00339     0.00161
2015     32     0.11045     0.05012     0.04214     0.01295     0.00358     0.00166
2015     33     0.10468     0.04325     0.04206     0.01373     0.00385     0.00180
2015     34     0.09527     0.03672     0.03919     0.01357     0.00378     0.00201
2015     35     0.08487     0.03052     0.03489     0.01350     0.00384     0.00213
2015     36     0.07193     0.02401     0.02951     0.01245     0.00381     0.00214
2015     37     0.05814     0.01859     0.02333     0.01073     0.00351     0.00198
2015     38     0.04603     0.01427     0.01808     0.00890     0.00299     0.00179
2015     39     0.03550     0.01076     0.01364     0.00698     0.00251     0.00160
2015     40     0.02559     0.00778     0.00943     0.00505     0.00200     0.00132
2015     41     0.01610     0.00475     0.00579     0.00316     0.00137     0.00103
2015     42     0.00911     0.00267     0.00313     0.00175     0.00087     0.00068
2015     43     0.00508     0.00156     0.00165     0.00099     0.00044     0.00043
2015     44     0.00269     0.00086     0.00081     0.00053     0.00022     0.00028
2015     45     0.00130     0.00043     0.00038     0.00023     0.00011     0.00015
2015     46     0.00065     0.00023     0.00020     0.00009     0.00005     0.00007
2015     47     0.00032     0.00014     0.00009     0.00003     0.00003     0.00003
2015     48     0.00017     0.00008     0.00004     0.00002     0.00002     0.00001
2015     49     0.00010     0.00005     0.00002     0.00001     0.00001     0.00001
2015     50     0.00007     0.00003     0.00002     0.00000     0.00000     0.00001
2015     51     0.00004     0.00002     0.00001     0.00000     0.00000     0.00000
2015     52     0.00002     0.00001     0.00001     0.00000     0.00000     0.00000
2015     53     0.00001     0.00001     0.00000     0.00000     0.00000     0.00000
2015     54     0.00000     0.00000     0.00000     0.00000     0.00000     0.00000
2015     55+    0.00000     0.00000     0.00000     0.00000     0.00000     0.00000
2016     12-    0.00000     0.00000     0.00000     0.00000     0.00000     0.00000
2016     13     0.00005     0.00005     0.00000     0.00000     0.00000     0.00000
2016     14     0.00040     0.00040     0.00000     0.00000     0.00000     0.00000
2016     15     0.00131     0.00128     0.00002     0.00000     0.00000     0.00000
2016     16     0.00323     0.00303     0.00019     0.00001     0.00000     0.00000
2016     17     0.00647     0.00578     0.00064     0.00006     0.00000     0.00000
2016     18     0.01189     0.01005     0.00162     0.00020     0.00002     0.00000
2016     19     0.01843     0.01471     0.00318     0.00047     0.00007     0.00000
2016     20     0.02473     0.01840     0.00523     0.00094     0.00014     0.00001
2016     21     0.03114     0.02144     0.00781     0.00157     0.00027     0.00005
2016     22     0.03629     0.02351     0.00991     0.00231     0.00048     0.00008
2016     23     0.04269     0.02640     0.01210     0.00323     0.00079     0.00018
2016     24     0.05129     0.03085     0.01481     0.00428     0.00105     0.00031
2016     25     0.06191     0.03658     0.01816     0.00531     0.00138     0.00048
2016     26     0.07389     0.04307     0.02181     0.00649     0.00180     0.00072
2016     27     0.08580     0.04874     0.02605     0.00783     0.00220     0.00098
2016     28     0.09761     0.05383     0.03076     0.00915     0.00264     0.00122
2016     29     0.10797     0.05777     0.03518     0.01056     0.00304     0.00143
2016     30     0.11580     0.05951     0.03918     0.01189     0.00348     0.00174
2016     31     0.11921     0.05760     0.04279     0.01296     0.00382     0.00205
2016     32     0.11620     0.05173     0.04473     0.01359     0.00399     0.00216
2016     33     0.10976     0.04476     0.04434     0.01426     0.00419     0.00222
2016     34     0.10117     0.03832     0.04156     0.01464     0.00441     0.00224
2016     35     0.09032     0.03216     0.03691     0.01453     0.00438     0.00234
2016     36     0.07704     0.02561     0.03129     0.01364     0.00417     0.00233
2016     37     0.06237     0.01943     0.02524     0.01167     0.00382     0.00222
2016     38     0.04952     0.01500     0.01949     0.00950     0.00338     0.00215
2016     39     0.03810     0.01140     0.01447     0.00758     0.00278     0.00187
2016     40     0.02708     0.00810     0.00990     0.00543     0.00208     0.00157
2016     41     0.01747     0.00508     0.00618     0.00347     0.00153     0.00121
2016     42     0.01051     0.00302     0.00368     0.00207     0.00095     0.00079
2016     43     0.00581     0.00167     0.00200     0.00109     0.00053     0.00052
2016     44     0.00293     0.00090     0.00092     0.00053     0.00029     0.00029
2016     45     0.00153     0.00051     0.00044     0.00028     0.00015     0.00016
2016     46     0.00078     0.00029     0.00022     0.00012     0.00006     0.00010
2016     47     0.00039     0.00016     0.00012     0.00005     0.00002     0.00003
2016     48     0.00023     0.00010     0.00008     0.00003     0.00001     0.00001
2016     49     0.00014     0.00007     0.00004     0.00002     0.00001     0.00001
2016     50     0.00010     0.00004     0.00002     0.00002     0.00001     0.00001
2016     51     0.00006     0.00002     0.00001     0.00001     0.00001     0.00001
2016     52     0.00003     0.00001     0.00001     0.00001     0.00000     0.00000
2016     53     0.00001     0.00001     0.00000     0.00000     0.00000     0.00000
2016     54     0.00001     0.00000     0.00000     0.00000     0.00000     0.00000
2016     55+    0.00000     0.00000     0.00000     0.00000     0.00000     0.00000
2017     12-    0.00000     0.00000     0.00000     0.00000     0.00000     0.00000
2017     13     0.00004     0.00004     0.00000     0.00000     0.00000     0.00000
2017     14     0.00032     0.00032     0.00000     0.00000     0.00000     0.00000
2017     15     0.00107     0.00103     0.00004     0.00000     0.00000     0.00000
2017     16     0.00272     0.00252     0.00019     0.00001     0.00000     0.00000
2017     17     0.00548     0.00485     0.00059     0.00004     0.00001     0.00000
2017     18     0.01032     0.00856     0.00157     0.00018     0.00002     0.00000
2017     19     0.01624     0.01279     0.00297     0.00043     0.00005     0.00000
2017     20     0.02220     0.01613     0.00510     0.00083     0.00012     0.00002
2017     21     0.02862     0.01916     0.00763     0.00157     0.00022     0.00004
2017     22     0.03445     0.02186     0.00962     0.00237     0.00049     0.00010
2017     23     0.04082     0.02496     0.01164     0.00322     0.00080     0.00022
2017     24     0.04943     0.02972     0.01429     0.00401     0.00108     0.00034
2017     25     0.06042     0.03580     0.01751     0.00514     0.00150     0.00047
2017     26     0.07207     0.04170     0.02135     0.00652     0.00184     0.00065
2017     27     0.08356     0.04743     0.02563     0.00753     0.00212     0.00084
2017     28     0.09569     0.05282     0.03013     0.00902     0.00257     0.00114
2017     29     0.10713     0.05696     0.03499     0.01059     0.00311     0.00147
2017     30     0.11526     0.05874     0.03951     0.01180     0.00348     0.00173
2017     31     0.11889     0.05706     0.04273     0.01315     0.00391     0.00204
2017     32     0.11680     0.05147     0.04469     0.01428     0.00414     0.00223
2017     33     0.10982     0.04437     0.04440     0.01472     0.00414     0.00220
2017     34     0.10061     0.03737     0.04169     0.01491     0.00436     0.00229
2017     35     0.09036     0.03125     0.03747     0.01477     0.00447     0.00240
2017     36     0.07709     0.02502     0.03182     0.01352     0.00424     0.00248
2017     37     0.06268     0.01906     0.02556     0.01174     0.00390     0.00242
2017     38     0.04976     0.01457     0.01968     0.00989     0.00338     0.00225
2017     39     0.03835     0.01114     0.01466     0.00764     0.00290     0.00201
2017     40     0.02726     0.00786     0.01021     0.00537     0.00222     0.00161
2017     41     0.01764     0.00506     0.00634     0.00354     0.00152     0.00117
2017     42     0.01077     0.00307     0.00366     0.00216     0.00103     0.00084
2017     43     0.00602     0.00173     0.00194     0.00115     0.00062     0.00058
2017     44     0.00319     0.00097     0.00098     0.00061     0.00030     0.00032
2017     45     0.00164     0.00056     0.00048     0.00029     0.00015     0.00016
2017     46     0.00077     0.00029     0.00022     0.00013     0.00006     0.00006
2017     47     0.00038     0.00015     0.00011     0.00007     0.00003     0.00002
2017     48     0.00020     0.00008     0.00006     0.00004     0.00001     0.00001
2017     49     0.00013     0.00006     0.00004     0.00001     0.00000     0.00001
2017     50     0.00009     0.00005     0.00002     0.00001     0.00000     0.00001
2017     51     0.00006     0.00003     0.00001     0.00001     0.00000     0.00001
2017     52     0.00003     0.00001     0.00001     0.00001     0.00000     0.00000
2017     53     0.00001     0.00001     0.00000     0.00000     0.00000     0.00000
2017     54     0.00001     0.00000     0.00000     0.00000     0.00000     0.00000
2017     55+    0.00000     0.00000     0.00000     0.00000     0.00000     0.00000
