East Germany, Female population exposure by calendar year and age (Lexis squares, age in completed years (ACY))
Last modified: 04/02/2019
Year    Age        Exposure
1956     12       124003.67
1956     13       126248.00
1956     14       140762.67
1956     15       160298.33
1956     16       165270.83
1956     17       159894.00
1956     18       148783.33
1956     19       143679.00
1956     20       143380.50
1956     21       138917.83
1956     22       121713.00
1956     23       108578.67
1956     24       109705.83
1956     25       116558.17
1956     26       120653.50
1956     27       119407.33
1956     28       117074.33
1956     29       116338.50
1956     30       120414.33
1956     31       118623.17
1956     32       115471.67
1956     33       121046.00
1956     34       132034.00
1956     35       142973.17
1956     36       128132.33
1956     37        89013.33
1956     38        67614.17
1956     39        70540.00
1956     40        91132.83
1956     41       123475.17
1956     42       143806.83
1956     43       151222.33
1956     44       151015.67
1956     45       152758.33
1956     46       160639.33
1956     47       162822.83
1956     48       161461.17
1956     49       160862.00
1956     50       157974.67
1956     51       155557.67
1956     52       153685.83
1956     53       154452.83
1956     54       154943.67
1956     55       149965.67
1957     12       101762.83
1957     13       122192.17
1957     14       124063.00
1957     15       137909.83
1957     16       156865.33
1957     17       160878.17
1957     18       153255.83
1957     19       141567.50
1957     20       137170.83
1957     21       137806.67
1957     22       134299.67
1957     23       118186.33
1957     24       105814.17
1957     25       107230.33
1957     26       114012.83
1957     27       118313.17
1957     28       117111.17
1957     29       114802.50
1957     30       114083.17
1957     31       118068.17
1957     32       116261.83
1957     33       113259.00
1957     34       118812.50
1957     35       129494.00
1957     36       140241.00
1957     37       125808.33
1957     38        87375.83
1957     39        66259.67
1957     40        69107.17
1957     41        89374.67
1957     42       121148.83
1957     43       141249.00
1957     44       148549.00
1957     45       148413.17
1957     46       150199.50
1957     47       157919.33
1957     48       160231.00
1957     49       158877.50
1957     50       158366.83
1957     51       155600.17
1957     52       153112.17
1957     53       151296.50
1957     54       152068.33
1957     55       152459.00
1958     12        73726.27
1958     13       100582.33
1958     14       120517.67
1958     15       122221.00
1958     16       135714.67
1958     17       153855.67
1958     18       156005.83
1958     19       147985.33
1958     20       137134.50
1958     21       133458.17
1958     22       134566.67
1958     23       131526.33
1958     24       116073.50
1958     25       104165.33
1958     26       105528.17
1958     27       112473.50
1958     28       116679.83
1958     29       115557.17
1958     30       113230.67
1958     31       112510.33
1958     32       116401.50
1958     33       114668.00
1958     34       111730.17
1958     35       117047.83
1958     36       127661.67
1958     37       138253.50
1958     38       124025.83
1958     39        86062.00
1958     40        65213.33
1958     41        67980.33
1958     42        87981.17
1958     43       119263.50
1958     44       139088.50
1958     45       146299.67
1958     46       146209.67
1958     47       148012.00
1958     48       155592.33
1958     49       157870.50
1958     50       156649.33
1958     51       156175.33
1958     52       153311.00
1958     53       150921.67
1958     54       149106.67
1958     55       149844.83
1959     12        87006.21
1959     13        73102.22
1959     14        99505.50
1959     15       119211.17
1959     16       120860.00
1959     17       134223.50
1959     18       151571.00
1959     19       153380.50
1959     20       146085.17
1959     21       135598.33
1959     22       132098.17
1959     23       133260.83
1959     24       130355.83
1959     25       115241.17
1959     26       103358.17
1959     27       104786.00
1959     28       111676.33
1959     29       115835.17
1959     30       114691.17
1959     31       112324.33
1959     32       111590.50
1959     33       115436.67
1959     34       113657.00
1959     35       110631.33
1959     36       115968.33
1959     37       126413.67
1959     38       136866.17
1959     39       122771.17
1959     40        85183.17
1959     41        64443.50
1959     42        67148.33
1959     43        86844.50
1959     44       117728.67
1959     45       137367.33
1959     46       144487.33
1959     47       144423.50
1959     48       146123.50
1959     49       153659.33
1959     50       155913.83
1959     51       154683.00
1959     52       154139.00
1959     53       151312.17
1959     54       148874.00
1959     55       147078.67
1960     12        91652.76
1960     13        86333.67
1960     14        72421.50
1960     15        98480.67
1960     16       117830.83
1960     17       119445.67
1960     18       132074.33
1960     19       148624.67
1960     20       150947.00
1960     21       144074.00
1960     22       134068.83
1960     23       130752.83
1960     24       132052.50
1960     25       129283.17
1960     26       114355.83
1960     27       102612.33
1960     28       104064.83
1960     29       110884.50
1960     30       114996.67
1960     31       113881.33
1960     32       111450.83
1960     33       110696.83
1960     34       114519.33
1960     35       112637.67
1960     36       109664.67
1960     37       114933.83
1960     38       125238.67
1960     39       135526.67
1960     40       121507.17
1960     41        84210.17
1960     42        63715.50
1960     43        66341.50
1960     44        85832.83
1960     45       116413.67
1960     46       135740.50
1960     47       142760.00
1960     48       142654.67
1960     49       144392.33
1960     50       151728.50
1960     51       153956.50
1960     52       152690.50
1960     53       152140.67
1960     54       149307.83
1960     55       146858.83
1961     12       102096.06
1961     13        90727.46
1961     14        85373.90
1961     15        71559.76
1961     16        97150.17
1961     17       116155.83
1961     18       117064.33
1961     19       128702.67
1961     20       144985.00
1961     21       147436.33
1961     22       141303.83
1961     23       131763.67
1961     24       128659.33
1961     25       130228.33
1961     26       127613.17
1961     27       112957.17
1961     28       101459.83
1961     29       102906.00
1961     30       109689.83
1961     31       113838.33
1961     32       112601.83
1961     33       110265.00
1961     34       109512.50
1961     35       113221.33
1961     36       111310.00
1961     37       108407.17
1961     38       113554.17
1961     39       123747.17
1961     40       133872.17
1961     41       119958.33
1961     42        83084.83
1961     43        62796.50
1961     44        65377.00
1961     45        84598.67
1961     46       114776.33
1961     47       133799.83
1961     48       140705.33
1961     49       140605.33
1961     50       142246.33
1961     51       149544.50
1961     52       151634.50
1961     53       150501.33
1961     54       149884.83
1961     55       147023.33
1962     12       118124.53
1962     13       101570.78
1962     14        90200.58
1962     15        84922.51
1962     16        71032.85
1962     17        96224.17
1962     18       114999.17
1962     19       115472.00
1962     20       126698.50
1962     21       142936.67
1962     22       145802.67
1962     23       139962.00
1962     24       130505.50
1962     25       127596.17
1962     26       129227.67
1962     27       126709.33
1962     28       112308.00
1962     29       100807.50
1962     30       102263.33
1962     31       109027.50
1962     32       113137.00
1962     33       111970.50
1962     34       109620.00
1962     35       108786.17
1962     36       112447.83
1962     37       110586.33
1962     38       107654.83
1962     39       112772.83
1962     40       122821.00
1962     41       132892.67
1962     42       119114.83
1962     43        82486.50
1962     44        62261.50
1962     45        64737.33
1962     46        83792.67
1962     47       113647.33
1962     48       132500.50
1962     49       139321.00
1962     50       139206.67
1962     51       140781.50
1962     52       147943.83
1962     53       150101.17
1962     54       148851.50
1962     55       148170.33
1963     12       125537.59
1963     13       118071.91
1963     14       101558.16
1963     15        90152.04
1963     16        84923.47
1963     17        70893.00
1963     18        96259.83
1963     19       115072.83
1963     20       115475.00
1963     21       126667.33
1963     22       143002.33
1963     23       145765.50
1963     24       139914.83
1963     25       130496.33
1963     26       127570.67
1963     27       129179.17
1963     28       126682.83
1963     29       112220.00
1963     30       100787.67
1963     31       102212.50
1963     32       108952.00
1963     33       113045.83
1963     34       111877.17
1963     35       109472.67
1963     36       108644.17
1963     37       112302.33
1963     38       110414.50
1963     39       107465.67
1963     40       112547.67
1963     41       122569.33
1963     42       132592.83
1963     43       118823.00
1963     44        82257.17
1963     45        62073.83
1963     46        64531.00
1963     47        83492.67
1963     48       113219.67
1963     49       131937.17
1963     50       138644.00
1963     51       138487.83
1963     52       140008.33
1963     53       147071.17
1963     54       149151.00
1963     55       147793.83
1964     12       129806.75
1964     13       123976.11
1964     14       117263.92
1964     15       100565.16
1964     16        88636.34
1964     17        83735.72
1964     18        69812.98
1964     19        94475.50
1964     20       113598.67
1964     21       113802.83
1964     22       124902.50
1964     23       142183.00
1964     24       144241.00
1964     25       138467.50
1964     26       128580.83
1964     27       126311.67
1964     28       126912.33
1964     29       124295.33
1964     30       109678.00
1964     31        98535.50
1964     32       100157.67
1964     33       107713.00
1964     34       110954.50
1964     35       110646.17
1964     36       108373.50
1964     37       107189.00
1964     38       110985.17
1964     39       108021.33
1964     40       106214.50
1964     41       111063.67
1964     42       121235.00
1964     43       131671.50
1964     44       116729.17
1964     45        80157.67
1964     46        60154.17
1964     47        63256.33
1964     48        82188.50
1964     49       111709.00
1964     50       130864.00
1964     51       137515.00
1964     52       137028.67
1964     53       138571.00
1964     54       144954.50
1964     55       146843.17
1965     12       127983.73
1965     13       128238.14
1965     14       123164.11
1965     15       116257.78
1965     16        98916.10
1965     17        87451.66
1965     18        82415.38
1965     19        68033.33
1965     20        92999.67
1965     21       112008.50
1965     22       112090.33
1965     23       124150.17
1965     24       140735.00
1965     25       142829.33
1965     26       136565.33
1965     27       127339.83
1965     28       124051.83
1965     29       124568.00
1965     30       121734.50
1965     31       107433.67
1965     32        96505.67
1965     33        98956.83
1965     34       105651.00
1965     35       109763.67
1965     36       109553.17
1965     37       106927.67
1965     38       105900.67
1965     39       108601.00
1965     40       106775.83
1965     41       104775.67
1965     42       109760.67
1965     43       120356.83
1965     44       129566.33
1965     45       114523.00
1965     46        78199.83
1965     47        58923.17
1965     48        62029.83
1965     49        80796.33
1965     50       110751.00
1965     51       129795.17
1965     52       136062.00
1965     53       135602.83
1965     54       136482.83
1965     55       142712.33
1966     12       127811.40
1966     13       127969.77
1966     14       128219.41
1966     15       123170.64
1966     16       116166.65
1966     17        98813.71
1966     18        87477.90
1966     19        82443.34
1966     20        68052.99
1966     21        93021.17
1966     22       112047.17
1966     23       112097.17
1966     24       124168.33
1966     25       140724.67
1966     26       142794.33
1966     27       136531.50
1966     28       127338.17
1966     29       124040.50
1966     30       124524.17
1966     31       121700.67
1966     32       107395.33
1966     33        96468.50
1966     34        98900.50
1966     35       105574.00
1966     36       109657.17
1966     37       109443.67
1966     38       106795.67
1966     39       105752.50
1966     40       108444.33
1966     41       106595.67
1966     42       104556.17
1966     43       109516.00
1966     44       120055.67
1966     45       129178.17
1966     46       114144.17
1966     47        77917.00
1966     48        58693.17
1966     49        61757.83
1966     50        80428.00
1966     51       110199.17
1966     52       129099.83
1966     53       135249.67
1966     54       134692.33
1966     55       135539.00
1967     12       129044.10
1967     13       127830.66
1967     14       127965.92
1967     15       128221.78
1967     16       123146.42
1967     17       116170.22
1967     18        98862.87
1967     19        87518.14
1967     20        82480.21
1967     21        68050.70
1967     22        92991.00
1967     23       112003.33
1967     24       112036.67
1967     25       124090.33
1967     26       140672.50
1967     27       142735.17
1967     28       136487.50
1967     29       127300.17
1967     30       123987.17
1967     31       124484.00
1967     32       121654.17
1967     33       107349.50
1967     34        96430.00
1967     35        98825.83
1967     36       105484.33
1967     37       109548.33
1967     38       109291.00
1967     39       106658.33
1967     40       105599.83
1967     41       108254.50
1967     42       106379.00
1967     43       104330.00
1967     44       109244.00
1967     45       119713.67
1967     46       128760.00
1967     47       113733.17
1967     48        77609.67
1967     49        58457.00
1967     50        61467.83
1967     51        80003.67
1967     52       109578.67
1967     53       128383.83
1967     54       134412.17
1967     55       133762.67
1968     12       127124.88
1968     13       129051.05
1968     14       127822.89
1968     15       127958.43
1968     16       128201.56
1968     17       123131.26
1968     18       116298.45
1968     19        98999.62
1968     20        87583.81
1968     21        82513.40
1968     22        68057.01
1968     23        92970.50
1968     24       111927.17
1968     25       111987.33
1968     26       124056.00
1968     27       140608.67
1968     28       142666.33
1968     29       136421.83
1968     30       127247.67
1968     31       123933.17
1968     32       124418.50
1968     33       121588.50
1968     34       107305.50
1968     35        96356.50
1968     36        98746.83
1968     37       105387.50
1968     38       109414.83
1968     39       109164.00
1968     40       106506.83
1968     41       105412.67
1968     42       108036.00
1968     43       106142.33
1968     44       104054.67
1968     45       108928.17
1968     46       119352.00
1968     47       128327.67
1968     48       113299.67
1968     49        77282.50
1968     50        58188.50
1968     51        61169.50
1968     52        79562.67
1968     53       108950.50
1968     54       127605.83
1968     55       133499.33
1969     12       124719.92
1969     13       127128.39
1969     14       129038.16
1969     15       127804.22
1969     16       127925.69
1969     17       128165.73
1969     18       123266.29
1969     19       116466.97
1969     20        99084.51
1969     21        87621.72
1969     22        82543.30
1969     23        68065.20
1969     24        92940.50
1969     25       111893.33
1969     26       111935.50
1969     27       123984.00
1969     28       140536.17
1969     29       142584.17
1969     30       136369.67
1969     31       127179.83
1969     32       123863.33
1969     33       124346.17
1969     34       121498.00
1969     35       107217.50
1969     36        96277.17
1969     37        98653.83
1969     38       105268.17
1969     39       109273.17
1969     40       108996.67
1969     41       106316.17
1969     42       105215.17
1969     43       107803.50
1969     44       105875.33
1969     45       103768.17
1969     46       108595.00
1969     47       118945.17
1969     48       127843.00
1969     49       112809.50
1969     50        76926.00
1969     51        57886.00
1969     52        60839.50
1969     53        79090.33
1969     54       108255.33
1969     55       126697.00
1970     12       124328.48
1970     13       124899.19
1970     14       127388.27
1970     15       129381.60
1970     16       128155.84
1970     17       128180.43
1970     18       128399.23
1970     19       123487.13
1970     20       116613.79
1970     21        98920.09
1970     22        87565.64
1970     23        82393.81
1970     24        68093.21
1970     25        93075.17
1970     26       111985.00
1970     27       112078.00
1970     28       123983.50
1970     29       140682.50
1970     30       142636.67
1970     31       136458.33
1970     32       127175.17
1970     33       123907.00
1970     34       124286.50
1970     35       121473.00
1970     36       107045.50
1970     37        96164.17
1970     38        98497.00
1970     39       105205.83
1970     40       109193.00
1970     41       108792.50
1970     42       106110.00
1970     43       105034.00
1970     44       107471.67
1970     45       105631.17
1970     46       103419.67
1970     47       108159.67
1970     48       118450.83
1970     49       127235.83
1970     50       112358.00
1970     51        76585.33
1970     52        57514.33
1970     53        60511.00
1970     54        78544.33
1970     55       107415.50
1971     12       130063.46
1971     13       124498.63
1971     14       125149.53
1971     15       127715.81
1971     16       129717.84
1971     17       128404.86
1971     18       128434.54
1971     19       128615.47
1971     20       123625.16
1971     21       116349.62
1971     22        98760.27
1971     23        87361.48
1971     24        82382.53
1971     25        68230.53
1971     26        93180.33
1971     27       112128.33
1971     28       112045.83
1971     29       124128.00
1971     30       140701.67
1971     31       142715.00
1971     32       136426.00
1971     33       127184.83
1971     34       123832.83
1971     35       124259.83
1971     36       121279.17
1971     37       106916.17
1971     38        95994.17
1971     39        98444.17
1971     40       105143.50
1971     41       108999.67
1971     42       108579.83
1971     43       105937.33
1971     44       104712.17
1971     45       107248.50
1971     46       105289.83
1971     47       103022.33
1971     48       107719.33
1971     49       117904.67
1971     50       126723.17
1971     51       111849.17
1971     52        76110.17
1971     53        57207.00
1971     54        60090.33
1971     55        77926.17
1972     12       135646.03
1972     13       130050.29
1972     14       124480.69
1972     15       125116.44
1972     16       127662.75
1972     17       129679.74
1972     18       128651.20
1972     19       128733.44
1972     20       128739.35
1972     21       123579.65
1972     22       116263.77
1972     23        98688.88
1972     24        87295.33
1972     25        82324.95
1972     26        68174.25
1972     27        93101.67
1972     28       112002.67
1972     29       111931.50
1972     30       124008.83
1972     31       140580.67
1972     32       142600.67
1972     33       136282.17
1972     34       127057.50
1972     35       123725.17
1972     36       124112.67
1972     37       121126.50
1972     38       106765.17
1972     39        95862.50
1972     40        98310.50
1972     41       104970.17
1972     42       108768.50
1972     43       108320.17
1972     44       105690.67
1972     45       104455.50
1972     46       106937.67
1972     47       104928.17
1972     48       102642.17
1972     49       107275.67
1972     50       117395.33
1972     51       126111.33
1972     52       111267.50
1972     53        75676.67
1972     54        56829.00
1972     55        59657.00
1973     12       139230.35
1973     13       135618.49
1973     14       130024.11
1973     15       124436.78
1973     16       125054.13
1973     17       127601.69
1973     18       129903.15
1973     19       128927.06
1973     20       128825.78
1973     21       128722.38
1973     22       123506.60
1973     23       116167.92
1973     24        98612.06
1973     25        87231.36
1973     26        82249.54
1973     27        68103.07
1973     28        92985.67
1973     29       111854.00
1973     30       111801.00
1973     31       123860.33
1973     32       140453.00
1973     33       142453.00
1973     34       136139.33
1973     35       126941.67
1973     36       123566.00
1973     37       123945.50
1973     38       120949.50
1973     39       106617.33
1973     40        95725.33
1973     41        98148.00
1973     42       104761.50
1973     43       108510.17
1973     44       108061.33
1973     45       105406.50
1973     46       104158.67
1973     47       106581.33
1973     48       104545.50
1973     49       102213.83
1973     50       106812.50
1973     51       116833.50
1973     52       125468.50
1973     53       110644.67
1973     54        75181.83
1973     55        56422.00
1974     12       141047.38
1974     13       139190.27
1974     14       135572.89
1974     15       129968.84
1974     16       124376.98
1974     17       124993.50
1974     18       127720.49
1974     19       130035.06
1974     20       128914.63
1974     21       128693.66
1974     22       128538.27
1974     23       123346.34
1974     24       116039.82
1974     25        98516.37
1974     26        87133.90
1974     27        82147.98
1974     28        68024.15
1974     29        92844.50
1974     30       111704.67
1974     31       111646.67
1974     32       123707.50
1974     33       140293.83
1974     34       142282.67
1974     35       135979.67
1974     36       126758.00
1974     37       123397.17
1974     38       123764.17
1974     39       120766.17
1974     40       106453.67
1974     41        95569.50
1974     42        97968.17
1974     43       104535.67
1974     44       108257.33
1974     45       107770.67
1974     46       105095.00
1974     47       103823.33
1974     48       106177.17
1974     49       104139.17
1974     50       101793.67
1974     51       106312.50
1974     52       116253.83
1974     53       124761.83
1974     54       109962.83
1974     55        74677.00
1975     12       141245.61
1975     13       140967.34
1975     14       139107.46
1975     15       135494.80
1975     16       129882.71
1975     17       124301.35
1975     18       125099.31
1975     19       127964.71
1975     20       130106.22
1975     21       128810.08
1975     22       128489.31
1975     23       128318.94
1975     24       123137.58
1975     25       115865.24
1975     26        98369.60
1975     27        87008.50
1975     28        82035.16
1975     29        67900.96
1975     30        92693.00
1975     31       111521.50
1975     32       111445.50
1975     33       123511.17
1975     34       140071.00
1975     35       142064.33
1975     36       135760.17
1975     37       126555.83
1975     38       123173.50
1975     39       123546.00
1975     40       120541.00
1975     41       106258.67
1975     42        95381.67
1975     43        97719.83
1975     44       104275.17
1975     45       107956.50
1975     46       107461.33
1975     47       104762.17
1975     48       103439.33
1975     49       105746.17
1975     50       103685.17
1975     51       101331.50
1975     52       105771.33
1975     53       115597.33
1975     54       123963.83
1975     55       109207.83
1976     12       141297.16
1976     13       141139.72
1976     14       140875.47
1976     15       139016.50
1976     16       135379.47
1976     17       129795.65
1976     18       124367.83
1976     19       125354.40
1976     20       128027.41
1976     21       130002.56
1976     22       128590.99
1976     23       128208.63
1976     24       128031.13
1976     25       122903.41
1976     26       115673.80
1976     27        98210.17
1976     28        86866.68
1976     29        81896.93
1976     30        67781.47
1976     31        92524.17
1976     32       111325.67
1976     33       111247.00
1976     34       123290.50
1976     35       139837.83
1976     36       141821.67
1976     37       135535.67
1976     38       126318.83
1976     39       122944.00
1976     40       123288.50
1976     41       120284.00
1976     42       105999.67
1976     43        95132.67
1976     44        97460.83
1976     45       103991.17
1976     46       107673.67
1976     47       107095.50
1976     48       104355.67
1976     49       103016.00
1976     50       105258.83
1976     51       103196.33
1976     52       100819.00
1976     53       105189.33
1976     54       114871.50
1976     55       123156.83
1977     12       135114.67
1977     13       141215.98
1977     14       141076.93
1977     15       140807.22
1977     16       138916.74
1977     17       135293.96
1977     18       129857.59
1977     19       124571.60
1977     20       125407.63
1977     21       127909.95
1977     22       129765.80
1977     23       128318.32
1977     24       127952.59
1977     25       127826.23
1977     26       122742.36
1977     27       115488.84
1977     28        98076.58
1977     29        86778.57
1977     30        81776.44
1977     31        67669.89
1977     32        92384.83
1977     33       111165.00
1977     34       111076.00
1977     35       123113.83
1977     36       139638.00
1977     37       141609.67
1977     38       135328.33
1977     39       126114.17
1977     40       122717.50
1977     41       123038.67
1977     42       120006.83
1977     43       105743.83
1977     44        94887.67
1977     45        97203.83
1977     46       103709.00
1977     47       107338.00
1977     48       106701.33
1977     49       103957.17
1977     50       102572.33
1977     51       104774.67
1977     52       102684.83
1977     53       100266.50
1977     54       104569.50
1977     55       114179.50
1978     12       130595.32
1978     13       135046.58
1978     14       141157.90
1978     15       141013.69
1978     16       140735.83
1978     17       138830.38
1978     18       135407.78
1978     19       130109.60
1978     20       124688.27
1978     21       125329.60
1978     22       127690.67
1978     23       129496.56
1978     24       128101.16
1978     25       127756.52
1978     26       127653.81
1978     27       122547.83
1978     28       115335.31
1978     29        97966.26
1978     30        86640.57
1978     31        81645.78
1978     32        67569.24
1978     33        92238.50
1978     34       110982.67
1978     35       110903.00
1978     36       122946.83
1978     37       139415.17
1978     38       141374.50
1978     39       135102.50
1978     40       125886.33
1978     41       122485.67
1978     42       122801.67
1978     43       119720.67
1978     44       105462.83
1978     45        94632.67
1978     46        96913.67
1978     47       103385.00
1978     48       106976.83
1978     49       106300.67
1978     50       103528.33
1978     51       102120.00
1978     52       104257.50
1978     53       102110.00
1978     54        99682.00
1978     55       103936.00
1979     12       123052.36
1979     13       130520.36
1979     14       134974.46
1979     15       141063.93
1979     16       140963.81
1979     17       140671.98
1979     18       138936.32
1979     19       135648.84
1979     20       130183.74
1979     21       124583.01
1979     22       125136.67
1979     23       127459.26
1979     24       129262.89
1979     25       127851.48
1979     26       127568.65
1979     27       127450.40
1979     28       122383.74
1979     29       115161.48
1979     30        97828.09
1979     31        86500.16
1979     32        81517.27
1979     33        67436.52
1979     34        92074.50
1979     35       110787.50
1979     36       110715.50
1979     37       122723.33
1979     38       139163.67
1979     39       141120.17
1979     40       134848.33
1979     41       125633.67
1979     42       122219.17
1979     43       122485.83
1979     44       119391.50
1979     45       105156.17
1979     46        94339.33
1979     47        96589.50
1979     48       103026.67
1979     49       106555.00
1979     50       105838.50
1979     51       103050.67
1979     52       101622.67
1979     53       103680.83
1979     54       101498.67
1979     55        99062.00
1980     12       117515.00
1980     13       122972.93
1980     14       130435.68
1980     15       134870.14
1980     16       140987.65
1980     17       140923.44
1980     18       140786.24
1980     19       139175.72
1980     20       135758.27
1980     21       130098.31
1980     22       124406.42
1980     23       124955.01
1980     24       127211.71
1980     25       129046.55
1980     26       127677.30
1980     27       127372.35
1980     28       127276.06
1980     29       122192.70
1980     30       114997.22
1980     31        97670.65
1980     32        86362.30
1980     33        81360.25
1980     34        67316.25
1980     35        91897.83
1980     36       110572.33
1980     37       110500.50
1980     38       122481.83
1980     39       138893.00
1980     40       140850.33
1980     41       134568.00
1980     42       125346.67
1980     43       121898.33
1980     44       122171.50
1980     45       119043.00
1980     46       104835.33
1980     47        94030.17
1980     48        96233.00
1980     49       102636.67
1980     50       106105.17
1980     51       105354.00
1980     52       102544.67
1980     53       101055.83
1980     54       103049.33
1980     55       100845.67
1981     12       114641.94
1981     13       117476.95
1981     14       123069.01
1981     15       130742.06
1981     16       134843.37
1981     17       141133.55
1981     18       140830.84
1981     19       140848.33
1981     20       139195.11
1981     21       135398.33
1981     22       129545.35
1981     23       123901.89
1981     24       124309.67
1981     25       126576.00
1981     26       128571.77
1981     27       126976.11
1981     28       126902.86
1981     29       126797.51
1981     30       121982.63
1981     31       114688.67
1981     32        97479.89
1981     33        86086.67
1981     34        81156.92
1981     35        67105.20
1981     36        91552.50
1981     37       110273.33
1981     38       110232.67
1981     39       122155.50
1981     40       138613.33
1981     41       140582.00
1981     42       134181.33
1981     43       125079.83
1981     44       121553.67
1981     45       121825.33
1981     46       118559.67
1981     47       104594.83
1981     48        93762.00
1981     49        95823.83
1981     50       102279.17
1981     51       105706.50
1981     52       104792.33
1981     53       102012.50
1981     54       100424.33
1981     55       102446.50
1982     12       112506.20
1982     13       114599.26
1982     14       117548.21
1982     15       123346.35
1982     16       130710.83
1982     17       134943.86
1982     18       141009.65
1982     19       140855.35
1982     20       140795.92
1982     21       138802.58
1982     22       134826.20
1982     23       129015.86
1982     24       123244.97
1982     25       123634.78
1982     26       126079.70
1982     27       127866.04
1982     28       126512.71
1982     29       126419.15
1982     30       126566.86
1982     31       121646.60
1982     32       114450.55
1982     33        97189.77
1982     34        85875.29
1982     35        80900.33
1982     36        66803.79
1982     37        91269.83
1982     38       110001.67
1982     39       109928.83
1982     40       121897.00
1982     41       138323.50
1982     42       140174.00
1982     43       133903.17
1982     44       124729.17
1982     45       121220.67
1982     46       121322.67
1982     47       118271.17
1982     48       104302.33
1982     49        93377.50
1982     50        95473.67
1982     51       101877.17
1982     52       105135.00
1982     53       104262.17
1982     54       101400.17
1982     55        99833.00
1983     12       112857.54
1983     13       112444.05
1983     14       114531.36
1983     15       117499.89
1983     16       123264.46
1983     17       130616.49
1983     18       134943.13
1983     19       141126.91
1983     20       140912.23
1983     21       140712.75
1983     22       138583.93
1983     23       134586.00
1983     24       128709.55
1983     25       122977.16
1983     26       123401.90
1983     27       125840.33
1983     28       127646.99
1983     29       126288.73
1983     30       126208.63
1983     31       126339.00
1983     32       121452.33
1983     33       114255.45
1983     34        96995.67
1983     35        85723.82
1983     36        80716.98
1983     37        66638.53
1983     38        91069.83
1983     39       109779.33
1983     40       109702.17
1983     41       121620.50
1983     42       138001.67
1983     43       139837.00
1983     44       133586.17
1983     45       124404.83
1983     46       120864.17
1983     47       120941.50
1983     48       117867.33
1983     49       103928.50
1983     50        92977.00
1983     51        95039.83
1983     52       101376.83
1983     53       104563.00
1983     54       103689.67
1983     55       100797.33
1984     12       107333.40
1984     13       112698.36
1984     14       112267.11
1984     15       114352.97
1984     16       117313.60
1984     17       123067.26
1984     18       130515.12
1984     19       134959.38
1984     20       141052.99
1984     21       140632.54
1984     22       140298.86
1984     23       138073.16
1984     24       134016.92
1984     25       128250.80
1984     26       122563.88
1984     27       122944.62
1984     28       125402.33
1984     29       127175.87
1984     30       125869.72
1984     31       125758.07
1984     32       125931.95
1984     33       121003.98
1984     34       113833.72
1984     35        96650.95
1984     36        85398.34
1984     37        80406.47
1984     38        66394.48
1984     39        90758.00
1984     40       109400.33
1984     41       109315.33
1984     42       121200.00
1984     43       137547.17
1984     44       139392.33
1984     45       133137.67
1984     46       123978.67
1984     47       120427.00
1984     48       120503.33
1984     49       117402.33
1984     50       103471.83
1984     51        92529.17
1984     52        94551.83
1984     53       100793.00
1984     54       103953.67
1984     55       103081.50
1985     12        87160.14
1985     13       107056.08
1985     14       112400.26
1985     15       111988.00
1985     16       114101.25
1985     17       117070.17
1985     18       123082.47
1985     19       130601.68
1985     20       134859.93
1985     21       140690.77
1985     22       140071.10
1985     23       139699.05
1985     24       137419.65
1985     25       133466.58
1985     26       127769.41
1985     27       122046.92
1985     28       122440.25
1985     29       124868.24
1985     30       126665.36
1985     31       125342.64
1985     32       125274.91
1985     33       125373.89
1985     34       120532.70
1985     35       113340.35
1985     36        96245.55
1985     37        85040.49
1985     38        80076.42
1985     39        66106.06
1985     40        90381.50
1985     41       108972.33
1985     42       108876.83
1985     43       120732.33
1985     44       137074.67
1985     45       138867.33
1985     46       132649.67
1985     47       123520.67
1985     48       119963.00
1985     49       120014.83
1985     50       116905.33
1985     51       102996.50
1985     52        92034.83
1985     53        94011.33
1985     54       100176.33
1985     55       103288.33
1986     12        84715.46
1986     13        86946.44
1986     14       106852.69
1986     15       112170.20
1986     16       111723.20
1986     17       113993.71
1986     18       117178.80
1986     19       123283.20
1986     20       130593.82
1986     21       134691.71
1986     22       140285.41
1986     23       139732.54
1986     24       139316.68
1986     25       137020.10
1986     26       133091.92
1986     27       127489.22
1986     28       121752.27
1986     29       122237.35
1986     30       124528.92
1986     31       126328.50
1986     32       125052.44
1986     33       124897.81
1986     34       125054.11
1986     35       120110.84
1986     36       112945.94
1986     37        95942.03
1986     38        84794.34
1986     39        79857.14
1986     40        65907.35
1986     41        90056.17
1986     42       108579.83
1986     43       108525.50
1986     44       120353.33
1986     45       136595.83
1986     46       138347.67
1986     47       132245.50
1986     48       123047.17
1986     49       119504.50
1986     50       119480.00
1986     51       116425.17
1986     52       102480.67
1986     53        91552.50
1986     54        93448.00
1986     55        99507.67
1987     12        84710.26
1987     13        84570.16
1987     14        86874.56
1987     15       106659.26
1987     16       111932.67
1987     17       111625.43
1987     18       114839.42
1987     19       118148.70
1987     20       123852.69
1987     21       130939.56
1987     22       134798.74
1987     23       140214.23
1987     24       139669.06
1987     25       139194.11
1987     26       136867.71
1987     27       133016.60
1987     28       127468.31
1987     29       121881.97
1987     30       122174.83
1987     31       124407.41
1987     32       126190.24
1987     33       124879.48
1987     34       124714.69
1987     35       124781.04
1987     36       119757.09
1987     37       112623.86
1987     38        95723.31
1987     39        84576.86
1987     40        79613.02
1987     41        65630.43
1987     42        89749.83
1987     43       108238.50
1987     44       108129.17
1987     45       119935.50
1987     46       136097.67
1987     47       137853.33
1987     48       131739.50
1987     49       122545.67
1987     50       118960.00
1987     51       118943.33
1987     52       115854.33
1987     53       101944.00
1987     54        90998.17
1987     55        92845.17
1988     12        88363.55
1988     13        84451.76
1988     14        84393.55
1988     15        86574.19
1988     16       106318.73
1988     17       111613.00
1988     18       112617.81
1988     19       116181.05
1988     20       118908.90
1988     21       124357.66
1988     22       131116.08
1988     23       134776.35
1988     24       140151.51
1988     25       139622.51
1988     26       139178.90
1988     27       136734.17
1988     28       132968.52
1988     29       127679.48
1988     30       121955.05
1988     31       122195.91
1988     32       124306.25
1988     33       126072.22
1988     34       124755.83
1988     35       124605.14
1988     36       124427.31
1988     37       119305.85
1988     38       112177.04
1988     39        95417.70
1988     40        84215.99
1988     41        79262.07
1988     42        65391.58
1988     43        89361.50
1988     44       107694.50
1988     45       107599.83
1988     46       119417.17
1988     47       135453.00
1988     48       137163.83
1988     49       131121.33
1988     50       121943.50
1988     51       118352.67
1988     52       118270.50
1988     53       115215.50
1988     54       101271.00
1988     55        90372.17
1989     12        96643.36
1989     13        87148.78
1989     14        83514.87
1989     15        83393.37
1989     16        85647.00
1989     17       105233.64
1989     18       110939.79
1989     19       111957.42
1989     20       114724.15
1989     21       117176.33
1989     22       122249.78
1989     23       128829.56
1989     24       132559.11
1989     25       137854.43
1989     26       137582.67
1989     27       137206.48
1989     28       134796.09
1989     29       131278.56
1989     30       126070.86
1989     31       120474.82
1989     32       120629.99
1989     33       122707.29
1989     34       124557.06
1989     35       123244.83
1989     36       123057.92
1989     37       122793.95
1989     38       117648.83
1989     39       110748.22
1989     40        94233.65
1989     41        83267.56
1989     42        78299.29
1989     43        64660.43
1989     44        88403.67
1989     45       106480.17
1989     46       106490.33
1989     47       118346.67
1989     48       134237.50
1989     49       136017.17
1989     50       130099.00
1989     51       121045.33
1989     52       117454.33
1989     53       117389.33
1989     54       114315.17
1989     55       100360.17
1990     12        96539.26
1990     13        87583.81
1990     14        79359.58
1990     15        76305.02
1990     16        76264.79
1990     17        78011.05
1990     18        95487.02
1990     19        98556.97
1990     20        97599.23
1990     21        99062.91
1990     22       100932.90
1990     23       105372.73
1990     24       111250.75
1990     25       114686.20
1990     26       119866.84
1990     27       119878.95
1990     28       120491.25
1990     29       119022.66
1990     30       116453.45
1990     31       112254.17
1990     32       107386.71
1990     33       107744.64
1990     34       110033.07
1990     35       111806.82
1990     36       110690.15
1990     37       110608.56
1990     38       110701.67
1990     39       106187.73
1990     40        99797.49
1990     41        84674.82
1990     42        74681.42
1990     43        70588.91
1990     44        57905.30
1990     45        79509.00
1990     46        95632.00
1990     47        95302.33
1990     48       106654.17
1990     49       121345.67
1990     50       123909.67
1990     51       118435.33
1990     52       110102.50
1990     53       106710.50
1990     54       106872.67
1990     55       104005.67
1991     12        96833.62
1991     13        95081.53
1991     14        86615.02
1991     15        78475.76
1991     16        74457.51
1991     17        73142.07
1991     18        74806.36
1991     19        88655.13
1991     20        90830.38
1991     21        90582.37
1991     22        92720.92
1991     23        95254.12
1991     24       100206.46
1991     25       106447.58
1991     26       110696.74
1991     27       115889.69
1991     28       116693.61
1991     29       117434.68
1991     30       116325.90
1991     31       113974.20
1991     32       109946.06
1991     33       105309.59
1991     34       105822.65
1991     35       108088.99
1991     36       109901.33
1991     37       108790.14
1991     38       108863.99
1991     39       109125.86
1991     40       104664.56
1991     41        98304.07
1991     42        83456.18
1991     43        73876.22
1991     44        69408.14
1991     45        57619.10
1991     46        78385.17
1991     47        94220.33
1991     48        94578.67
1991     49       105224.67
1991     50       120422.00
1991     51       122623.17
1991     52       117553.50
1991     53       109086.83
1991     54       105872.00
1991     55       105968.67
1992     12        99263.60
1992     13        96190.64
1992     14        94607.70
1992     15        86134.72
1992     16        76730.75
1992     17        71423.74
1992     18        70463.28
1992     19        70351.20
1992     20        83444.88
1992     21        86844.78
1992     22        87395.52
1992     23        89888.27
1992     24        92654.28
1992     25        97780.84
1992     26       104540.58
1992     27       108912.97
1992     28       114627.14
1992     29       115454.89
1992     30       116420.63
1992     31       115345.21
1992     32       113021.72
1992     33       109108.94
1992     34       104499.25
1992     35       104997.30
1992     36       107233.01
1992     37       109009.65
1992     38       107920.44
1992     39       108027.80
1992     40       108272.35
1992     41       103829.73
1992     42        97646.90
1992     43        82925.76
1992     44        73171.04
1992     45        69077.98
1992     46        56793.75
1992     47        77442.17
1992     48        93515.67
1992     49        93575.33
1992     50       104579.83
1992     51       119480.83
1992     52       121814.00
1992     53       116690.00
1992     54       108424.33
1992     55       105150.00
1993     12        99598.36
1993     13        98983.42
1993     14        95898.23
1993     15        94321.17
1993     16        84896.14
1993     17        74786.42
1993     18        69654.66
1993     19        68026.93
1993     20        67764.99
1993     21        81452.89
1993     22        85594.01
1993     23        86301.87
1993     24        88824.20
1993     25        91688.01
1993     26        97130.83
1993     27       104010.89
1993     28       108552.78
1993     29       114298.11
1993     30       115120.05
1993     31       116222.29
1993     32       115100.80
1993     33       112827.68
1993     34       108828.41
1993     35       104325.05
1993     36       104701.87
1993     37       106952.03
1993     38       108642.10
1993     39       107506.13
1993     40       107580.11
1993     41       107820.13
1993     42       103406.32
1993     43        97173.01
1993     44        82503.56
1993     45        72836.15
1993     46        68753.08
1993     47        56475.80
1993     48        76994.50
1993     49        92949.00
1993     50        93083.50
1993     51       103978.50
1993     52       118761.67
1993     53       121090.33
1993     54       116090.83
1993     55       107796.83
1994     12        97495.86
1994     13        99455.23
1994     14        98847.71
1994     15        95749.21
1994     16        93297.26
1994     17        83272.33
1994     18        73323.65
1994     19        67863.82
1994     20        66229.76
1994     21        66482.67
1994     22        80683.71
1994     23        85060.03
1994     24        85826.42
1994     25        88425.51
1994     26        91503.12
1994     27        97189.87
1994     28       104144.64
1994     29       108665.57
1994     30       114416.93
1994     31       115339.50
1994     32       116348.01
1994     33       115229.42
1994     34       112858.10
1994     35       108922.50
1994     36       104301.67
1994     37       104702.88
1994     38       106847.80
1994     39       108460.35
1994     40       107298.59
1994     41       107356.56
1994     42       107510.17
1994     43       103124.04
1994     44        96928.03
1994     45        82306.37
1994     46        72682.47
1994     47        68586.46
1994     48        56278.75
1994     49        76660.00
1994     50        92565.83
1994     51        92677.67
1994     52       103529.67
1994     53       118218.17
1994     54       120555.67
1994     55       115535.50
1995     12        97255.12
1995     13        97392.61
1995     14        99372.68
1995     15        98724.35
1995     16        94940.21
1995     17        91791.16
1995     18        81812.15
1995     19        71594.49
1995     20        66435.02
1995     21        64998.66
1995     22        65781.94
1995     23        80276.99
1995     24        84703.03
1995     25        85533.24
1995     26        88351.98
1995     27        91686.59
1995     28        97553.14
1995     29       104486.71
1995     30       109013.52
1995     31       114794.39
1995     32       115592.13
1995     33       116538.39
1995     34       115418.15
1995     35       112974.87
1995     36       108998.52
1995     37       104343.13
1995     38       104708.37
1995     39       106760.79
1995     40       108360.33
1995     41       107158.63
1995     42       107141.62
1995     43       107316.16
1995     44       102961.39
1995     45        96726.01
1995     46        82163.47
1995     47        72569.46
1995     48        68446.51
1995     49        56148.05
1995     50        76431.17
1995     51        92279.67
1995     52        92413.33
1995     53       103206.33
1995     54       117770.33
1995     55       120092.67
1996     12        94759.02
1996     13        97282.79
1996     14        97399.17
1996     15        99344.96
1996     16        98174.41
1996     17        93629.92
1996     18        90189.54
1996     19        79843.49
1996     20        69990.98
1996     21        65231.05
1996     22        64200.70
1996     23        65381.98
1996     24        79991.06
1996     25        84393.91
1996     26        85461.17
1996     27        88476.22
1996     28        92044.39
1996     29        97886.83
1996     30       104959.95
1996     31       109460.97
1996     32       115194.17
1996     33       115919.32
1996     34       116835.37
1996     35       115618.13
1996     36       113069.69
1996     37       109117.79
1996     38       104459.77
1996     39       104701.11
1996     40       106744.91
1996     41       108309.41
1996     42       107059.08
1996     43       107029.05
1996     44       107204.33
1996     45       102806.56
1996     46        96601.39
1996     47        82113.05
1996     48        72482.43
1996     49        68391.03
1996     50        56058.60
1996     51        76302.67
1996     52        92059.67
1996     53        92174.50
1996     54       102866.17
1996     55       117397.83
1997     12        93813.14
1997     13        94884.54
1997     14        97378.25
1997     15        97458.10
1997     16        99022.71
1997     17        97003.10
1997     18        91993.46
1997     19        87974.03
1997     20        77953.51
1997     21        68749.42
1997     22        64219.00
1997     23        63612.85
1997     24        65043.04
1997     25        79589.63
1997     26        84173.31
1997     27        85444.16
1997     28        88626.49
1997     29        92243.57
1997     30        98314.13
1997     31       105382.01
1997     32       109832.35
1997     33       115595.84
1997     34       116230.76
1997     35       117118.73
1997     36       115790.18
1997     37       113272.11
1997     38       109225.03
1997     39       104567.51
1997     40       104723.73
1997     41       106751.31
1997     42       108274.49
1997     43       107017.51
1997     44       106970.17
1997     45       107168.22
1997     46       102758.05
1997     47        96594.24
1997     48        82054.43
1997     49        72483.98
1997     50        68323.26
1997     51        56029.21
1997     52        76147.83
1997     53        91828.50
1997     54        91947.50
1997     55       102609.33
1998     12        92834.77
1998     13        93852.83
1998     14        94905.92
1998     15        97374.90
1998     16        97090.78
1998     17        97968.79
1998     18        95205.36
1998     19        89561.06
1998     20        85714.35
1998     21        76181.53
1998     22        67278.40
1998     23        63259.67
1998     24        62984.64
1998     25        64522.32
1998     26        79171.11
1998     27        83910.23
1998     28        85354.67
1998     29        88708.50
1998     30        92518.50
1998     31        98555.83
1998     32       105520.40
1998     33       110089.04
1998     34       115765.69
1998     35       116441.12
1998     36       117250.67
1998     37       115827.27
1998     38       113295.87
1998     39       109219.99
1998     40       104527.24
1998     41       104633.74
1998     42       106680.71
1998     43       108128.65
1998     44       106910.35
1998     45       106821.21
1998     46       107074.59
1998     47       102630.03
1998     48        96451.10
1998     49        82024.97
1998     50        72405.82
1998     51        68247.89
1998     52        55967.83
1998     53        76000.17
1998     54        91650.33
1998     55        91763.67
1999     12        92883.53
1999     13        92786.85
1999     14        93753.39
1999     15        94871.26
1999     16        96996.96
1999     17        96129.63
1999     18        96049.67
1999     19        92472.92
1999     20        86913.77
1999     21        83245.70
1999     22        74129.88
1999     23        65919.79
1999     24        62354.58
1999     25        62362.60
1999     26        64041.29
1999     27        78733.13
1999     28        83614.10
1999     29        85247.15
1999     30        88722.39
1999     31        92602.08
1999     32        98561.82
1999     33       105633.79
1999     34       110131.01
1999     35       115917.36
1999     36       116461.74
1999     37       117220.13
1999     38       115750.17
1999     39       113126.73
1999     40       109109.63
1999     41       104361.77
1999     42       104458.77
1999     43       106438.49
1999     44       107927.11
1999     45       106645.40
1999     46       106647.03
1999     47       106810.82
1999     48       102427.28
1999     49        96291.67
1999     50        81902.25
1999     51        72309.74
1999     52        68200.04
1999     53        55874.27
1999     54        75831.67
1999     55        91442.17
2000     12        91292.90
2000     13        92675.40
2000     14        92563.20
2000     15        93576.16
2000     16        94400.45
2000     17        95941.20
2000     18        94017.11
2000     19        92877.07
2000     20        89100.23
2000     21        83850.82
2000     22        80577.12
2000     23        72145.72
2000     24        64726.18
2000     25        61411.85
2000     26        61671.07
2000     27        63538.40
2000     28        78215.16
2000     29        83214.94
2000     30        84954.77
2000     31        88596.71
2000     32        92473.45
2000     33        98496.20
2000     34       105446.90
2000     35       110039.12
2000     36       115759.92
2000     37       116343.49
2000     38       116919.88
2000     39       115436.75
2000     40       112861.89
2000     41       108810.95
2000     42       104021.97
2000     43       104125.03
2000     44       106129.77
2000     45       107574.21
2000     46       106296.74
2000     47       106271.43
2000     48       106512.55
2000     49       102140.37
2000     50        96085.60
2000     51        81700.38
2000     52        72164.50
2000     53        68049.88
2000     54        55729.98
2000     55        75638.83
2001     12        85947.59
2001     13        90824.18
2001     14        92304.28
2001     15        92186.25
2001     16        92901.78
2001     17        93193.42
2001     18        93602.97
2001     19        90671.68
2001     20        88932.88
2001     21        85274.45
2001     22        80648.44
2001     23        77849.13
2001     24        70277.50
2001     25        63202.20
2001     26        60296.85
2001     27        60881.96
2001     28        62912.99
2001     29        77559.85
2001     30        82665.03
2001     31        84458.06
2001     32        88207.52
2001     33        92084.97
2001     34        98058.29
2001     35       105006.78
2001     36       109629.30
2001     37       115313.90
2001     38       115768.17
2001     39       116362.50
2001     40       114899.89
2001     41       112294.17
2001     42       108230.35
2001     43       103520.59
2001     44       103611.83
2001     45       105555.21
2001     46       107005.93
2001     47       105766.31
2001     48       105798.74
2001     49       106079.69
2001     50       101796.50
2001     51        95695.52
2001     52        81399.39
2001     53        71940.44
2001     54        67879.74
2001     55        55563.67
2002     12        80531.45
2002     13        85473.07
2002     14        90459.90
2002     15        91946.29
2002     16        91493.18
2002     17        91700.64
2002     18        90934.31
2002     19        90364.18
2002     20        86546.81
2002     21        84993.02
2002     22        81851.72
2002     23        77749.68
2002     24        75532.57
2002     25        68487.96
2002     26        61913.61
2002     27        59322.27
2002     28        60237.28
2002     29        62345.46
2002     30        77017.60
2002     31        82121.54
2002     32        83962.85
2002     33        87772.98
2002     34        91696.83
2002     35        97538.60
2002     36       104534.65
2002     37       109083.78
2002     38       114679.37
2002     39       115144.21
2002     40       115727.60
2002     41       114245.27
2002     42       111595.17
2002     43       107676.87
2002     44       102939.24
2002     45       103031.72
2002     46       104993.05
2002     47       106449.78
2002     48       105205.52
2002     49       105298.27
2002     50       105657.36
2002     51       101343.23
2002     52        95300.28
2002     53        81136.67
2002     54        71726.15
2002     55        67685.11
2003     12        62550.88
2003     13        80253.20
2003     14        85272.70
2003     15        90230.05
2003     16        91417.54
2003     17        90504.60
2003     18        89615.92
2003     19        87975.14
2003     20        86489.69
2003     21        83207.35
2003     22        82007.92
2003     23        79223.01
2003     24        75768.64
2003     25        73850.19
2003     26        67194.06
2003     27        60976.25
2003     28        58792.82
2003     29        59812.27
2003     30        62015.36
2003     31        76770.56
2003     32        81818.09
2003     33        83687.61
2003     34        87509.15
2003     35        91393.44
2003     36        97265.90
2003     37       104153.75
2003     38       108674.75
2003     39       114207.50
2003     40       114695.70
2003     41       115211.39
2003     42       113690.86
2003     43       111082.68
2003     44       107190.77
2003     45       102487.82
2003     46       102593.08
2003     47       104575.14
2003     48       105958.46
2003     49       104759.88
2003     50       104912.47
2003     51       105300.39
2003     52       100981.49
2003     53        95014.61
2003     54        80900.34
2003     55        71559.59
2004     12        43427.24
2004     13        62433.03
2004     14        80130.81
2004     15        85127.35
2004     16        89849.93
2004     17        90577.36
2004     18        88606.32
2004     19        86753.46
2004     20        84386.14
2004     21        83626.69
2004     22        80768.93
2004     23        79648.82
2004     24        77487.01
2004     25        74274.87
2004     26        72520.70
2004     27        66275.38
2004     28        60393.08
2004     29        58538.50
2004     30        59636.74
2004     31        61933.14
2004     32        76684.92
2004     33        81721.80
2004     34        83518.29
2004     35        87348.06
2004     36        91236.81
2004     37        97106.41
2004     38       103931.61
2004     39       108349.96
2004     40       113935.68
2004     41       114348.84
2004     42       114850.31
2004     43       113233.02
2004     44       110691.60
2004     45       106801.70
2004     46       102119.36
2004     47       102250.73
2004     48       104175.41
2004     49       105591.91
2004     50       104427.14
2004     51       104615.26
2004     52       104968.39
2004     53       100674.98
2004     54        94771.11
2004     55        80734.01
2005     12        38495.84
2005     13        43379.87
2005     14        62357.98
2005     15        80011.04
2005     16        84808.34
2005     17        89107.63
2005     18        88770.32
2005     19        85723.46
2005     20        83229.52
2005     21        81686.24
2005     22        81384.98
2005     23        78620.03
2005     24        77832.89
2005     25        75912.23
2005     26        72875.30
2005     27        71460.88
2005     28        65513.43
2005     29        60019.93
2005     30        58389.90
2005     31        59561.02
2005     32        61922.04
2005     33        76649.74
2005     34        81623.96
2005     35        83390.55
2005     36        87202.94
2005     37        91149.73
2005     38        96942.60
2005     39       103689.44
2005     40       108140.91
2005     41       113614.93
2005     42       114052.52
2005     43       114430.44
2005     44       112879.41
2005     45       110318.50
2005     46       106412.83
2005     47       101749.94
2005     48       101876.70
2005     49       103857.51
2005     50       105277.01
2005     51       104090.18
2005     52       104284.67
2005     53       104669.73
2005     54       100373.93
2005     55        94497.39
2006     12        36117.59
2006     13        38426.04
2006     14        43325.20
2006     15        62272.79
2006     16        79703.68
2006     17        84131.98
2006     18        87396.21
2006     19        85834.82
2006     20        82360.67
2006     21        80492.26
2006     22        79434.57
2006     23        79262.23
2006     24        76646.23
2006     25        75955.18
2006     26        74244.77
2006     27        71570.47
2006     28        70542.99
2006     29        64913.83
2006     30        59694.75
2006     31        58222.55
2006     32        59469.76
2006     33        61828.51
2006     34        76539.03
2006     35        81462.46
2006     36        83221.84
2006     37        87009.60
2006     38        90918.16
2006     39        96655.54
2006     40       103415.05
2006     41       107771.58
2006     42       113270.28
2006     43       113660.95
2006     44       114017.97
2006     45       112456.48
2006     46       109851.44
2006     47       106001.07
2006     48       101350.63
2006     49       101497.48
2006     50       103501.68
2006     51       104907.50
2006     52       103726.97
2006     53       103943.51
2006     54       104288.54
2006     55       100038.24
2007     12        36468.89
2007     13        36013.87
2007     14        38315.76
2007     15        43207.17
2007     16        62033.64
2007     17        79042.80
2007     18        82521.86
2007     19        84399.03
2007     20        82565.26
2007     21        79677.21
2007     22        78165.85
2007     23        77263.32
2007     24        77140.90
2007     25        74574.43
2007     26        74058.67
2007     27        72755.17
2007     28        70470.21
2007     29        69792.99
2007     30        64350.00
2007     31        59382.97
2007     32        57983.87
2007     33        59277.87
2007     34        61709.92
2007     35        76353.87
2007     36        81231.65
2007     37        82954.75
2007     38        86706.98
2007     39        90605.98
2007     40        96314.50
2007     41       103043.13
2007     42       107371.39
2007     43       112848.63
2007     44       113220.20
2007     45       113575.86
2007     46       111941.17
2007     47       109396.23
2007     48       105555.62
2007     49       100912.08
2007     50       101078.62
2007     51       103098.97
2007     52       104492.18
2007     53       103342.48
2007     54       103535.91
2007     55       103929.28
2008     12        39156.56
2008     13        36329.88
2008     14        35926.11
2008     15        38172.27
2008     16        43040.75
2008     17        61557.02
2008     18        77508.76
2008     19        79809.90
2008     20        81486.03
2008     21        80071.84
2008     22        77359.84
2008     23        75985.97
2008     24        75262.14
2008     25        75000.55
2008     26        72589.86
2008     27        72575.65
2008     28        71595.00
2008     29        69694.37
2008     30        69140.49
2008     31        63952.72
2008     32        59076.16
2008     33        57761.62
2008     34        59144.15
2008     35        61576.00
2008     36        76138.53
2008     37        80980.69
2008     38        82659.06
2008     39        86417.71
2008     40        90246.55
2008     41        95971.08
2008     42       102617.57
2008     43       106942.42
2008     44       112369.66
2008     45       112771.36
2008     46       113073.05
2008     47       111448.19
2008     48       108954.31
2008     49       105090.24
2008     50       100481.71
2008     51       100638.46
2008     52       102660.13
2008     53       104096.67
2008     54       102957.56
2008     55       103155.60
2009     12        43377.73
2009     13        39044.10
2009     14        36305.95
2009     15        35863.15
2009     16        38065.44
2009     17        42825.12
2009     18        60472.20
2009     19        75452.49
2009     20        77783.40
2009     21        79526.44
2009     22        78124.39
2009     23        75397.78
2009     24        74358.38
2009     25        73395.29
2009     26        73244.01
2009     27        71220.30
2009     28        71644.73
2009     29        70989.14
2009     30        69199.69
2009     31        68810.68
2009     32        63684.24
2009     33        58944.67
2009     34        57649.83
2009     35        59029.55
2009     36        61421.98
2009     37        75989.55
2009     38        80738.27
2009     39        82376.78
2009     40        86135.85
2009     41        89931.81
2009     42        95612.36
2009     43       102229.55
2009     44       106502.07
2009     45       111965.15
2009     46       112316.43
2009     47       112625.92
2009     48       111032.75
2009     49       108512.08
2009     50       104682.48
2009     51       100076.37
2009     52       100226.76
2009     53       102248.18
2009     54       103735.54
2009     55       102573.79
2010     12        44438.75
2010     13        43352.79
2010     14        39018.30
2010     15        36286.16
2010     16        35845.03
2010     17        37947.07
2010     18        42280.29
2010     19        59553.55
2010     20        74499.20
2010     21        76614.06
2010     22        78026.31
2010     23        76536.35
2010     24        74034.83
2010     25        72875.29
2010     26        71973.22
2010     27        72091.42
2010     28        70518.05
2010     29        71206.58
2010     30        70634.40
2010     31        69050.62
2010     32        68696.72
2010     33        63698.82
2010     34        58958.93
2010     35        57631.70
2010     36        58977.31
2010     37        61345.22
2010     38        75837.23
2010     39        80537.64
2010     40        82224.94
2010     41        85894.18
2010     42        89696.80
2010     43        95287.07
2010     44       101890.53
2010     45       106160.95
2010     46       111587.45
2010     47       111938.14
2010     48       112219.75
2010     49       110630.38
2010     50       108112.06
2010     51       104316.48
2010     52        99695.19
2010     53        99828.26
2010     54       101896.54
2010     55       103323.36
2011     12        45634.91
2011     13        44455.19
2011     14        43307.05
2011     15        39025.47
2011     16        36287.18
2011     17        35722.13
2011     18        37750.09
2011     19        42416.51
2011     20        59652.40
2011     21        73822.62
2011     22        75299.30
2011     23        76706.95
2011     24        75240.57
2011     25        72794.07
2011     26        71567.59
2011     27        71063.67
2011     28        71470.59
2011     29        70187.36
2011     30        70979.65
2011     31        70535.13
2011     32        69033.23
2011     33        68796.73
2011     34        63794.51
2011     35        58991.11
2011     36        57635.40
2011     37        58946.34
2011     38        61309.96
2011     39        75733.49
2011     40        80414.76
2011     41        82051.15
2011     42        85662.96
2011     43        89462.59
2011     44        95030.02
2011     45       101601.54
2011     46       105838.96
2011     47       111198.26
2011     48       111581.19
2011     49       111810.27
2011     50       110225.55
2011     51       107753.83
2011     52       103956.49
2011     53        99341.82
2011     54        99465.70
2011     55       101508.17
2012     12        47249.99
2012     13        45693.84
2012     14        44480.36
2012     15        43382.65
2012     16        39018.15
2012     17        36223.79
2012     18        35774.28
2012     19        38390.11
2012     20        43359.52
2012     21        59594.21
2012     22        72869.14
2012     23        74391.74
2012     24        75757.82
2012     25        74217.55
2012     26        71807.64
2012     27        71034.12
2012     28        70799.01
2012     29        71329.33
2012     30        70173.72
2012     31        71030.74
2012     32        70663.45
2012     33        69223.66
2012     34        68980.08
2012     35        63922.12
2012     36        59107.55
2012     37        57789.13
2012     38        59060.09
2012     39        61358.35
2012     40        75732.44
2012     41        80385.63
2012     42        81925.22
2012     43        85601.53
2012     44        89337.60
2012     45        94877.82
2012     46       101378.29
2012     47       105560.12
2012     48       110972.60
2012     49       111267.18
2012     50       111481.49
2012     51       109948.50
2012     52       107507.52
2012     53       103641.49
2012     54        99033.26
2012     55        99154.80
2013     12        47867.30
2013     13        47382.59
2013     14        45782.54
2013     15        44583.54
2013     16        43402.94
2013     17        39056.82
2013     18        36415.33
2013     19        36570.21
2013     20        39645.59
2013     21        43884.03
2013     22        59275.03
2013     23        72293.88
2013     24        73799.89
2013     25        75012.57
2013     26        73618.96
2013     27        71582.39
2013     28        71165.23
2013     29        70890.98
2013     30        71565.50
2013     31        70480.74
2013     32        71450.84
2013     33        71033.19
2013     34        69561.40
2013     35        69336.71
2013     36        64208.58
2013     37        59444.54
2013     38        58030.13
2013     39        59192.48
2013     40        61543.10
2013     41        75870.03
2013     42        80458.06
2013     43        81993.00
2013     44        85596.36
2013     45        89311.28
2013     46        94810.14
2013     47       101279.88
2013     48       105416.62
2013     49       110822.55
2013     50       111074.09
2013     51       111310.44
2013     52       109775.88
2013     53       107221.11
2013     54       103406.25
2013     55        98777.02
2014     12        46998.26
2014     13        48081.58
2014     14        47523.17
2014     15        45951.53
2014     16        44691.99
2014     17        43509.21
2014     18        39393.93
2014     19        37316.41
2014     20        37958.95
2014     21        40453.10
2014     22        44076.69
2014     23        59254.78
2014     24        72065.82
2014     25        73424.78
2014     26        74758.74
2014     27        73544.77
2014     28        71972.11
2014     29        71558.98
2014     30        71416.09
2014     31        72117.77
2014     32        71116.33
2014     33        71973.13
2014     34        71593.91
2014     35        70103.32
2014     36        69740.56
2014     37        64587.76
2014     38        59805.52
2014     39        58289.42
2014     40        59510.99
2014     41        61774.47
2014     42        76078.73
2014     43        80610.84
2014     44        82112.58
2014     45        85708.35
2014     46        89361.31
2014     47        94826.26
2014     48       101219.33
2014     49       105402.38
2014     50       110730.34
2014     51       110960.28
2014     52       111171.97
2014     53       109576.94
2014     54       107028.70
2014     55       103181.00
2015     12        47546.52
2015     13        47402.80
2015     14        48492.89
2015     15        47991.88
2015     16        46318.28
2015     17        45027.62
2015     18        44203.32
2015     19        40789.57
2015     20        39200.91
2015     21        39158.54
2015     22        41265.60
2015     23        44878.83
2015     24        59849.55
2015     25        72275.71
2015     26        73749.71
2015     27        75193.80
2015     28        74334.12
2015     29        72813.73
2015     30        72552.51
2015     31        72411.67
2015     32        73116.41
2015     33        72025.12
2015     34        72857.87
2015     35        72529.82
2015     36        70821.58
2015     37        70360.81
2015     38        65212.21
2015     39        60335.31
2015     40        58814.08
2015     41        59989.92
2015     42        62200.57
2015     43        76427.17
2015     44        80937.85
2015     45        82394.93
2015     46        85933.70
2015     47        89559.35
2015     48        94964.28
2015     49       101314.99
2015     50       105441.68
2015     51       110667.76
2015     52       110899.21
2015     53       111086.47
2015     54       109473.36
2015     55       106917.80
2016     12        49066.24
2016     13        47975.97
2016     14        47846.42
2016     15        48947.13
2016     16        48457.12
2016     17        46712.33
2016     18        45631.97
2016     19        45581.93
2016     20        42427.06
2016     21        40259.81
2016     22        39797.36
2016     23        42105.29
2016     24        45508.77
2016     25        59993.17
2016     26        72349.57
2016     27        74088.83
2016     28        75861.15
2016     29        75084.00
2016     30        73798.86
2016     31        73552.06
2016     32        73426.35
2016     33        74053.93
2016     34        72876.28
2016     35        73920.52
2016     36        73267.97
2016     37        71510.29
2016     38        71030.72
2016     39        65742.00
2016     40        60861.82
2016     41        59274.99
2016     42        60404.60
2016     43        62547.85
2016     44        76769.03
2016     45        81208.73
2016     46        82645.92
2016     47        86124.92
2016     48        89697.45
2016     49        95032.53
2016     50       101358.82
2016     51       105411.50
2016     52       110575.33
2016     53       110796.38
2016     54       110994.14
2016     55       109384.96
2017     12        49647.10
2017     13        49357.04
2017     14        48232.56
2017     15        48075.72
2017     16        49250.40
2017     17        48628.44
2017     18        46944.84
2017     19        46437.94
2017     20        46625.29
2017     21        43031.61
2017     22        40379.63
2017     23        40325.05
2017     24        42378.44
2017     25        45482.69
2017     26        59816.25
2017     27        72452.98
2017     28        74514.10
2017     29        76460.95
2017     30        75878.11
2017     31        74589.95
2017     32        74405.10
2017     33        74164.43
2017     34        74782.93
2017     35        73694.15
2017     36        74556.06
2017     37        73889.48
2017     38        72084.87
2017     39        71497.73
2017     40        66195.04
2017     41        61243.30
2017     42        59574.69
2017     43        60719.66
2017     44        62799.21
2017     45        76977.98
2017     46        81383.74
2017     47        82762.87
2017     48        86233.97
2017     49        89757.36
2017     50        95056.28
2017     51       101377.74
2017     52       105309.38
2017     53       110464.06
2017     54       110613.88
2017     55       110846.63
