Germany, Live births by calendar year, age and birth order (Lexis squares, age in completed years (ACY))
Last modified: 04/02/2019
Year    Age        Total          B1          B2          B3          B4         B5p
2009     12-        0.17        0.17        0.00        0.00        0.00        0.00
2009     13        15.63       15.63        0.00        0.00        0.00        0.00
2009     14       134.29      133.70        0.59        0.00        0.00        0.00
2009     15       517.06      505.84       11.21        0.00        0.00        0.00
2009     16      1481.61     1438.91       42.44        0.13        0.15        0.00
2009     17      2987.38     2811.29      165.56        8.70        1.83        0.00
2009     18      5754.91     5194.19      516.09       42.27        2.35        0.00
2009     19      9339.88     8059.17     1170.62      104.18        5.91        0.00
2009     20     12813.89    10302.72     2214.87      269.62       25.81        0.88
2009     21     16165.31    12002.49     3517.01      555.99       71.78       18.03
2009     22     19213.49    13294.42     4784.31      948.84      151.97       33.95
2009     23     22228.53    14518.65     5999.91     1359.16      283.30       67.52
2009     24     26306.19    16520.88     7447.19     1798.50      423.62      115.99
2009     25     30770.34    18762.81     8978.03     2281.80      570.07      177.63
2009     26     35991.56    21037.89    11028.00     2912.29      731.82      281.55
2009     27     40353.28    22544.57    13017.95     3499.49      902.30      388.98
2009     28     44162.76    23750.43    14745.76     4055.70     1099.35      511.52
2009     29     45891.04    23684.20    15852.12     4529.02     1255.22      570.49
2009     30     45732.66    22526.51    16396.70     4834.24     1341.13      634.06
2009     31     45368.25    21023.18    17032.50     5151.54     1422.86      738.18
2009     32     42691.19    18454.37    16715.81     5291.77     1483.64      745.60
2009     33     39058.52    15634.71    15743.47     5326.67     1573.22      780.46
2009     34     35004.33    13041.64    14275.18     5273.97     1574.41      839.12
2009     35     30829.75    10892.08    12385.34     5188.38     1509.42      854.54
2009     36     26656.61     8961.05    10601.63     4759.49     1464.34      870.09
2009     37     23567.94     7597.46     9345.16     4307.65     1431.51      886.15
2009     38     19241.11     5938.62     7460.81     3735.74     1279.68      826.26
2009     39     14883.37     4532.18     5539.14     2980.17     1093.80      738.09
2009     40     11157.26     3426.30     3952.01     2205.22      893.79      679.94
2009     41      7361.47     2177.33     2521.92     1497.35      635.41      529.46
2009     42      4416.67     1248.04     1460.92      904.08      427.62      376.02
2009     43      2518.17      693.88      728.15      517.52      279.58      299.04
2009     44      1321.35      369.21      328.99      275.88      151.71      195.56
2009     45       625.10      181.44      156.50      126.12       66.61       94.42
2009     46       265.45       82.24       64.14       49.02       25.83       44.22
2009     47       130.57       45.40       30.41       25.18       12.79       16.79
2009     48        73.22       23.88       18.66       16.92        8.34        5.42
2009     49        39.97       12.95        9.02        8.04        4.98        4.99
2009     50        25.01       10.39        5.01        3.98        0.85        4.78
2009     51        15.51        7.83        3.25        2.31        0.00        2.12
2009     52         8.81        4.78        1.99        1.24        0.00        0.81
2009     53         4.39        2.45        1.10        0.59        0.00        0.26
2009     54         1.77        1.00        0.48        0.23        0.00        0.07
2009     55+        0.22        0.12        0.06        0.03        0.00        0.01
2010     12-        0.17        0.17        0.00        0.00        0.00        0.00
2010     13        16.47       16.47        0.00        0.00        0.00        0.00
2010     14       131.65      131.50        0.14        0.00        0.00        0.00
2010     15       488.93      481.41        7.53        0.00        0.00        0.00
2010     16      1404.38     1356.86       46.81        0.70        0.00        0.00
2010     17      2867.87     2695.14      161.91       10.54        0.14        0.14
2010     18      5293.15     4767.62      493.49       27.67        2.51        1.87
2010     19      8914.61     7619.24     1177.85      104.06       11.54        1.92
2010     20     12268.53     9839.99     2110.28      276.37       37.96        3.93
2010     21     15633.23    11592.83     3392.16      556.73       80.83       10.66
2010     22     19014.65    13110.59     4759.84      952.30      170.14       21.79
2010     23     22417.95    14626.79     6067.00     1394.56      278.32       51.28
2010     24     26235.89    16493.38     7373.99     1851.54      409.67      107.31
2010     25     30917.33    18833.23     8991.26     2343.74      571.58      177.54
2010     26     35241.63    20692.91    10755.99     2822.18      693.00      277.54
2010     27     40443.40    22773.91    12940.58     3464.16      883.67      381.08
2010     28     44713.84    24173.69    14895.31     4089.76     1082.84      472.23
2010     29     47973.38    24898.36    16489.47     4701.66     1258.54      625.36
2010     30     48658.47    24087.93    17327.24     5108.08     1388.93      746.29
2010     31     46847.84    21709.26    17589.64     5295.09     1479.47      774.37
2010     32     45042.00    19381.34    17696.38     5579.85     1548.65      835.79
2010     33     41370.58    16576.41    16714.45     5667.52     1550.06      862.13
2010     34     36794.68    13766.25    15031.33     5568.36     1581.78      846.97
2010     35     32194.60    11277.73    12992.34     5425.75     1601.04      897.75
2010     36     27310.34     8963.99    10952.54     4938.90     1544.08      910.83
2010     37     22515.22     7092.71     8921.11     4249.16     1382.15      870.07
2010     38     19293.79     5911.48     7527.60     3786.92     1260.12      807.67
2010     39     15385.43     4586.72     5805.86     3142.65     1130.37      719.84
2010     40     11215.29     3393.03     3988.63     2282.78      911.18      639.67
2010     41      7557.43     2257.55     2593.74     1518.58      649.59      537.97
2010     42      4562.81     1307.81     1519.51      930.76      436.68      368.04
2010     43      2524.02      700.33      803.21      511.19      268.10      241.19
2010     44      1365.56      369.90      414.03      273.36      140.08      168.20
2010     45       685.39      179.72      201.83      143.53       74.19       86.12
2010     46       317.29       84.08       89.35       66.82       32.88       44.15
2010     47       137.73       43.44       40.22       19.49       12.44       22.14
2010     48        71.03       25.18       20.72        7.21        5.08       12.84
2010     49        48.77       18.44       13.81        7.16        2.53        6.84
2010     50        31.34       11.08       10.31        4.76        1.16        4.02
2010     51        20.95        6.59        6.78        2.69        0.37        4.54
2010     52        11.49        3.84        3.89        1.43        0.19        2.14
2010     53         5.52        2.10        1.99        0.69        0.10        0.63
2010     54         2.12        0.89        0.78        0.27        0.04        0.14
2010     55+        0.25        0.11        0.09        0.03        0.01        0.01
2011     12-        0.15        0.13        0.00        0.02        0.00        0.00
2011     13        14.64       14.16        0.00        0.47        0.00        0.00
2011     14       145.34      144.36        0.46        0.51        0.00        0.00
2011     15       494.75      486.84        7.92        0.00        0.00        0.00
2011     16      1255.19     1221.88       32.98        0.32        0.00        0.00
2011     17      2553.88     2401.53      146.07        6.00        0.28        0.00
2011     18      4799.53     4320.94      440.50       34.42        3.54        0.14
2011     19      7804.91     6706.66      981.89      105.39        8.75        2.22
2011     20     11296.56     9079.41     1935.24      247.08       30.15        4.68
2011     21     14472.43    10872.14     3073.65      448.09       67.73       10.81
2011     22     17495.73    12253.53     4285.93      788.39      143.10       24.79
2011     23     21240.70    14084.76     5613.42     1211.35      267.69       63.48
2011     24     25450.99    16295.05     6966.23     1675.97      395.59      118.15
2011     25     29608.79    18320.10     8405.11     2194.82      515.50      173.26
2011     26     33841.89    20182.96    10039.74     2685.76      670.26      263.16
2011     27     38100.13    21953.56    11882.45     3093.42      818.37      352.34
2011     28     43240.28    23766.55    14257.03     3759.99      986.78      469.92
2011     29     46676.58    24596.06    16031.21     4347.36     1134.35      567.61
2011     30     49010.96    24652.65    17402.73     4983.45     1322.55      649.57
2011     31     48246.14    22681.63    17950.62     5437.87     1451.63      724.40
2011     32     44694.35    19322.12    17636.66     5504.07     1456.87      774.63
2011     33     41682.68    16629.72    17131.19     5583.13     1516.08      822.57
2011     34     37517.72    14118.47    15510.23     5478.54     1542.70      867.77
2011     35     32525.01    11556.92    13314.54     5247.71     1512.20      893.64
2011     36     27458.31     9165.75    11080.89     4880.26     1454.54      876.87
2011     37     22193.91     6980.90     8843.98     4185.86     1351.41      831.76
2011     38     17755.28     5411.20     6913.57     3493.56     1188.46      748.49
2011     39     14915.05     4526.39     5706.39     2934.39     1046.79      701.09
2011     40     11066.62     3308.07     4097.65     2173.72      866.93      620.24
2011     41      7245.53     2102.70     2554.42     1479.01      655.75      453.66
2011     42      4549.88     1294.72     1550.49      936.83      437.22      330.62
2011     43      2603.62      724.06      847.47      537.59      248.82      245.68
2011     44      1390.70      377.33      407.87      304.65      143.59      157.26
2011     45       680.76      184.98      174.21      145.41       84.24       91.91
2011     46       293.56       86.61       78.05       50.44       37.51       40.96
2011     47       142.77       46.28       37.73       22.26       14.53       21.96
2011     48        82.63       26.24       22.82       12.85        6.69       14.05
2011     49        50.70       17.76       13.85        6.18        4.47        8.44
2011     50        35.91       14.71        7.91        3.34        3.38        6.55
2011     51        26.40       11.21        7.27        2.31        2.09        3.52
2011     52        14.72        6.57        4.54        1.31        0.98        1.33
2011     53         6.60        3.08        2.18        0.61        0.36        0.37
2011     54         2.44        1.17        0.83        0.24        0.11        0.10
2011     55+        0.29        0.14        0.10        0.03        0.01        0.01
2012     12-        0.15        0.14        0.02        0.00        0.00        0.00
2012     13        15.01       14.63        0.38        0.00        0.00        0.00
2012     14       137.11      135.68        1.43        0.00        0.00        0.00
2012     15       490.03      483.05        6.81        0.17        0.00        0.00
2012     16      1261.69     1225.04       35.36        1.29        0.00        0.00
2012     17      2493.27     2348.36      137.49        7.42        0.00        0.00
2012     18      4495.19     4020.03      438.61       35.89        0.65        0.00
2012     19      7554.03     6423.51     1018.59      101.34       10.60        0.00
2012     20     10577.07     8402.76     1887.54      259.50       26.78        0.50
2012     21     13871.83    10249.26     3047.09      489.48       75.70       10.31
2012     22     17115.37    11928.78     4205.86      815.38      143.51       21.85
2012     23     20918.96    13783.90     5601.75     1239.05      250.22       44.04
2012     24     25462.81    16215.93     7064.19     1682.81      409.31       90.56
2012     25     30404.60    18806.98     8674.03     2167.50      586.64      169.48
2012     26     34579.17    20580.72    10384.42     2640.30      716.85      256.89
2012     27     38667.20    22135.29    12197.00     3149.69      831.84      353.37
2012     28     42312.31    23253.56    13920.66     3730.89      975.16      432.04
2012     29     47027.29    24953.26    16035.54     4344.69     1156.01      537.78
2012     30     50170.78    25334.66    17849.37     5005.94     1327.67      653.14
2012     31     50486.31    23790.06    18881.77     5549.96     1512.30      752.22
2012     32     47513.38    20718.30    18681.64     5734.10     1559.82      819.52
2012     33     42981.04    17203.93    17701.62     5684.06     1547.69      843.74
2012     34     39154.22    14545.50    16486.31     5619.20     1607.01      896.20
2012     35     34173.92    12012.28    14298.77     5371.45     1603.15      888.27
2012     36     28449.00     9370.60    11719.69     4952.47     1548.74      857.52
2012     37     22819.69     7042.05     9236.41     4338.23     1421.17      781.84
2012     38     18021.65     5362.22     7092.23     3609.77     1253.93      703.49
2012     39     14112.40     4182.40     5349.26     2880.93     1032.86      666.95
2012     40     10883.53     3275.47     3969.08     2186.93      854.09      597.94
2012     41      7311.32     2147.02     2569.21     1467.45      651.52      476.12
2012     42      4545.33     1290.57     1543.44      928.39      429.88      353.05
2012     43      2649.66      750.24      861.80      538.54      256.52      242.55
2012     44      1411.51      393.52      428.33      283.14      145.17      161.37
2012     45       730.88      198.61      204.86      144.67       82.57      100.16
2012     46       345.83      111.16       91.93       61.51       38.33       42.90
2012     47       173.78       67.35       47.68       21.61       19.77       17.37
2012     48       103.48       43.63       34.67        9.45       10.38        5.36
2012     49        43.61       16.69       17.59        4.77        3.22        1.32
2012     50        25.95        7.65        8.47        4.65        1.72        3.46
2012     51        26.29        9.81        5.97        4.76        1.19        4.56
2012     52        16.48        7.11        3.54        2.89        0.63        2.31
2012     53         7.74        3.72        1.82        1.26        0.27        0.66
2012     54         2.77        1.41        0.71        0.41        0.10        0.14
2012     55+        0.33        0.17        0.09        0.05        0.01        0.01
2013     12-        0.13        0.13        0.00        0.00        0.00        0.00
2013     13        12.91       12.91        0.00        0.00        0.00        0.00
2013     14       137.07      136.65        0.42        0.00        0.00        0.00
2013     15       490.44      477.83       12.61        0.00        0.00        0.00
2013     16      1223.69     1174.50       48.64        0.55        0.00        0.00
2013     17      2480.24     2312.86      154.13       13.10        0.15        0.00
2013     18      4481.41     4014.36      425.95       39.38        1.73        0.00
2013     19      6992.25     5932.72      948.61      103.61        6.91        0.39
2013     20      9734.78     7639.42     1798.54      254.49       35.55        6.78
2013     21     12429.85     9113.84     2734.07      494.89       75.15       11.90
2013     22     16279.79    11278.02     4007.79      838.29      131.70       23.99
2013     23     20318.40    13400.47     5384.19     1240.67      235.21       57.86
2013     24     24967.01    15920.58     6871.59     1682.57      384.97      107.30
2013     25     30541.45    19088.02     8641.81     2114.40      528.04      169.18
2013     26     35241.50    21336.67    10326.58     2625.75      684.54      267.96
2013     27     38967.67    22490.55    12053.73     3163.24      898.19      361.96
2013     28     43034.02    23790.07    14044.49     3718.66     1042.94      437.86
2013     29     46146.69    24653.82    15597.95     4242.98     1137.68      514.25
2013     30     49996.60    25502.73    17666.58     4909.45     1292.45      625.40
2013     31     51383.82    24547.63    19122.37     5527.75     1474.42      711.65
2013     32     49857.82    21991.04    19519.13     5855.11     1625.89      866.64
2013     33     45776.81    18530.11    18727.02     5922.22     1678.23      919.24
2013     34     40674.01    15342.49    16998.72     5826.50     1663.51      842.80
2013     35     35859.52    12662.84    14974.17     5747.02     1624.57      850.92
2013     36     29872.95     9890.80    12364.23     5234.24     1545.51      838.17
2013     37     24074.80     7562.73     9833.71     4469.46     1396.81      812.08
2013     38     18829.05     5712.48     7441.60     3681.91     1227.24      765.82
2013     39     14386.27     4349.11     5435.23     2876.19     1039.33      686.40
2013     40     10385.12     3126.96     3819.27     2081.08      799.92      557.90
2013     41      7285.08     2127.94     2645.84     1464.34      623.15      423.81
2013     42      4578.57     1338.63     1608.57      885.73      418.87      326.77
2013     43      2657.04      782.15      859.77      520.05      247.74      247.33
2013     44      1455.10      436.49      432.57      291.87      139.59      154.57
2013     45       718.31      223.06      211.63      143.25       63.36       77.02
2013     46       376.54      116.32      110.27       69.28       29.72       50.95
2013     47       182.04       65.06       48.89       28.58       11.57       27.95
2013     48        88.14       36.30       21.85       15.08        5.13        9.76
2013     49        61.07       22.56       13.64       10.96        7.44        6.48
2013     50        41.45       14.47        9.01        7.61        5.48        4.87
2013     51        26.18        9.89        6.81        4.85        2.05        2.59
2013     52        14.19        5.74        4.09        2.48        0.85        1.04
2013     53         6.51        2.82        2.03        1.03        0.31        0.32
2013     54         2.42        1.10        0.79        0.35        0.10        0.08
2013     55+        0.28        0.13        0.09        0.04        0.01        0.01
2014     12-        0.18        0.17        0.01        0.00        0.00        0.00
2014     13        19.03       18.67        0.35        0.00        0.00        0.00
2014     14       160.23      158.40        1.83        0.00        0.00        0.00
2014     15       505.71      497.62        7.94        0.15        0.00        0.00
2014     16      1300.71     1255.97       41.88        2.86        0.00        0.00
2014     17      2630.03     2439.99      177.15       12.89        0.00        0.00
2014     18      4415.29     3889.56      485.95       38.71        1.07        0.00
2014     19      6875.54     5778.85      968.75      112.86       14.70        0.38
2014     20      9416.16     7326.28     1765.11      283.07       34.18        7.53
2014     21     12154.65     8723.78     2830.37      492.29       91.90       16.30
2014     22     15272.83    10375.36     3909.68      794.82      163.79       29.19
2014     23     19948.62    13005.84     5356.05     1249.70      280.77       56.25
2014     24     25123.88    16095.79     6817.54     1702.96      397.93      109.67
2014     25     30957.65    19449.51     8573.32     2220.35      528.73      185.72
2014     26     36693.75    22326.55    10573.42     2778.56      727.91      287.33
2014     27     41422.79    24290.71    12493.08     3341.01      927.30      370.69
2014     28     45292.64    25485.41    14342.56     3937.56     1078.45      448.64
2014     29     49122.75    26549.16    16246.75     4467.91     1264.04      594.90
2014     30     51698.88    26817.67    17803.94     5018.87     1374.02      684.38
2014     31     53877.17    26132.23    19717.21     5766.39     1501.08      760.26
2014     32     52803.75    23593.42    20412.25     6274.11     1656.86      867.10
2014     33     49719.95    20484.84    20061.37     6492.33     1756.95      924.47
2014     34     44566.12    16948.40    18481.38     6380.57     1803.64      952.13
2014     35     38137.30    13656.22    15736.67     6019.66     1740.54      984.21
2014     36     32271.23    10900.21    13159.16     5536.25     1697.17      978.44
2014     37     25993.77     8240.92    10596.93     4744.81     1542.07      869.04
2014     38     20336.40     6204.05     8087.92     3909.29     1321.23      813.91
2014     39     15459.32     4682.90     5900.93     3014.91     1107.51      753.08
2014     40     10940.53     3276.65     4007.80     2163.57      886.24      606.25
2014     41      7250.88     2118.67     2544.98     1496.52      616.96      473.76
2014     42      4808.31     1424.96     1642.31      973.62      406.96      360.46
2014     43      2746.42      786.62      902.43      540.53      264.54      252.30
2014     44      1414.59      411.57      436.00      276.24      145.98      144.79
2014     45       759.77      256.94      215.41      141.60       71.88       73.95
2014     46       383.22      133.59      108.32       71.95       29.91       39.45
2014     47       195.69       69.99       58.65       33.12       13.09       20.84
2014     48       102.52       41.96       28.11       15.92        7.20        9.33
2014     49        53.76       23.40       13.97        8.14        4.55        3.71
2014     50        40.07       16.08       12.19        5.40        2.77        3.61
2014     51        28.56       10.63        9.24        3.94        1.19        3.57
2014     52        15.88        6.07        5.38        2.17        0.56        1.70
2014     53         7.41        3.05        2.61        0.99        0.24        0.53
2014     54         2.75        1.20        0.98        0.35        0.09        0.13
2014     55+        0.33        0.14        0.12        0.04        0.01        0.01
2015     12-        0.19        0.17        0.02        0.00        0.00        0.00
2015     13        20.14       19.43        0.72        0.00        0.00        0.00
2015     14       174.05      170.54        3.35        0.17        0.00        0.00
2015     15       530.87      518.14       11.42        1.31        0.00        0.00
2015     16      1284.50     1228.07       53.96        2.33        0.14        0.00
2015     17      2538.88     2322.19      200.36       14.06        2.26        0.00
2015     18      4605.28     3982.34      562.37       57.24        3.35        0.00
2015     19      7090.62     5795.03     1142.51      141.99       10.38        0.71
2015     20      9555.11     7275.49     1942.14      289.83       41.41        6.23
2015     21     12125.20     8542.19     2952.61      529.39       91.81        9.20
2015     22     15169.48    10065.80     4032.88      880.56      155.51       34.73
2015     23     18882.10    12040.96     5169.01     1308.57      286.46       77.10
2015     24     24851.12    15725.16     6750.80     1777.09      467.38      130.69
2015     25     31257.89    19543.75     8656.75     2248.15      612.19      197.04
2015     26     37401.55    22553.05    10848.96     2918.75      790.24      290.57
2015     27     43289.32    25238.21    13101.81     3586.24      963.98      399.08
2015     28     48101.63    27082.36    15226.84     4136.44     1153.34      502.64
2015     29     50995.51    27570.94    16789.56     4691.57     1310.05      633.39
2015     30     53574.71    27573.21    18416.20     5292.16     1523.69      769.46
2015     31     54168.64    26310.95    19712.22     5690.67     1650.96      803.83
2015     32     54267.59    24197.48    21077.04     6350.92     1784.07      858.09
2015     33     51607.21    21033.31    20970.23     6740.51     1914.56      948.59
2015     34     47354.48    17950.80    19679.63     6767.08     1894.90     1062.07
2015     35     41254.17    14593.91    17139.60     6595.54     1852.73     1072.40
2015     36     33630.54    11113.49    13869.85     5856.25     1780.15     1010.78
2015     37     27163.34     8566.31    10937.58     5073.59     1642.25      943.63
2015     38     21261.81     6507.43     8358.29     4176.97     1358.22      860.90
2015     39     16156.02     4850.19     6210.64     3184.59     1148.69      761.90
2015     40     11614.26     3480.77     4269.31     2285.05      937.12      642.01
2015     41      7423.91     2165.72     2633.33     1474.62      645.65      504.59
2015     42      4350.70     1255.86     1478.13      866.76      414.81      335.13
2015     43      2676.50      798.44      869.21      542.90      236.37      229.59
2015     44      1516.59      469.25      455.41      304.13      127.62      160.18
2015     45       778.53      249.91      228.09      138.01       70.53       92.00
2015     46       404.70      139.91      127.97       56.01       36.19       44.61
2015     47       204.11       85.71       55.40       24.05       18.67       20.28
2015     48       115.17       51.45       25.29       15.02       13.02       10.39
2015     49        71.09       32.48       17.37        8.16        6.92        6.17
2015     50        45.19       22.78       10.56        4.06        2.68        5.10
2015     51        32.72       15.89        6.72        2.65        2.03        5.44
2015     52        18.04        8.96        3.93        1.51        1.06        2.56
2015     53         8.17        4.21        2.02        0.76        0.44        0.73
2015     54         3.01        1.57        0.83        0.30        0.15        0.16
2015     55+        0.35        0.18        0.10        0.04        0.02        0.02
2016     12-        0.22        0.20        0.01        0.00        0.00        0.00
2016     13        22.46       22.09        0.36        0.00        0.00        0.00
2016     14       184.15      182.36        1.78        0.00        0.00        0.00
2016     15       583.59      570.57       12.88        0.14        0.00        0.00
2016     16      1457.56     1370.94       82.77        3.83        0.00        0.00
2016     17      2913.22     2613.47      275.31       24.02        0.25        0.17
2016     18      5366.17     4531.70      731.35       93.56        8.75        0.83
2016     19      8539.65     6797.92     1485.86      224.20       31.69        0.00
2016     20     11034.62     8167.29     2365.97      430.86       66.52        3.99
2016     21     13723.22     9384.56     3468.48      721.48      125.74       22.95
2016     22     16406.22    10543.49     4499.76     1085.29      233.17       44.52
2016     23     20028.25    12374.06     5627.88     1549.86      382.94       93.51
2016     24     24738.67    14940.03     7030.75     2086.40      523.84      157.66
2016     25     32082.70    19240.82     9149.66     2695.74      737.73      258.75
2016     26     39411.03    23458.76    11287.12     3308.77      968.99      387.38
2016     27     45912.81    26454.19    13750.92     4020.02     1170.69      516.98
2016     28     51809.87    28754.16    16322.30     4689.76     1394.02      649.63
2016     29     55721.14    29714.66    18389.14     5284.34     1565.80      767.22
2016     30     57541.04    29206.27    19865.47     5803.60     1753.65      912.05
2016     31     58204.89    27716.22    21271.47     6279.29     1894.92     1042.99
2016     32     56229.22    24646.57    21974.80     6557.92     1950.47     1099.46
2016     33     54312.24    21786.70    22198.74     7057.74     2090.24     1178.84
2016     34     50374.27    18824.13    20858.04     7296.11     2204.88     1191.11
2016     35     45255.82    15882.52    18614.64     7302.34     2217.32     1238.99
2016     36     37780.43    12343.78    15453.53     6717.60     2059.59     1205.93
2016     37     29557.53     9069.67    12040.78     5530.05     1818.51     1098.52
2016     38     23401.30     6978.25     9230.67     4520.44     1629.89     1042.06
2016     39     17790.00     5232.09     6762.51     3553.21     1329.86      912.34
2016     40     12489.36     3670.16     4559.18     2519.61      974.90      765.49
2016     41      8049.33     2308.04     2832.10     1627.32      714.15      567.73
2016     42      4912.46     1386.50     1708.35      980.66      455.83      381.11
2016     43      2807.22      787.58      955.30      536.14      259.55      268.66
2016     44      1553.56      465.06      488.55      289.21      154.88      155.88
2016     45       854.16      269.83      249.75      160.15       86.53       87.89
2016     46       457.30      163.53      126.44       71.87       38.83       56.63
2016     47       239.54      102.63       69.09       31.17       15.89       20.76
2016     48       140.35       61.90       44.57       19.94        7.60        6.34
2016     49        98.58       45.39       26.36       14.60        4.39        7.84
2016     50        71.33       29.18       16.88       11.25        3.79       10.23
2016     51        41.33       16.28        9.55        6.42        2.88        6.21
2016     52        21.27        8.73        5.29        3.24        1.51        2.49
2016     53         9.25        4.04        2.54        1.36        0.59        0.71
2016     54         3.29        1.50        0.98        0.46        0.19        0.17
2016     55+        0.38        0.18        0.12        0.05        0.02        0.02
2017     12-        0.17        0.17        0.00        0.00        0.00        0.00
2017     13        16.35       16.35        0.00        0.00        0.00        0.00
2017     14       141.53      141.12        0.41        0.00        0.00        0.00
2017     15       479.15      461.58       17.28        0.29        0.00        0.00
2017     16      1223.42     1143.78       74.85        4.66        0.14        0.00
2017     17      2463.28     2196.81      245.11       18.77        2.59        0.00
2017     18      4614.27     3828.36      697.94       80.83        7.14        0.00
2017     19      7386.78     5778.00     1388.43      196.27       23.44        0.64
2017     20     10320.80     7446.14     2399.78      404.87       58.57       11.42
2017     21     12773.52     8469.14     3431.57      739.53      112.84       20.44
2017     22     15304.53     9645.35     4266.62     1115.95      236.19       40.42
2017     23     18680.71    11392.27     5265.84     1550.88      378.53       93.17
2017     24     23416.34    14049.12     6711.30     1966.37      527.36      162.20
2017     25     29280.14    17407.90     8394.93     2498.81      742.46      236.05
2017     26     37627.08    22105.12    10888.56     3306.03      975.80      351.58
2017     27     44800.40    25855.78    13490.89     3851.88     1141.56      460.29
2017     28     51111.09    28440.87    16080.53     4600.49     1361.80      627.40
2017     29     56713.42    30177.20    18712.19     5417.97     1607.13      798.93
2017     30     59469.13    30057.62    20731.45     5997.65     1757.85      924.55
2017     31     59075.98    27947.29    21633.01     6498.98     1942.92     1053.77
2017     32     57199.27    24781.49    22238.98     7001.15     2035.38     1142.26
2017     33     53421.21    21260.68    21782.52     7201.06     2036.01     1140.95
2017     34     49933.98    18307.96    20822.99     7418.28     2187.02     1197.73
2017     35     45124.95    15396.74    18856.26     7362.76     2247.78     1261.41
2017     36     38879.40    12483.43    16117.80     6796.82     2168.34     1313.00
2017     37     31012.78     9353.74    12662.68     5815.56     1949.00     1231.81
2017     38     23760.06     6902.49     9397.86     4733.15     1636.46     1090.10
2017     39     18339.14     5300.08     7005.95     3664.68     1398.15      970.27
2017     40     12866.40     3672.32     4801.57     2554.51     1058.38      779.62
2017     41      8216.71     2311.57     2942.20     1680.30      709.05      573.58
2017     42      4991.41     1385.19     1685.80     1029.54      488.85      402.03
2017     43      2793.50      777.65      890.73      552.89      299.14      273.10
2017     44      1544.39      460.04      471.57      305.93      147.18      159.67
2017     45       881.28      295.64      262.38      157.82       76.20       89.25
2017     46       442.82      162.14      125.31       80.13       36.44       38.79
2017     47       222.40       83.83       64.21       44.93       16.79       12.64
2017     48       123.44       50.00       36.15       20.00        9.02        8.26
2017     49        87.22       40.94       25.98        8.75        3.01        8.55
2017     50        66.13       32.36       17.54        6.29        1.59        8.34
2017     51        42.89       18.78        8.32        7.17        2.38        6.23
2017     52        22.52        9.65        4.33        4.39        1.58        2.57
2017     53        10.03        4.47        2.17        1.94        0.69        0.77
2017     54         3.57        1.66        0.87        0.64        0.22        0.18
2017     55+        0.41        0.19        0.10        0.07        0.02        0.02
