Germany, Cumulative period fertility rates (vertical parallelograms)
Last modified: 04/02/2019
Year  ARDY  Cohort     CPFR
1956   12    1944     0.000
1956   13    1943     0.000
1956   14    1942     0.000
1956   15    1941     0.000
1956   16    1940     0.001
1956   17    1939     0.003
1956   18    1938     0.013
1956   19    1937     0.045
1956   20    1936     0.106
1956   21    1935     0.196
1956   22    1934     0.312
1956   23    1933     0.447
1956   24    1932     0.594
1956   25    1931     0.745
1956   26    1930     0.895
1956   27    1929     1.040
1956   28    1928     1.180
1956   29    1927     1.312
1956   30    1926     1.435
1956   31    1925     1.549
1956   32    1924     1.649
1956   33    1923     1.744
1956   34    1922     1.827
1956   35    1921     1.901
1956   36    1920     1.966
1956   37    1919     2.021
1956   38    1918     2.068
1956   39    1917     2.107
1956   40    1916     2.140
1956   41    1915     2.166
1956   42    1914     2.186
1956   43    1913     2.200
1956   44    1912     2.210
1956   45    1911     2.216
1956   46    1910     2.219
1956   47    1909     2.220
1956   48    1908     2.221
1956   49    1907     2.221
1956   50    1906     2.222
1956   51    1905     2.222
1956   52    1904     2.222
1956   53    1903     2.222
1956   54    1902     2.222
1956   55    1901     2.222
1957   12    1945     0.000
1957   13    1944     0.000
1957   14    1943     0.000
1957   15    1942     0.000
1957   16    1941     0.001
1957   17    1940     0.003
1957   18    1939     0.015
1957   19    1938     0.047
1957   20    1937     0.108
1957   21    1936     0.201
1957   22    1935     0.318
1957   23    1934     0.455
1957   24    1933     0.606
1957   25    1932     0.763
1957   26    1931     0.921
1957   27    1930     1.075
1957   28    1929     1.219
1957   29    1928     1.355
1957   30    1927     1.481
1957   31    1926     1.597
1957   32    1925     1.701
1957   33    1924     1.794
1957   34    1923     1.879
1957   35    1922     1.954
1957   36    1921     2.020
1957   37    1920     2.077
1957   38    1919     2.123
1957   39    1918     2.163
1957   40    1917     2.195
1957   41    1916     2.221
1957   42    1915     2.241
1957   43    1914     2.254
1957   44    1913     2.264
1957   45    1912     2.270
1957   46    1911     2.273
1957   47    1910     2.274
1957   48    1909     2.275
1957   49    1908     2.275
1957   50    1907     2.275
1957   51    1906     2.275
1957   52    1905     2.276
1957   53    1904     2.276
1957   54    1903     2.276
1957   55    1902     2.276
1958   12    1946     0.000
1958   13    1945     0.000
1958   14    1944     0.000
1958   15    1943     0.000
1958   16    1942     0.001
1958   17    1941     0.003
1958   18    1940     0.014
1958   19    1939     0.047
1958   20    1938     0.107
1958   21    1937     0.198
1958   22    1936     0.314
1958   23    1935     0.451
1958   24    1934     0.602
1958   25    1933     0.760
1958   26    1932     0.921
1958   27    1931     1.075
1958   28    1930     1.224
1958   29    1929     1.361
1958   30    1928     1.489
1958   31    1927     1.604
1958   32    1926     1.710
1958   33    1925     1.804
1958   34    1924     1.886
1958   35    1923     1.961
1958   36    1922     2.027
1958   37    1921     2.083
1958   38    1920     2.130
1958   39    1919     2.168
1958   40    1918     2.200
1958   41    1917     2.225
1958   42    1916     2.244
1958   43    1915     2.257
1958   44    1914     2.265
1958   45    1913     2.271
1958   46    1912     2.274
1958   47    1911     2.275
1958   48    1910     2.276
1958   49    1909     2.276
1958   50    1908     2.276
1958   51    1907     2.276
1958   52    1906     2.276
1958   53    1905     2.276
1958   54    1904     2.276
1958   55    1903     2.276
1959   12    1947     0.000
1959   13    1946     0.000
1959   14    1945     0.000
1959   15    1944     0.000
1959   16    1943     0.001
1959   17    1942     0.004
1959   18    1941     0.017
1959   19    1940     0.052
1959   20    1939     0.119
1959   21    1938     0.217
1959   22    1937     0.338
1959   23    1936     0.482
1959   24    1935     0.638
1959   25    1934     0.802
1959   26    1933     0.968
1959   27    1932     1.132
1959   28    1931     1.287
1959   29    1930     1.432
1959   30    1929     1.563
1959   31    1928     1.682
1959   32    1927     1.789
1959   33    1926     1.885
1959   34    1925     1.970
1959   35    1924     2.044
1959   36    1923     2.110
1959   37    1922     2.168
1959   38    1921     2.217
1959   39    1920     2.258
1959   40    1919     2.290
1959   41    1918     2.315
1959   42    1917     2.334
1959   43    1916     2.348
1959   44    1915     2.357
1959   45    1914     2.362
1959   46    1913     2.365
1959   47    1912     2.366
1959   48    1911     2.367
1959   49    1910     2.367
1959   50    1909     2.367
1959   51    1908     2.367
1959   52    1907     2.368
1959   53    1906     2.368
1959   54    1905     2.368
1959   55    1904     2.368
1960   12    1948     0.000
1960   13    1947     0.000
1960   14    1946     0.000
1960   15    1945     0.000
1960   16    1944     0.001
1960   17    1943     0.005
1960   18    1942     0.020
1960   19    1941     0.058
1960   20    1940     0.127
1960   21    1939     0.227
1960   22    1938     0.350
1960   23    1937     0.490
1960   24    1936     0.647
1960   25    1935     0.810
1960   26    1934     0.976
1960   27    1933     1.138
1960   28    1932     1.294
1960   29    1931     1.437
1960   30    1930     1.571
1960   31    1929     1.689
1960   32    1928     1.797
1960   33    1927     1.893
1960   34    1926     1.977
1960   35    1925     2.050
1960   36    1924     2.114
1960   37    1923     2.171
1960   38    1922     2.219
1960   39    1921     2.259
1960   40    1920     2.291
1960   41    1919     2.316
1960   42    1918     2.335
1960   43    1917     2.348
1960   44    1916     2.357
1960   45    1915     2.362
1960   46    1914     2.365
1960   47    1913     2.366
1960   48    1912     2.367
1960   49    1911     2.367
1960   50    1910     2.367
1960   51    1909     2.367
1960   52    1908     2.367
1960   53    1907     2.367
1960   54    1906     2.367
1960   55    1905     2.367
1961   12    1949     0.000
1961   13    1948     0.000
1961   14    1947     0.000
1961   15    1946     0.000
1961   16    1945     0.001
1961   17    1944     0.006
1961   18    1943     0.024
1961   19    1942     0.066
1961   20    1941     0.141
1961   21    1940     0.247
1961   22    1939     0.379
1961   23    1938     0.528
1961   24    1937     0.690
1961   25    1936     0.859
1961   26    1935     1.028
1961   27    1934     1.195
1961   28    1933     1.354
1961   29    1932     1.502
1961   30    1931     1.638
1961   31    1930     1.761
1961   32    1929     1.868
1961   33    1928     1.965
1961   34    1927     2.050
1961   35    1926     2.124
1961   36    1925     2.189
1961   37    1924     2.245
1961   38    1923     2.293
1961   39    1922     2.333
1961   40    1921     2.366
1961   41    1920     2.391
1961   42    1919     2.410
1961   43    1918     2.423
1961   44    1917     2.432
1961   45    1916     2.436
1961   46    1915     2.439
1961   47    1914     2.441
1961   48    1913     2.441
1961   49    1912     2.441
1961   50    1911     2.441
1961   51    1910     2.442
1961   52    1909     2.442
1961   53    1908     2.442
1961   54    1907     2.442
1961   55    1906     2.442
1962   12    1950     0.000
1962   13    1949     0.000
1962   14    1948     0.000
1962   15    1947     0.000
1962   16    1946     0.001
1962   17    1945     0.006
1962   18    1944     0.026
1962   19    1943     0.071
1962   20    1942     0.149
1962   21    1941     0.258
1962   22    1940     0.390
1962   23    1939     0.543
1962   24    1938     0.709
1962   25    1937     0.880
1962   26    1936     1.050
1962   27    1935     1.216
1962   28    1934     1.372
1962   29    1933     1.518
1962   30    1932     1.652
1962   31    1931     1.774
1962   32    1930     1.882
1962   33    1929     1.976
1962   34    1928     2.059
1962   35    1927     2.132
1962   36    1926     2.194
1962   37    1925     2.248
1962   38    1924     2.294
1962   39    1923     2.333
1962   40    1922     2.364
1962   41    1921     2.389
1962   42    1920     2.407
1962   43    1919     2.419
1962   44    1918     2.428
1962   45    1917     2.433
1962   46    1916     2.436
1962   47    1915     2.437
1962   48    1914     2.437
1962   49    1913     2.438
1962   50    1912     2.438
1962   51    1911     2.438
1962   52    1910     2.438
1962   53    1909     2.438
1962   54    1908     2.438
1962   55    1907     2.438
1963   12    1951     0.000
1963   13    1950     0.000
1963   14    1949     0.000
1963   15    1948     0.000
1963   16    1947     0.001
1963   17    1946     0.006
1963   18    1945     0.028
1963   19    1944     0.079
1963   20    1943     0.164
1963   21    1942     0.278
1963   22    1941     0.414
1963   23    1940     0.571
1963   24    1939     0.740
1963   25    1938     0.914
1963   26    1937     1.089
1963   27    1936     1.260
1963   28    1935     1.420
1963   29    1934     1.569
1963   30    1933     1.706
1963   31    1932     1.831
1963   32    1931     1.942
1963   33    1930     2.040
1963   34    1929     2.125
1963   35    1928     2.198
1963   36    1927     2.262
1963   37    1926     2.318
1963   38    1925     2.364
1963   39    1924     2.403
1963   40    1923     2.434
1963   41    1922     2.459
1963   42    1921     2.478
1963   43    1920     2.491
1963   44    1919     2.499
1963   45    1918     2.504
1963   46    1917     2.507
1963   47    1916     2.508
1963   48    1915     2.508
1963   49    1914     2.509
1963   50    1913     2.509
1963   51    1912     2.509
1963   52    1911     2.509
1963   53    1910     2.509
1963   54    1909     2.509
1963   55    1908     2.509
1964   12    1952     0.000
1964   13    1951     0.000
1964   14    1950     0.000
1964   15    1949     0.000
1964   16    1948     0.001
1964   17    1947     0.006
1964   18    1946     0.028
1964   19    1945     0.081
1964   20    1944     0.174
1964   21    1943     0.295
1964   22    1942     0.435
1964   23    1941     0.591
1964   24    1940     0.759
1964   25    1939     0.933
1964   26    1938     1.107
1964   27    1937     1.278
1964   28    1936     1.439
1964   29    1935     1.588
1964   30    1934     1.725
1964   31    1933     1.849
1964   32    1932     1.962
1964   33    1931     2.061
1964   34    1930     2.148
1964   35    1929     2.223
1964   36    1928     2.287
1964   37    1927     2.342
1964   38    1926     2.389
1964   39    1925     2.428
1964   40    1924     2.458
1964   41    1923     2.483
1964   42    1922     2.502
1964   43    1921     2.515
1964   44    1920     2.524
1964   45    1919     2.529
1964   46    1918     2.532
1964   47    1917     2.533
1964   48    1916     2.533
1964   49    1915     2.533
1964   50    1914     2.533
1964   51    1913     2.534
1964   52    1912     2.534
1964   53    1911     2.534
1964   54    1910     2.534
1964   55    1909     2.534
1965   12    1953     0.000
1965   13    1952     0.000
1965   14    1951     0.000
1965   15    1950     0.000
1965   16    1949     0.001
1965   17    1948     0.006
1965   18    1947     0.028
1965   19    1946     0.084
1965   20    1945     0.178
1965   21    1944     0.305
1965   22    1943     0.450
1965   23    1942     0.608
1965   24    1941     0.772
1965   25    1940     0.941
1965   26    1939     1.111
1965   27    1938     1.278
1965   28    1937     1.436
1965   29    1936     1.583
1965   30    1935     1.716
1965   31    1934     1.837
1965   32    1933     1.945
1965   33    1932     2.042
1965   34    1931     2.127
1965   35    1930     2.200
1965   36    1929     2.262
1965   37    1928     2.316
1965   38    1927     2.361
1965   39    1926     2.398
1965   40    1925     2.428
1965   41    1924     2.452
1965   42    1923     2.470
1965   43    1922     2.482
1965   44    1921     2.490
1965   45    1920     2.495
1965   46    1919     2.498
1965   47    1918     2.499
1965   48    1917     2.500
1965   49    1916     2.500
1965   50    1915     2.500
1965   51    1914     2.500
1965   52    1913     2.500
1965   53    1912     2.500
1965   54    1911     2.500
1965   55    1910     2.500
1966   12    1954     0.000
1966   13    1953     0.000
1966   14    1952     0.000
1966   15    1951     0.000
1966   16    1950     0.001
1966   17    1949     0.006
1966   18    1948     0.029
1966   19    1947     0.085
1966   20    1946     0.184
1966   21    1945     0.318
1966   22    1944     0.469
1966   23    1943     0.632
1966   24    1942     0.800
1966   25    1941     0.969
1966   26    1940     1.138
1966   27    1939     1.303
1966   28    1938     1.460
1966   29    1937     1.606
1966   30    1936     1.739
1966   31    1935     1.859
1966   32    1934     1.965
1966   33    1933     2.059
1966   34    1932     2.143
1966   35    1931     2.216
1966   36    1930     2.278
1966   37    1929     2.331
1966   38    1928     2.375
1966   39    1927     2.411
1966   40    1926     2.440
1966   41    1925     2.462
1966   42    1924     2.479
1966   43    1923     2.490
1966   44    1922     2.498
1966   45    1921     2.503
1966   46    1920     2.505
1966   47    1919     2.506
1966   48    1918     2.507
1966   49    1917     2.507
1966   50    1916     2.507
1966   51    1915     2.507
1966   52    1914     2.507
1966   53    1913     2.507
1966   54    1912     2.507
1966   55    1911     2.507
1967   12    1955     0.000
1967   13    1954     0.000
1967   14    1953     0.000
1967   15    1952     0.000
1967   16    1951     0.001
1967   17    1950     0.006
1967   18    1949     0.028
1967   19    1948     0.083
1967   20    1947     0.183
1967   21    1946     0.318
1967   22    1945     0.476
1967   23    1944     0.642
1967   24    1943     0.810
1967   25    1942     0.975
1967   26    1941     1.138
1967   27    1940     1.295
1967   28    1939     1.445
1967   29    1938     1.586
1967   30    1937     1.714
1967   31    1936     1.830
1967   32    1935     1.933
1967   33    1934     2.022
1967   34    1933     2.102
1967   35    1932     2.172
1967   36    1931     2.233
1967   37    1930     2.284
1967   38    1929     2.326
1967   39    1928     2.361
1967   40    1927     2.388
1967   41    1926     2.410
1967   42    1925     2.425
1967   43    1924     2.435
1967   44    1923     2.443
1967   45    1922     2.447
1967   46    1921     2.450
1967   47    1920     2.451
1967   48    1919     2.451
1967   49    1918     2.451
1967   50    1917     2.451
1967   51    1916     2.452
1967   52    1915     2.452
1967   53    1914     2.452
1967   54    1913     2.452
1967   55    1912     2.452
1968   12    1956     0.000
1968   13    1955     0.000
1968   14    1954     0.000
1968   15    1953     0.000
1968   16    1952     0.001
1968   17    1951     0.006
1968   18    1950     0.028
1968   19    1949     0.084
1968   20    1948     0.183
1968   21    1947     0.317
1968   22    1946     0.474
1968   23    1945     0.639
1968   24    1944     0.801
1968   25    1943     0.959
1968   26    1942     1.113
1968   27    1941     1.261
1968   28    1940     1.403
1968   29    1939     1.535
1968   30    1938     1.657
1968   31    1937     1.767
1968   32    1936     1.864
1968   33    1935     1.950
1968   34    1934     2.024
1968   35    1933     2.091
1968   36    1932     2.149
1968   37    1931     2.199
1968   38    1930     2.241
1968   39    1929     2.274
1968   40    1928     2.302
1968   41    1927     2.322
1968   42    1926     2.337
1968   43    1925     2.347
1968   44    1924     2.354
1968   45    1923     2.358
1968   46    1922     2.361
1968   47    1921     2.362
1968   48    1920     2.362
1968   49    1919     2.362
1968   50    1918     2.362
1968   51    1917     2.363
1968   52    1916     2.363
1968   53    1915     2.363
1968   54    1914     2.363
1968   55    1913     2.363
1969   12    1957     0.000
1969   13    1956     0.000
1969   14    1955     0.000
1969   15    1954     0.000
1969   16    1953     0.001
1969   17    1952     0.006
1969   18    1951     0.030
1969   19    1950     0.088
1969   20    1949     0.186
1969   21    1948     0.317
1969   22    1947     0.464
1969   23    1946     0.617
1969   24    1945     0.769
1969   25    1944     0.913
1969   26    1943     1.054
1969   27    1942     1.191
1969   28    1941     1.319
1969   29    1940     1.440
1969   30    1939     1.552
1969   31    1938     1.654
1969   32    1937     1.745
1969   33    1936     1.826
1969   34    1935     1.896
1969   35    1934     1.957
1969   36    1933     2.012
1969   37    1932     2.059
1969   38    1931     2.098
1969   39    1930     2.131
1969   40    1929     2.156
1969   41    1928     2.175
1969   42    1927     2.189
1969   43    1926     2.199
1969   44    1925     2.205
1969   45    1924     2.209
1969   46    1923     2.211
1969   47    1922     2.212
1969   48    1921     2.212
1969   49    1920     2.213
1969   50    1919     2.213
1969   51    1918     2.213
1969   52    1917     2.213
1969   53    1916     2.213
1969   54    1915     2.213
1969   55    1914     2.213
1970   12    1958     0.000
1970   13    1957     0.000
1970   14    1956     0.000
1970   15    1955     0.000
1970   16    1954     0.001
1970   17    1953     0.007
1970   18    1952     0.032
1970   19    1951     0.089
1970   20    1950     0.188
1970   21    1949     0.312
1970   22    1948     0.449
1970   23    1947     0.590
1970   24    1946     0.730
1970   25    1945     0.864
1970   26    1944     0.991
1970   27    1943     1.114
1970   28    1942     1.230
1970   29    1941     1.337
1970   30    1940     1.437
1970   31    1939     1.527
1970   32    1938     1.609
1970   33    1937     1.681
1970   34    1936     1.743
1970   35    1935     1.798
1970   36    1934     1.846
1970   37    1933     1.888
1970   38    1932     1.924
1970   39    1931     1.955
1970   40    1930     1.978
1970   41    1929     1.996
1970   42    1928     2.009
1970   43    1927     2.018
1970   44    1926     2.024
1970   45    1925     2.027
1970   46    1924     2.029
1970   47    1923     2.030
1970   48    1922     2.030
1970   49    1921     2.031
1970   50    1920     2.031
1970   51    1919     2.031
1970   52    1918     2.031
1970   53    1917     2.031
1970   54    1916     2.031
1970   55    1915     2.031
1971   12    1959     0.000
1971   13    1958     0.000
1971   14    1957     0.000
1971   15    1956     0.000
1971   16    1955     0.001
1971   17    1954     0.008
1971   18    1953     0.034
1971   19    1952     0.094
1971   20    1951     0.190
1971   21    1950     0.311
1971   22    1949     0.445
1971   23    1948     0.584
1971   24    1947     0.721
1971   25    1946     0.854
1971   26    1945     0.982
1971   27    1944     1.102
1971   28    1943     1.214
1971   29    1942     1.318
1971   30    1941     1.412
1971   31    1940     1.497
1971   32    1939     1.573
1971   33    1938     1.639
1971   34    1937     1.698
1971   35    1936     1.749
1971   36    1935     1.793
1971   37    1934     1.832
1971   38    1933     1.865
1971   39    1932     1.893
1971   40    1931     1.916
1971   41    1930     1.933
1971   42    1929     1.946
1971   43    1928     1.955
1971   44    1927     1.960
1971   45    1926     1.964
1971   46    1925     1.966
1971   47    1924     1.966
1971   48    1923     1.967
1971   49    1922     1.967
1971   50    1921     1.967
1971   51    1920     1.967
1971   52    1919     1.967
1971   53    1918     1.967
1971   54    1917     1.967
1971   55    1916     1.967
1972   12    1960     0.000
1972   13    1959     0.000
1972   14    1958     0.000
1972   15    1957     0.000
1972   16    1956     0.001
1972   17    1955     0.008
1972   18    1954     0.033
1972   19    1953     0.086
1972   20    1952     0.170
1972   21    1951     0.276
1972   22    1950     0.392
1972   23    1949     0.515
1972   24    1948     0.638
1972   25    1947     0.759
1972   26    1946     0.875
1972   27    1945     0.984
1972   28    1944     1.084
1972   29    1943     1.176
1972   30    1942     1.260
1972   31    1941     1.335
1972   32    1940     1.400
1972   33    1939     1.457
1972   34    1938     1.507
1972   35    1937     1.551
1972   36    1936     1.589
1972   37    1935     1.621
1972   38    1934     1.649
1972   39    1933     1.672
1972   40    1932     1.692
1972   41    1931     1.707
1972   42    1930     1.718
1972   43    1929     1.726
1972   44    1928     1.731
1972   45    1927     1.733
1972   46    1926     1.735
1972   47    1925     1.736
1972   48    1924     1.736
1972   49    1923     1.736
1972   50    1922     1.736
1972   51    1921     1.736
1972   52    1920     1.736
1972   53    1919     1.737
1972   54    1918     1.737
1972   55    1917     1.737
1973   12    1961     0.000
1973   13    1960     0.000
1973   14    1959     0.000
1973   15    1958     0.000
1973   16    1957     0.001
1973   17    1956     0.008
1973   18    1955     0.029
1973   19    1954     0.075
1973   20    1953     0.148
1973   21    1952     0.241
1973   22    1951     0.345
1973   23    1950     0.455
1973   24    1949     0.569
1973   25    1948     0.680
1973   26    1947     0.789
1973   27    1946     0.890
1973   28    1945     0.985
1973   29    1944     1.069
1973   30    1943     1.144
1973   31    1942     1.212
1973   32    1941     1.270
1973   33    1940     1.320
1973   34    1939     1.362
1973   35    1938     1.400
1973   36    1937     1.432
1973   37    1936     1.460
1973   38    1935     1.484
1973   39    1934     1.502
1973   40    1933     1.519
1973   41    1932     1.532
1973   42    1931     1.541
1973   43    1930     1.548
1973   44    1929     1.553
1973   45    1928     1.555
1973   46    1927     1.557
1973   47    1926     1.557
1973   48    1925     1.557
1973   49    1924     1.558
1973   50    1923     1.558
1973   51    1922     1.558
1973   52    1921     1.558
1973   53    1920     1.558
1973   54    1919     1.558
1973   55    1918     1.558
1974   12    1962     0.000
1974   13    1961     0.000
1974   14    1960     0.000
1974   15    1959     0.000
1974   16    1958     0.001
1974   17    1957     0.007
1974   18    1956     0.027
1974   19    1955     0.069
1974   20    1954     0.139
1974   21    1953     0.227
1974   22    1952     0.329
1974   23    1951     0.436
1974   24    1950     0.548
1974   25    1949     0.663
1974   26    1948     0.773
1974   27    1947     0.878
1974   28    1946     0.974
1974   29    1945     1.062
1974   30    1944     1.137
1974   31    1943     1.203
1974   32    1942     1.261
1974   33    1941     1.310
1974   34    1940     1.351
1974   35    1939     1.386
1974   36    1938     1.416
1974   37    1937     1.441
1974   38    1936     1.462
1974   39    1935     1.479
1974   40    1934     1.492
1974   41    1933     1.504
1974   42    1932     1.513
1974   43    1931     1.519
1974   44    1930     1.523
1974   45    1929     1.525
1974   46    1928     1.526
1974   47    1927     1.527
1974   48    1926     1.527
1974   49    1925     1.527
1974   50    1924     1.527
1974   51    1923     1.527
1974   52    1922     1.527
1974   53    1921     1.527
1974   54    1920     1.527
1974   55    1919     1.527
1975   12    1963     0.000
1975   13    1962     0.000
1975   14    1961     0.000
1975   15    1960     0.000
1975   16    1959     0.001
1975   17    1958     0.006
1975   18    1957     0.023
1975   19    1956     0.060
1975   20    1955     0.123
1975   21    1954     0.208
1975   22    1953     0.302
1975   23    1952     0.407
1975   24    1951     0.517
1975   25    1950     0.629
1975   26    1949     0.741
1975   27    1948     0.847
1975   28    1947     0.944
1975   29    1946     1.031
1975   30    1945     1.109
1975   31    1944     1.176
1975   32    1943     1.233
1975   33    1942     1.281
1975   34    1941     1.321
1975   35    1940     1.355
1975   36    1939     1.382
1975   37    1938     1.405
1975   38    1937     1.424
1975   39    1936     1.439
1975   40    1935     1.451
1975   41    1934     1.461
1975   42    1933     1.468
1975   43    1932     1.474
1975   44    1931     1.477
1975   45    1930     1.479
1975   46    1929     1.480
1975   47    1928     1.481
1975   48    1927     1.481
1975   49    1926     1.481
1975   50    1925     1.481
1975   51    1924     1.481
1975   52    1923     1.481
1975   53    1922     1.481
1975   54    1921     1.481
1975   55    1920     1.481
1976   12    1964     0.000
1976   13    1963     0.000
1976   14    1962     0.000
1976   15    1961     0.000
1976   16    1960     0.001
1976   17    1959     0.006
1976   18    1958     0.021
1976   19    1957     0.055
1976   20    1956     0.117
1976   21    1955     0.200
1976   22    1954     0.298
1976   23    1953     0.404
1976   24    1952     0.517
1976   25    1951     0.634
1976   26    1950     0.749
1976   27    1949     0.859
1976   28    1948     0.962
1976   29    1947     1.054
1976   30    1946     1.135
1976   31    1945     1.206
1976   32    1944     1.265
1976   33    1943     1.314
1976   34    1942     1.355
1976   35    1941     1.389
1976   36    1940     1.416
1976   37    1939     1.438
1976   38    1938     1.455
1976   39    1937     1.470
1976   40    1936     1.481
1976   41    1935     1.490
1976   42    1934     1.496
1976   43    1933     1.501
1976   44    1932     1.504
1976   45    1931     1.506
1976   46    1930     1.507
1976   47    1929     1.508
1976   48    1928     1.508
1976   49    1927     1.508
1976   50    1926     1.508
1976   51    1925     1.508
1976   52    1924     1.508
1976   53    1923     1.508
1976   54    1922     1.508
1976   55    1921     1.508
1977   12    1965     0.000
1977   13    1964     0.000
1977   14    1963     0.000
1977   15    1962     0.000
1977   16    1961     0.001
1977   17    1960     0.005
1977   18    1959     0.019
1977   19    1958     0.052
1977   20    1957     0.110
1977   21    1956     0.190
1977   22    1955     0.286
1977   23    1954     0.394
1977   24    1953     0.508
1977   25    1952     0.627
1977   26    1951     0.745
1977   27    1950     0.857
1977   28    1949     0.963
1977   29    1948     1.058
1977   30    1947     1.143
1977   31    1946     1.215
1977   32    1945     1.276
1977   33    1944     1.326
1977   34    1943     1.366
1977   35    1942     1.399
1977   36    1941     1.427
1977   37    1940     1.447
1977   38    1939     1.464
1977   39    1938     1.478
1977   40    1937     1.488
1977   41    1936     1.496
1977   42    1935     1.502
1977   43    1934     1.506
1977   44    1933     1.508
1977   45    1932     1.510
1977   46    1931     1.511
1977   47    1930     1.512
1977   48    1929     1.512
1977   49    1928     1.512
1977   50    1927     1.512
1977   51    1926     1.512
1977   52    1925     1.512
1977   53    1924     1.512
1977   54    1923     1.512
1977   55    1922     1.512
1978   12    1966     0.000
1978   13    1965     0.000
1978   14    1964     0.000
1978   15    1963     0.000
1978   16    1962     0.001
1978   17    1961     0.005
1978   18    1960     0.017
1978   19    1959     0.049
1978   20    1958     0.106
1978   21    1957     0.184
1978   22    1956     0.277
1978   23    1955     0.383
1978   24    1954     0.498
1978   25    1953     0.614
1978   26    1952     0.732
1978   27    1951     0.846
1978   28    1950     0.951
1978   29    1949     1.048
1978   30    1948     1.134
1978   31    1947     1.209
1978   32    1946     1.270
1978   33    1945     1.322
1978   34    1944     1.364
1978   35    1943     1.397
1978   36    1942     1.423
1978   37    1941     1.444
1978   38    1940     1.460
1978   39    1939     1.472
1978   40    1938     1.482
1978   41    1937     1.489
1978   42    1936     1.494
1978   43    1935     1.497
1978   44    1934     1.500
1978   45    1933     1.501
1978   46    1932     1.502
1978   47    1931     1.502
1978   48    1930     1.503
1978   49    1929     1.503
1978   50    1928     1.503
1978   51    1927     1.503
1978   52    1926     1.503
1978   53    1925     1.503
1978   54    1924     1.503
1978   55    1923     1.503
1979   12    1967     0.000
1979   13    1966     0.000
1979   14    1965     0.000
1979   15    1964     0.000
1979   16    1963     0.001
1979   17    1962     0.004
1979   18    1961     0.017
1979   19    1960     0.046
1979   20    1959     0.101
1979   21    1958     0.179
1979   22    1957     0.270
1979   23    1956     0.373
1979   24    1955     0.485
1979   25    1954     0.602
1979   26    1953     0.718
1979   27    1952     0.831
1979   28    1951     0.937
1979   29    1950     1.035
1979   30    1949     1.122
1979   31    1948     1.199
1979   32    1947     1.264
1979   33    1946     1.317
1979   34    1945     1.360
1979   35    1944     1.394
1979   36    1943     1.421
1979   37    1942     1.442
1979   38    1941     1.459
1979   39    1940     1.471
1979   40    1939     1.480
1979   41    1938     1.486
1979   42    1937     1.491
1979   43    1936     1.494
1979   44    1935     1.496
1979   45    1934     1.497
1979   46    1933     1.498
1979   47    1932     1.499
1979   48    1931     1.499
1979   49    1930     1.499
1979   50    1929     1.499
1979   51    1928     1.499
1979   52    1927     1.499
1979   53    1926     1.499
1979   54    1925     1.499
1979   55    1924     1.499
1980   12    1968     0.000
1980   13    1967     0.000
1980   14    1966     0.000
1980   15    1965     0.000
1980   16    1964     0.001
1980   17    1963     0.005
1980   18    1962     0.017
1980   19    1961     0.046
1980   20    1960     0.102
1980   21    1959     0.183
1980   22    1958     0.280
1980   23    1957     0.386
1980   24    1956     0.500
1980   25    1955     0.621
1980   26    1954     0.743
1980   27    1953     0.860
1980   28    1952     0.971
1980   29    1951     1.073
1980   30    1950     1.164
1980   31    1949     1.244
1980   32    1948     1.312
1980   33    1947     1.369
1980   34    1946     1.414
1980   35    1945     1.451
1980   36    1944     1.481
1980   37    1943     1.503
1980   38    1942     1.520
1980   39    1941     1.534
1980   40    1940     1.543
1980   41    1939     1.549
1980   42    1938     1.554
1980   43    1937     1.557
1980   44    1936     1.559
1980   45    1935     1.560
1980   46    1934     1.561
1980   47    1933     1.561
1980   48    1932     1.562
1980   49    1931     1.562
1980   50    1930     1.562
1980   51    1929     1.562
1980   52    1928     1.562
1980   53    1927     1.562
1980   54    1926     1.562
1980   55    1925     1.562
1981   12    1969     0.000
1981   13    1968     0.000
1981   14    1967     0.000
1981   15    1966     0.000
1981   16    1965     0.001
1981   17    1964     0.004
1981   18    1963     0.015
1981   19    1962     0.041
1981   20    1961     0.093
1981   21    1960     0.168
1981   22    1959     0.260
1981   23    1958     0.364
1981   24    1957     0.475
1981   25    1956     0.591
1981   26    1955     0.710
1981   27    1954     0.828
1981   28    1953     0.936
1981   29    1952     1.037
1981   30    1951     1.128
1981   31    1950     1.207
1981   32    1949     1.275
1981   33    1948     1.334
1981   34    1947     1.381
1981   35    1946     1.418
1981   36    1945     1.449
1981   37    1944     1.472
1981   38    1943     1.489
1981   39    1942     1.502
1981   40    1941     1.511
1981   41    1940     1.518
1981   42    1939     1.523
1981   43    1938     1.526
1981   44    1937     1.528
1981   45    1936     1.529
1981   46    1935     1.530
1981   47    1934     1.530
1981   48    1933     1.530
1981   49    1932     1.530
1981   50    1931     1.530
1981   51    1930     1.530
1981   52    1929     1.530
1981   53    1928     1.530
1981   54    1927     1.530
1981   55    1926     1.530
1982   12    1970     0.000
1982   13    1969     0.000
1982   14    1968     0.000
1982   15    1967     0.000
1982   16    1966     0.001
1982   17    1965     0.004
1982   18    1964     0.013
1982   19    1963     0.038
1982   20    1962     0.085
1982   21    1961     0.157
1982   22    1960     0.244
1982   23    1959     0.345
1982   24    1958     0.454
1982   25    1957     0.568
1982   26    1956     0.686
1982   27    1955     0.802
1982   28    1954     0.912
1982   29    1953     1.012
1982   30    1952     1.103
1982   31    1951     1.184
1982   32    1950     1.251
1982   33    1949     1.309
1982   34    1948     1.356
1982   35    1947     1.394
1982   36    1946     1.424
1982   37    1945     1.447
1982   38    1944     1.466
1982   39    1943     1.479
1982   40    1942     1.488
1982   41    1941     1.495
1982   42    1940     1.499
1982   43    1939     1.502
1982   44    1938     1.504
1982   45    1937     1.505
1982   46    1936     1.506
1982   47    1935     1.506
1982   48    1934     1.506
1982   49    1933     1.506
1982   50    1932     1.506
1982   51    1931     1.506
1982   52    1930     1.506
1982   53    1929     1.506
1982   54    1928     1.506
1982   55    1927     1.506
1983   12    1971     0.000
1983   13    1970     0.000
1983   14    1969     0.000
1983   15    1968     0.000
1983   16    1967     0.001
1983   17    1966     0.003
1983   18    1965     0.011
1983   19    1964     0.031
1983   20    1963     0.073
1983   21    1962     0.137
1983   22    1961     0.216
1983   23    1960     0.309
1983   24    1959     0.412
1983   25    1958     0.522
1983   26    1957     0.635
1983   27    1956     0.747
1983   28    1955     0.853
1983   29    1954     0.951
1983   30    1953     1.038
1983   31    1952     1.115
1983   32    1951     1.181
1983   33    1950     1.236
1983   34    1949     1.282
1983   35    1948     1.319
1983   36    1947     1.349
1983   37    1946     1.372
1983   38    1945     1.390
1983   39    1944     1.403
1983   40    1943     1.412
1983   41    1942     1.419
1983   42    1941     1.423
1983   43    1940     1.426
1983   44    1939     1.428
1983   45    1938     1.429
1983   46    1937     1.429
1983   47    1936     1.430
1983   48    1935     1.430
1983   49    1934     1.430
1983   50    1933     1.430
1983   51    1932     1.430
1983   52    1931     1.430
1983   53    1930     1.430
1983   54    1929     1.430
1983   55    1928     1.430
1984   12    1972     0.000
1984   13    1971     0.000
1984   14    1970     0.000
1984   15    1969     0.000
1984   16    1968     0.001
1984   17    1967     0.003
1984   18    1966     0.011
1984   19    1965     0.029
1984   20    1964     0.067
1984   21    1963     0.124
1984   22    1962     0.197
1984   23    1961     0.283
1984   24    1960     0.379
1984   25    1959     0.483
1984   26    1958     0.593
1984   27    1957     0.703
1984   28    1956     0.808
1984   29    1955     0.906
1984   30    1954     0.994
1984   31    1953     1.071
1984   32    1952     1.138
1984   33    1951     1.193
1984   34    1950     1.239
1984   35    1949     1.276
1984   36    1948     1.306
1984   37    1947     1.330
1984   38    1946     1.348
1984   39    1945     1.361
1984   40    1944     1.370
1984   41    1943     1.377
1984   42    1942     1.381
1984   43    1941     1.384
1984   44    1940     1.385
1984   45    1939     1.386
1984   46    1938     1.387
1984   47    1937     1.387
1984   48    1936     1.387
1984   49    1935     1.387
1984   50    1934     1.387
1984   51    1933     1.387
1984   52    1932     1.387
1984   53    1931     1.387
1984   54    1930     1.387
1984   55    1929     1.387
1985   12    1973     0.000
1985   13    1972     0.000
1985   14    1971     0.000
1985   15    1970     0.000
1985   16    1969     0.001
1985   17    1968     0.003
1985   18    1967     0.010
1985   19    1966     0.027
1985   20    1965     0.062
1985   21    1964     0.115
1985   22    1963     0.183
1985   23    1962     0.263
1985   24    1961     0.355
1985   25    1960     0.457
1985   26    1959     0.565
1985   27    1958     0.675
1985   28    1957     0.781
1985   29    1956     0.879
1985   30    1955     0.969
1985   31    1954     1.048
1985   32    1953     1.117
1985   33    1952     1.174
1985   34    1951     1.221
1985   35    1950     1.259
1985   36    1949     1.290
1985   37    1948     1.315
1985   38    1947     1.333
1985   39    1946     1.346
1985   40    1945     1.356
1985   41    1944     1.363
1985   42    1943     1.367
1985   43    1942     1.370
1985   44    1941     1.372
1985   45    1940     1.373
1985   46    1939     1.373
1985   47    1938     1.373
1985   48    1937     1.374
1985   49    1936     1.374
1985   50    1935     1.374
1985   51    1934     1.374
1985   52    1933     1.374
1985   53    1932     1.374
1985   54    1931     1.374
1985   55    1930     1.374
1986   12    1974     0.000
1986   13    1973     0.000
1986   14    1972     0.000
1986   15    1971     0.000
1986   16    1970     0.001
1986   17    1969     0.003
1986   18    1968     0.010
1986   19    1967     0.027
1986   20    1966     0.060
1986   21    1965     0.111
1986   22    1964     0.176
1986   23    1963     0.255
1986   24    1962     0.345
1986   25    1961     0.446
1986   26    1960     0.557
1986   27    1959     0.670
1986   28    1958     0.781
1986   29    1957     0.885
1986   30    1956     0.981
1986   31    1955     1.066
1986   32    1954     1.140
1986   33    1953     1.201
1986   34    1952     1.252
1986   35    1951     1.292
1986   36    1950     1.325
1986   37    1949     1.351
1986   38    1948     1.371
1986   39    1947     1.385
1986   40    1946     1.395
1986   41    1945     1.403
1986   42    1944     1.408
1986   43    1943     1.411
1986   44    1942     1.412
1986   45    1941     1.413
1986   46    1940     1.414
1986   47    1939     1.414
1986   48    1938     1.414
1986   49    1937     1.414
1986   50    1936     1.414
1986   51    1935     1.414
1986   52    1934     1.414
1986   53    1933     1.414
1986   54    1932     1.414
1986   55    1931     1.414
1987   12    1975     0.000
1987   13    1974     0.000
1987   14    1973     0.000
1987   15    1972     0.000
1987   16    1971     0.001
1987   17    1970     0.003
1987   18    1969     0.011
1987   19    1968     0.027
1987   20    1967     0.060
1987   21    1966     0.109
1987   22    1965     0.172
1987   23    1964     0.249
1987   24    1963     0.337
1987   25    1962     0.438
1987   26    1961     0.547
1987   27    1960     0.659
1987   28    1959     0.772
1987   29    1958     0.879
1987   30    1957     0.977
1987   31    1956     1.066
1987   32    1955     1.142
1987   33    1954     1.208
1987   34    1953     1.261
1987   35    1952     1.305
1987   36    1951     1.340
1987   37    1950     1.367
1987   38    1949     1.387
1987   39    1948     1.403
1987   40    1947     1.414
1987   41    1946     1.421
1987   42    1945     1.427
1987   43    1944     1.430
1987   44    1943     1.432
1987   45    1942     1.433
1987   46    1941     1.433
1987   47    1940     1.433
1987   48    1939     1.434
1987   49    1938     1.434
1987   50    1937     1.434
1987   51    1936     1.434
1987   52    1935     1.434
1987   53    1934     1.434
1987   54    1933     1.434
1987   55    1932     1.434
1988   12    1976     0.000
1988   13    1975     0.000
1988   14    1974     0.000
1988   15    1973     0.000
1988   16    1972     0.001
1988   17    1971     0.004
1988   18    1970     0.012
1988   19    1969     0.029
1988   20    1968     0.063
1988   21    1967     0.111
1988   22    1966     0.172
1988   23    1965     0.246
1988   24    1964     0.332
1988   25    1963     0.431
1988   26    1962     0.541
1988   27    1961     0.656
1988   28    1960     0.770
1988   29    1959     0.880
1988   30    1958     0.981
1988   31    1957     1.074
1988   32    1956     1.155
1988   33    1955     1.224
1988   34    1954     1.280
1988   35    1953     1.326
1988   36    1952     1.363
1988   37    1951     1.392
1988   38    1950     1.413
1988   39    1949     1.429
1988   40    1948     1.441
1988   41    1947     1.449
1988   42    1946     1.454
1988   43    1945     1.457
1988   44    1944     1.459
1988   45    1943     1.460
1988   46    1942     1.461
1988   47    1941     1.461
1988   48    1940     1.461
1988   49    1939     1.461
1988   50    1938     1.461
1988   51    1937     1.461
1988   52    1936     1.461
1988   53    1935     1.461
1988   54    1934     1.461
1988   55    1933     1.461
1989   12    1977     0.000
1989   13    1976     0.000
1989   14    1975     0.000
1989   15    1974     0.000
1989   16    1973     0.001
1989   17    1972     0.004
1989   18    1971     0.011
1989   19    1970     0.026
1989   20    1969     0.055
1989   21    1968     0.099
1989   22    1967     0.156
1989   23    1966     0.223
1989   24    1965     0.302
1989   25    1964     0.396
1989   26    1963     0.500
1989   27    1962     0.613
1989   28    1961     0.725
1989   29    1960     0.833
1989   30    1959     0.935
1989   31    1958     1.027
1989   32    1957     1.109
1989   33    1956     1.177
1989   34    1955     1.235
1989   35    1954     1.282
1989   36    1953     1.319
1989   37    1952     1.349
1989   38    1951     1.372
1989   39    1950     1.389
1989   40    1949     1.401
1989   41    1948     1.409
1989   42    1947     1.415
1989   43    1946     1.418
1989   44    1945     1.420
1989   45    1944     1.421
1989   46    1943     1.422
1989   47    1942     1.422
1989   48    1941     1.422
1989   49    1940     1.422
1989   50    1939     1.422
1989   51    1938     1.422
1989   52    1937     1.422
1989   53    1936     1.422
1989   54    1935     1.422
1989   55    1934     1.422
1990   12    1978     0.000
1990   13    1977     0.000
1990   14    1976     0.000
1990   15    1975     0.000
1990   16    1974     0.001
1990   17    1973     0.004
1990   18    1972     0.013
1990   19    1971     0.032
1990   20    1970     0.067
1990   21    1969     0.118
1990   22    1968     0.178
1990   23    1967     0.247
1990   24    1966     0.326
1990   25    1965     0.418
1990   26    1964     0.520
1990   27    1963     0.630
1990   28    1962     0.741
1990   29    1961     0.851
1990   30    1960     0.953
1990   31    1959     1.047
1990   32    1958     1.130
1990   33    1957     1.201
1990   34    1956     1.261
1990   35    1955     1.310
1990   36    1954     1.349
1990   37    1953     1.380
1990   38    1952     1.402
1990   39    1951     1.419
1990   40    1950     1.431
1990   41    1949     1.440
1990   42    1948     1.446
1990   43    1947     1.449
1990   44    1946     1.451
1990   45    1945     1.453
1990   46    1944     1.453
1990   47    1943     1.454
1990   48    1942     1.454
1990   49    1941     1.454
1990   50    1940     1.454
1990   51    1939     1.454
1990   52    1938     1.454
1990   53    1937     1.454
1990   54    1936     1.454
1990   55    1935     1.454
1991   12    1979     0.000
1991   13    1978     0.000
1991   14    1977     0.000
1991   15    1976     0.000
1991   16    1975     0.001
1991   17    1974     0.005
1991   18    1973     0.014
1991   19    1972     0.033
1991   20    1971     0.066
1991   21    1970     0.112
1991   22    1969     0.168
1991   23    1968     0.229
1991   24    1967     0.297
1991   25    1966     0.373
1991   26    1965     0.460
1991   27    1964     0.556
1991   28    1963     0.656
1991   29    1962     0.756
1991   30    1961     0.851
1991   31    1960     0.939
1991   32    1959     1.018
1991   33    1958     1.086
1991   34    1957     1.143
1991   35    1956     1.190
1991   36    1955     1.229
1991   37    1954     1.259
1991   38    1953     1.282
1991   39    1952     1.299
1991   40    1951     1.311
1991   41    1950     1.319
1991   42    1949     1.325
1991   43    1948     1.329
1991   44    1947     1.331
1991   45    1946     1.332
1991   46    1945     1.333
1991   47    1944     1.333
1991   48    1943     1.333
1991   49    1942     1.333
1991   50    1941     1.333
1991   51    1940     1.333
1991   52    1939     1.333
1991   53    1938     1.333
1991   54    1937     1.333
1991   55    1936     1.333
1992   12    1980     0.000
1992   13    1979     0.000
1992   14    1978     0.000
1992   15    1977     0.000
1992   16    1976     0.001
1992   17    1975     0.004
1992   18    1974     0.013
1992   19    1973     0.031
1992   20    1972     0.063
1992   21    1971     0.106
1992   22    1970     0.158
1992   23    1969     0.217
1992   24    1968     0.283
1992   25    1967     0.355
1992   26    1966     0.435
1992   27    1965     0.526
1992   28    1964     0.622
1992   29    1963     0.719
1992   30    1962     0.813
1992   31    1961     0.900
1992   32    1960     0.979
1992   33    1959     1.048
1992   34    1958     1.105
1992   35    1957     1.154
1992   36    1956     1.193
1992   37    1955     1.224
1992   38    1954     1.247
1992   39    1953     1.264
1992   40    1952     1.277
1992   41    1951     1.286
1992   42    1950     1.291
1992   43    1949     1.295
1992   44    1948     1.297
1992   45    1947     1.298
1992   46    1946     1.299
1992   47    1945     1.299
1992   48    1944     1.299
1992   49    1943     1.299
1992   50    1942     1.299
1992   51    1941     1.299
1992   52    1940     1.299
1992   53    1939     1.299
1992   54    1938     1.299
1992   55    1937     1.299
1993   12    1981     0.000
1993   13    1980     0.000
1993   14    1979     0.000
1993   15    1978     0.000
1993   16    1977     0.001
1993   17    1976     0.004
1993   18    1975     0.012
1993   19    1974     0.028
1993   20    1973     0.056
1993   21    1972     0.097
1993   22    1971     0.147
1993   23    1970     0.203
1993   24    1969     0.266
1993   25    1968     0.336
1993   26    1967     0.416
1993   27    1966     0.503
1993   28    1965     0.598
1993   29    1964     0.695
1993   30    1963     0.789
1993   31    1962     0.880
1993   32    1961     0.960
1993   33    1960     1.029
1993   34    1959     1.088
1993   35    1958     1.136
1993   36    1957     1.176
1993   37    1956     1.207
1993   38    1955     1.231
1993   39    1954     1.248
1993   40    1953     1.261
1993   41    1952     1.270
1993   42    1951     1.275
1993   43    1950     1.279
1993   44    1949     1.281
1993   45    1948     1.282
1993   46    1947     1.283
1993   47    1946     1.283
1993   48    1945     1.283
1993   49    1944     1.283
1993   50    1943     1.283
1993   51    1942     1.283
1993   52    1941     1.283
1993   53    1940     1.283
1993   54    1939     1.283
1993   55    1938     1.283
1994   12    1982     0.000
1994   13    1981     0.000
1994   14    1980     0.000
1994   15    1979     0.000
1994   16    1978     0.001
1994   17    1977     0.004
1994   18    1976     0.011
1994   19    1975     0.025
1994   20    1974     0.051
1994   21    1973     0.089
1994   22    1972     0.137
1994   23    1971     0.192
1994   24    1970     0.253
1994   25    1969     0.321
1994   26    1968     0.397
1994   27    1967     0.480
1994   28    1966     0.568
1994   29    1965     0.662
1994   30    1964     0.755
1994   31    1963     0.844
1994   32    1962     0.923
1994   33    1961     0.993
1994   34    1960     1.051
1994   35    1959     1.100
1994   36    1958     1.139
1994   37    1957     1.171
1994   38    1956     1.195
1994   39    1955     1.212
1994   40    1954     1.225
1994   41    1953     1.234
1994   42    1952     1.240
1994   43    1951     1.244
1994   44    1950     1.246
1994   45    1949     1.247
1994   46    1948     1.248
1994   47    1947     1.248
1994   48    1946     1.248
1994   49    1945     1.248
1994   50    1944     1.248
1994   51    1943     1.248
1994   52    1942     1.248
1994   53    1941     1.248
1994   54    1940     1.248
1994   55    1939     1.248
1995   12    1983     0.000
1995   13    1982     0.000
1995   14    1981     0.000
1995   15    1980     0.000
1995   16    1979     0.001
1995   17    1978     0.004
1995   18    1977     0.011
1995   19    1976     0.024
1995   20    1975     0.048
1995   21    1974     0.084
1995   22    1973     0.130
1995   23    1972     0.186
1995   24    1971     0.246
1995   25    1970     0.313
1995   26    1969     0.389
1995   27    1968     0.471
1995   28    1967     0.559
1995   29    1966     0.652
1995   30    1965     0.746
1995   31    1964     0.836
1995   32    1963     0.918
1995   33    1962     0.990
1995   34    1961     1.051
1995   35    1960     1.102
1995   36    1959     1.143
1995   37    1958     1.176
1995   38    1957     1.200
1995   39    1956     1.219
1995   40    1955     1.233
1995   41    1954     1.242
1995   42    1953     1.248
1995   43    1952     1.251
1995   44    1951     1.254
1995   45    1950     1.255
1995   46    1949     1.255
1995   47    1948     1.256
1995   48    1947     1.256
1995   49    1946     1.256
1995   50    1945     1.256
1995   51    1944     1.256
1995   52    1943     1.256
1995   53    1942     1.256
1995   54    1941     1.256
1995   55    1940     1.256
1996   12    1984     0.000
1996   13    1983     0.000
1996   14    1982     0.000
1996   15    1981     0.000
1996   16    1980     0.001
1996   17    1979     0.004
1996   18    1978     0.011
1996   19    1977     0.025
1996   20    1976     0.049
1996   21    1975     0.085
1996   22    1974     0.133
1996   23    1973     0.190
1996   24    1972     0.256
1996   25    1971     0.328
1996   26    1970     0.407
1996   27    1969     0.494
1996   28    1968     0.586
1996   29    1967     0.683
1996   30    1966     0.781
1996   31    1965     0.877
1996   32    1964     0.965
1996   33    1963     1.043
1996   34    1962     1.108
1996   35    1961     1.162
1996   36    1960     1.206
1996   37    1959     1.242
1996   38    1958     1.268
1996   39    1957     1.288
1996   40    1956     1.303
1996   41    1955     1.313
1996   42    1954     1.319
1996   43    1953     1.323
1996   44    1952     1.326
1996   45    1951     1.327
1996   46    1950     1.327
1996   47    1949     1.328
1996   48    1948     1.328
1996   49    1947     1.328
1996   50    1946     1.328
1996   51    1945     1.328
1996   52    1944     1.328
1996   53    1943     1.328
1996   54    1942     1.328
1996   55    1941     1.328
1997   12    1985     0.000
1997   13    1984     0.000
1997   14    1983     0.000
1997   15    1982     0.000
1997   16    1981     0.001
1997   17    1980     0.004
1997   18    1979     0.011
1997   19    1978     0.025
1997   20    1977     0.049
1997   21    1976     0.085
1997   22    1975     0.131
1997   23    1974     0.189
1997   24    1973     0.254
1997   25    1972     0.329
1997   26    1971     0.410
1997   27    1970     0.499
1997   28    1969     0.594
1997   29    1968     0.694
1997   30    1967     0.795
1997   31    1966     0.894
1997   32    1965     0.988
1997   33    1964     1.071
1997   34    1963     1.141
1997   35    1962     1.200
1997   36    1961     1.248
1997   37    1960     1.286
1997   38    1959     1.315
1997   39    1958     1.337
1997   40    1957     1.353
1997   41    1956     1.364
1997   42    1955     1.371
1997   43    1954     1.375
1997   44    1953     1.378
1997   45    1952     1.379
1997   46    1951     1.380
1997   47    1950     1.380
1997   48    1949     1.380
1997   49    1948     1.380
1997   50    1947     1.380
1997   51    1946     1.380
1997   52    1945     1.380
1997   53    1944     1.380
1997   54    1943     1.380
1997   55    1942     1.380
1998   12    1986     0.000
1998   13    1985     0.000
1998   14    1984     0.000
1998   15    1983     0.000
1998   16    1982     0.001
1998   17    1981     0.004
1998   18    1980     0.011
1998   19    1979     0.025
1998   20    1978     0.049
1998   21    1977     0.085
1998   22    1976     0.131
1998   23    1975     0.186
1998   24    1974     0.251
1998   25    1973     0.324
1998   26    1972     0.405
1998   27    1971     0.492
1998   28    1970     0.584
1998   29    1969     0.680
1998   30    1968     0.779
1998   31    1967     0.877
1998   32    1966     0.969
1998   33    1965     1.052
1998   34    1964     1.124
1998   35    1963     1.183
1998   36    1962     1.233
1998   37    1961     1.272
1998   38    1960     1.301
1998   39    1959     1.324
1998   40    1958     1.339
1998   41    1957     1.351
1998   42    1956     1.358
1998   43    1955     1.362
1998   44    1954     1.365
1998   45    1953     1.366
1998   46    1952     1.367
1998   47    1951     1.367
1998   48    1950     1.367
1998   49    1949     1.368
1998   50    1948     1.368
1998   51    1947     1.368
1998   52    1946     1.368
1998   53    1945     1.368
1998   54    1944     1.368
1998   55    1943     1.368
1999   12    1987     0.000
1999   13    1986     0.000
1999   14    1985     0.000
1999   15    1984     0.000
1999   16    1983     0.001
1999   17    1982     0.004
1999   18    1981     0.011
1999   19    1980     0.025
1999   20    1979     0.049
1999   21    1978     0.085
1999   22    1977     0.130
1999   23    1976     0.185
1999   24    1975     0.248
1999   25    1974     0.319
1999   26    1973     0.400
1999   27    1972     0.488
1999   28    1971     0.580
1999   29    1970     0.676
1999   30    1969     0.774
1999   31    1968     0.871
1999   32    1967     0.963
1999   33    1966     1.048
1999   34    1965     1.121
1999   35    1964     1.184
1999   36    1963     1.235
1999   37    1962     1.275
1999   38    1961     1.306
1999   39    1960     1.328
1999   40    1959     1.345
1999   41    1958     1.357
1999   42    1957     1.365
1999   43    1956     1.370
1999   44    1955     1.372
1999   45    1954     1.374
1999   46    1953     1.374
1999   47    1952     1.375
1999   48    1951     1.375
1999   49    1950     1.375
1999   50    1949     1.375
1999   51    1948     1.375
1999   52    1947     1.375
1999   53    1946     1.375
1999   54    1945     1.375
1999   55    1944     1.375
2000   12    1988     0.000
2000   13    1987     0.000
2000   14    1986     0.000
2000   15    1985     0.000
2000   16    1984     0.001
2000   17    1983     0.004
2000   18    1982     0.011
2000   19    1981     0.025
2000   20    1980     0.051
2000   21    1979     0.086
2000   22    1978     0.132
2000   23    1977     0.186
2000   24    1976     0.249
2000   25    1975     0.319
2000   26    1974     0.400
2000   27    1973     0.488
2000   28    1972     0.582
2000   29    1971     0.679
2000   30    1970     0.778
2000   31    1969     0.876
2000   32    1968     0.969
2000   33    1967     1.055
2000   34    1966     1.131
2000   35    1965     1.197
2000   36    1964     1.250
2000   37    1963     1.292
2000   38    1962     1.325
2000   39    1961     1.349
2000   40    1960     1.367
2000   41    1959     1.380
2000   42    1958     1.388
2000   43    1957     1.393
2000   44    1956     1.396
2000   45    1955     1.397
2000   46    1954     1.398
2000   47    1953     1.398
2000   48    1952     1.399
2000   49    1951     1.399
2000   50    1950     1.399
2000   51    1949     1.399
2000   52    1948     1.399
2000   53    1947     1.399
2000   54    1946     1.399
2000   55    1945     1.399
2001   12    1989     0.000
2001   13    1988     0.000
2001   14    1987     0.000
2001   15    1986     0.000
2001   16    1985     0.001
2001   17    1984     0.004
2001   18    1983     0.012
2001   19    1982     0.026
2001   20    1981     0.051
2001   21    1980     0.086
2001   22    1979     0.130
2001   23    1978     0.183
2001   24    1977     0.243
2001   25    1976     0.311
2001   26    1975     0.387
2001   27    1974     0.471
2001   28    1973     0.560
2001   29    1972     0.654
2001   30    1971     0.750
2001   31    1970     0.845
2001   32    1969     0.936
2001   33    1968     1.020
2001   34    1967     1.095
2001   35    1966     1.161
2001   36    1965     1.215
2001   37    1964     1.258
2001   38    1963     1.292
2001   39    1962     1.317
2001   40    1961     1.335
2001   41    1960     1.347
2001   42    1959     1.356
2001   43    1958     1.361
2001   44    1957     1.364
2001   45    1956     1.365
2001   46    1955     1.366
2001   47    1954     1.366
2001   48    1953     1.366
2001   49    1952     1.366
2001   50    1951     1.366
2001   51    1950     1.366
2001   52    1949     1.366
2001   53    1948     1.366
2001   54    1947     1.366
2001   55    1946     1.366
2002   12    1990     0.000
2002   13    1989     0.000
2002   14    1988     0.000
2002   15    1987     0.000
2002   16    1986     0.001
2002   17    1985     0.004
2002   18    1984     0.012
2002   19    1983     0.026
2002   20    1982     0.050
2002   21    1981     0.082
2002   22    1980     0.125
2002   23    1979     0.175
2002   24    1978     0.233
2002   25    1977     0.298
2002   26    1976     0.372
2002   27    1975     0.453
2002   28    1974     0.541
2002   29    1973     0.633
2002   30    1972     0.729
2002   31    1971     0.824
2002   32    1970     0.916
2002   33    1969     1.001
2002   34    1968     1.078
2002   35    1967     1.144
2002   36    1966     1.201
2002   37    1965     1.247
2002   38    1964     1.282
2002   39    1963     1.308
2002   40    1962     1.327
2002   41    1961     1.341
2002   42    1960     1.349
2002   43    1959     1.355
2002   44    1958     1.358
2002   45    1957     1.359
2002   46    1956     1.360
2002   47    1955     1.361
2002   48    1954     1.361
2002   49    1953     1.361
2002   50    1952     1.361
2002   51    1951     1.361
2002   52    1950     1.361
2002   53    1949     1.361
2002   54    1948     1.361
2002   55    1947     1.361
2003   12    1991     0.000
2003   13    1990     0.000
2003   14    1989     0.000
2003   15    1988     0.000
2003   16    1987     0.001
2003   17    1986     0.004
2003   18    1985     0.011
2003   19    1984     0.025
2003   20    1983     0.047
2003   21    1982     0.078
2003   22    1981     0.118
2003   23    1980     0.167
2003   24    1979     0.223
2003   25    1978     0.286
2003   26    1977     0.358
2003   27    1976     0.439
2003   28    1975     0.525
2003   29    1974     0.617
2003   30    1973     0.713
2003   31    1972     0.809
2003   32    1971     0.902
2003   33    1970     0.988
2003   34    1969     1.066
2003   35    1968     1.135
2003   36    1967     1.194
2003   37    1966     1.241
2003   38    1965     1.278
2003   39    1964     1.306
2003   40    1963     1.326
2003   41    1962     1.340
2003   42    1961     1.349
2003   43    1960     1.355
2003   44    1959     1.358
2003   45    1958     1.360
2003   46    1957     1.360
2003   47    1956     1.361
2003   48    1955     1.361
2003   49    1954     1.361
2003   50    1953     1.361
2003   51    1952     1.361
2003   52    1951     1.361
2003   53    1950     1.361
2003   54    1949     1.361
2003   55    1948     1.361
2004   12    1992     0.000
2004   13    1991     0.000
2004   14    1990     0.000
2004   15    1989     0.000
2004   16    1988     0.001
2004   17    1987     0.004
2004   18    1986     0.010
2004   19    1985     0.023
2004   20    1984     0.044
2004   21    1983     0.074
2004   22    1982     0.113
2004   23    1981     0.159
2004   24    1980     0.214
2004   25    1979     0.277
2004   26    1978     0.349
2004   27    1977     0.428
2004   28    1976     0.515
2004   29    1975     0.607
2004   30    1974     0.704
2004   31    1973     0.801
2004   32    1972     0.897
2004   33    1971     0.986
2004   34    1970     1.068
2004   35    1969     1.140
2004   36    1968     1.202
2004   37    1967     1.252
2004   38    1966     1.292
2004   39    1965     1.322
2004   40    1964     1.344
2004   41    1963     1.359
2004   42    1962     1.368
2004   43    1961     1.374
2004   44    1960     1.378
2004   45    1959     1.379
2004   46    1958     1.380
2004   47    1957     1.381
2004   48    1956     1.381
2004   49    1955     1.381
2004   50    1954     1.381
2004   51    1953     1.381
2004   52    1952     1.381
2004   53    1951     1.381
2004   54    1950     1.381
2004   55    1949     1.381
2005   12    1993     0.000
2005   13    1992     0.000
2005   14    1991     0.000
2005   15    1990     0.000
2005   16    1989     0.001
2005   17    1988     0.004
2005   18    1987     0.010
2005   19    1986     0.021
2005   20    1985     0.042
2005   21    1984     0.072
2005   22    1983     0.109
2005   23    1982     0.153
2005   24    1981     0.205
2005   25    1980     0.265
2005   26    1979     0.334
2005   27    1978     0.411
2005   28    1977     0.496
2005   29    1976     0.585
2005   30    1975     0.679
2005   31    1974     0.774
2005   32    1973     0.870
2005   33    1972     0.960
2005   34    1971     1.042
2005   35    1970     1.115
2005   36    1969     1.177
2005   37    1968     1.229
2005   38    1967     1.269
2005   39    1966     1.300
2005   40    1965     1.323
2005   41    1964     1.339
2005   42    1963     1.350
2005   43    1962     1.356
2005   44    1961     1.359
2005   45    1960     1.361
2005   46    1959     1.362
2005   47    1958     1.363
2005   48    1957     1.363
2005   49    1956     1.363
2005   50    1955     1.363
2005   51    1954     1.363
2005   52    1953     1.363
2005   53    1952     1.363
2005   54    1951     1.363
2005   55    1950     1.363
2006   12    1994     0.000
2006   13    1993     0.000
2006   14    1992     0.000
2006   15    1991     0.000
2006   16    1990     0.001
2006   17    1989     0.004
2006   18    1988     0.010
2006   19    1987     0.020
2006   20    1986     0.040
2006   21    1985     0.068
2006   22    1984     0.104
2006   23    1983     0.146
2006   24    1982     0.196
2006   25    1981     0.253
2006   26    1980     0.320
2006   27    1979     0.395
2006   28    1978     0.478
2006   29    1977     0.566
2006   30    1976     0.659
2006   31    1975     0.755
2006   32    1974     0.850
2006   33    1973     0.940
2006   34    1972     1.023
2006   35    1971     1.096
2006   36    1970     1.160
2006   37    1969     1.214
2006   38    1968     1.256
2006   39    1967     1.288
2006   40    1966     1.313
2006   41    1965     1.330
2006   42    1964     1.341
2006   43    1963     1.348
2006   44    1962     1.352
2006   45    1961     1.354
2006   46    1960     1.355
2006   47    1959     1.356
2006   48    1958     1.356
2006   49    1957     1.356
2006   50    1956     1.356
2006   51    1955     1.356
2006   52    1954     1.356
2006   53    1953     1.356
2006   54    1952     1.356
2006   55    1951     1.356
2007   12    1995     0.000
2007   13    1994     0.000
2007   14    1993     0.000
2007   15    1992     0.000
2007   16    1991     0.001
2007   17    1990     0.004
2007   18    1989     0.009
2007   19    1988     0.020
2007   20    1987     0.038
2007   21    1986     0.066
2007   22    1985     0.100
2007   23    1984     0.142
2007   24    1983     0.190
2007   25    1982     0.246
2007   26    1981     0.312
2007   27    1980     0.387
2007   28    1979     0.470
2007   29    1978     0.560
2007   30    1977     0.656
2007   31    1976     0.754
2007   32    1975     0.853
2007   33    1974     0.947
2007   34    1973     1.036
2007   35    1972     1.115
2007   36    1971     1.185
2007   37    1970     1.243
2007   38    1969     1.289
2007   39    1968     1.324
2007   40    1967     1.351
2007   41    1966     1.370
2007   42    1965     1.382
2007   43    1964     1.389
2007   44    1963     1.394
2007   45    1962     1.396
2007   46    1961     1.397
2007   47    1960     1.397
2007   48    1959     1.398
2007   49    1958     1.398
2007   50    1957     1.398
2007   51    1956     1.398
2007   52    1955     1.398
2007   53    1954     1.398
2007   54    1953     1.398
2007   55    1952     1.398
2008   12    1996     0.000
2008   13    1995     0.000
2008   14    1994     0.000
2008   15    1993     0.000
2008   16    1992     0.001
2008   17    1991     0.004
2008   18    1990     0.009
2008   19    1989     0.020
2008   20    1988     0.037
2008   21    1987     0.063
2008   22    1986     0.096
2008   23    1985     0.135
2008   24    1984     0.182
2008   25    1983     0.237
2008   26    1982     0.300
2008   27    1981     0.373
2008   28    1980     0.455
2008   29    1979     0.544
2008   30    1978     0.639
2008   31    1977     0.739
2008   32    1976     0.838
2008   33    1975     0.935
2008   34    1974     1.026
2008   35    1973     1.108
2008   36    1972     1.180
2008   37    1971     1.242
2008   38    1970     1.290
2008   39    1969     1.328
2008   40    1968     1.356
2008   41    1967     1.377
2008   42    1966     1.391
2008   43    1965     1.399
2008   44    1964     1.403
2008   45    1963     1.406
2008   46    1962     1.407
2008   47    1961     1.407
2008   48    1960     1.408
2008   49    1959     1.408
2008   50    1958     1.408
2008   51    1957     1.408
2008   52    1956     1.408
2008   53    1955     1.408
2008   54    1954     1.408
2008   55    1953     1.408
2009   12    1997     0.000
2009   13    1996     0.000
2009   14    1995     0.000
2009   15    1994     0.000
2009   16    1993     0.001
2009   17    1992     0.003
2009   18    1991     0.008
2009   19    1990     0.018
2009   20    1989     0.035
2009   21    1988     0.058
2009   22    1987     0.089
2009   23    1986     0.126
2009   24    1985     0.170
2009   25    1984     0.222
2009   26    1983     0.283
2009   27    1982     0.354
2009   28    1981     0.433
2009   29    1980     0.519
2009   30    1979     0.612
2009   31    1978     0.709
2009   32    1977     0.808
2009   33    1976     0.903
2009   34    1975     0.994
2009   35    1974     1.077
2009   36    1973     1.150
2009   37    1972     1.212
2009   38    1971     1.262
2009   39    1970     1.301
2009   40    1969     1.330
2009   41    1968     1.352
2009   42    1967     1.366
2009   43    1966     1.374
2009   44    1965     1.379
2009   45    1964     1.382
2009   46    1963     1.383
2009   47    1962     1.384
2009   48    1961     1.384
2009   49    1960     1.384
2009   50    1959     1.384
2009   51    1958     1.384
2009   52    1957     1.384
2009   53    1956     1.384
2009   54    1955     1.384
2009   55    1954     1.384
2010   12    1998     0.000
2010   13    1997     0.000
2010   14    1996     0.000
2010   15    1995     0.000
2010   16    1994     0.001
2010   17    1993     0.003
2010   18    1992     0.008
2010   19    1991     0.018
2010   20    1990     0.034
2010   21    1989     0.057
2010   22    1988     0.087
2010   23    1987     0.123
2010   24    1986     0.166
2010   25    1985     0.217
2010   26    1984     0.278
2010   27    1983     0.349
2010   28    1982     0.429
2010   29    1981     0.517
2010   30    1980     0.612
2010   31    1979     0.711
2010   32    1978     0.813
2010   33    1977     0.912
2010   34    1976     1.006
2010   35    1975     1.092
2010   36    1974     1.169
2010   37    1973     1.235
2010   38    1972     1.289
2010   39    1971     1.330
2010   40    1970     1.362
2010   41    1969     1.385
2010   42    1968     1.400
2010   43    1967     1.409
2010   44    1966     1.414
2010   45    1965     1.417
2010   46    1964     1.418
2010   47    1963     1.419
2010   48    1962     1.419
2010   49    1961     1.419
2010   50    1960     1.419
2010   51    1959     1.419
2010   52    1958     1.419
2010   53    1957     1.419
2010   54    1956     1.419
2010   55    1955     1.419
2011   12    1999     0.000
2011   13    1998     0.000
2011   14    1997     0.000
2011   15    1996     0.000
2011   16    1995     0.001
2011   17    1994     0.003
2011   18    1993     0.008
2011   19    1992     0.016
2011   20    1991     0.032
2011   21    1990     0.054
2011   22    1989     0.082
2011   23    1988     0.115
2011   24    1987     0.155
2011   25    1986     0.203
2011   26    1985     0.260
2011   27    1984     0.328
2011   28    1983     0.404
2011   29    1982     0.490
2011   30    1981     0.582
2011   31    1980     0.680
2011   32    1979     0.780
2011   33    1978     0.879
2011   34    1977     0.971
2011   35    1976     1.057
2011   36    1975     1.134
2011   37    1974     1.201
2011   38    1973     1.256
2011   39    1972     1.298
2011   40    1971     1.331
2011   41    1970     1.355
2011   42    1969     1.370
2011   43    1968     1.380
2011   44    1967     1.385
2011   45    1966     1.388
2011   46    1965     1.389
2011   47    1964     1.390
2011   48    1963     1.390
2011   49    1962     1.390
2011   50    1961     1.390
2011   51    1960     1.390
2011   52    1959     1.390
2011   53    1958     1.390
2011   54    1957     1.390
2011   55    1956     1.390
2012   12    2000     0.000
2012   13    1999     0.000
2012   14    1998     0.000
2012   15    1997     0.000
2012   16    1996     0.001
2012   17    1995     0.003
2012   18    1994     0.008
2012   19    1993     0.016
2012   20    1992     0.031
2012   21    1991     0.053
2012   22    1990     0.081
2012   23    1989     0.113
2012   24    1988     0.152
2012   25    1987     0.199
2012   26    1986     0.256
2012   27    1985     0.324
2012   28    1984     0.401
2012   29    1983     0.487
2012   30    1982     0.579
2012   31    1981     0.679
2012   32    1980     0.781
2012   33    1979     0.882
2012   34    1978     0.976
2012   35    1977     1.064
2012   36    1976     1.143
2012   37    1975     1.212
2012   38    1974     1.268
2012   39    1973     1.313
2012   40    1972     1.347
2012   41    1971     1.372
2012   42    1970     1.388
2012   43    1969     1.398
2012   44    1968     1.404
2012   45    1967     1.407
2012   46    1966     1.408
2012   47    1965     1.409
2012   48    1964     1.409
2012   49    1963     1.410
2012   50    1962     1.410
2012   51    1961     1.410
2012   52    1960     1.410
2012   53    1959     1.410
2012   54    1958     1.410
2012   55    1957     1.410
2013   12    2001     0.000
2013   13    2000     0.000
2013   14    1999     0.000
2013   15    1998     0.000
2013   16    1997     0.001
2013   17    1996     0.003
2013   18    1995     0.007
2013   19    1994     0.016
2013   20    1993     0.031
2013   21    1992     0.051
2013   22    1991     0.077
2013   23    1990     0.109
2013   24    1989     0.147
2013   25    1988     0.192
2013   26    1987     0.248
2013   27    1986     0.314
2013   28    1985     0.390
2013   29    1984     0.476
2013   30    1983     0.569
2013   31    1982     0.668
2013   32    1981     0.771
2013   33    1980     0.873
2013   34    1979     0.970
2013   35    1978     1.060
2013   36    1977     1.141
2013   37    1976     1.211
2013   38    1975     1.270
2013   39    1974     1.317
2013   40    1973     1.353
2013   41    1972     1.379
2013   42    1971     1.396
2013   43    1970     1.407
2013   44    1969     1.413
2013   45    1968     1.416
2013   46    1967     1.418
2013   47    1966     1.418
2013   48    1965     1.419
2013   49    1964     1.419
2013   50    1963     1.419
2013   51    1962     1.419
2013   52    1961     1.419
2013   53    1960     1.419
2013   54    1959     1.419
2013   55    1958     1.419
2014   12    2002     0.000
2014   13    2001     0.000
2014   14    2000     0.000
2014   15    1999     0.000
2014   16    1998     0.001
2014   17    1997     0.003
2014   18    1996     0.008
2014   19    1995     0.016
2014   20    1994     0.031
2014   21    1993     0.051
2014   22    1992     0.077
2014   23    1991     0.108
2014   24    1990     0.146
2014   25    1989     0.192
2014   26    1988     0.248
2014   27    1987     0.315
2014   28    1986     0.392
2014   29    1985     0.480
2014   30    1984     0.577
2014   31    1983     0.681
2014   32    1982     0.789
2014   33    1981     0.897
2014   34    1980     0.999
2014   35    1979     1.094
2014   36    1978     1.179
2014   37    1977     1.253
2014   38    1976     1.314
2014   39    1975     1.364
2014   40    1974     1.403
2014   41    1973     1.432
2014   42    1972     1.450
2014   43    1971     1.462
2014   44    1970     1.469
2014   45    1969     1.472
2014   46    1968     1.474
2014   47    1967     1.474
2014   48    1966     1.475
2014   49    1965     1.475
2014   50    1964     1.475
2014   51    1963     1.475
2014   52    1962     1.475
2014   53    1961     1.475
2014   54    1960     1.475
2014   55    1959     1.475
2015   12    2003     0.000
2015   13    2002     0.000
2015   14    2001     0.000
2015   15    2000     0.000
2015   16    1999     0.001
2015   17    1998     0.003
2015   18    1997     0.008
2015   19    1996     0.016
2015   20    1995     0.031
2015   21    1994     0.051
2015   22    1993     0.078
2015   23    1992     0.109
2015   24    1991     0.147
2015   25    1990     0.193
2015   26    1989     0.249
2015   27    1988     0.316
2015   28    1987     0.394
2015   29    1986     0.484
2015   30    1985     0.582
2015   31    1984     0.688
2015   32    1983     0.798
2015   33    1982     0.907
2015   34    1981     1.013
2015   35    1980     1.110
2015   36    1979     1.198
2015   37    1978     1.274
2015   38    1977     1.337
2015   39    1976     1.387
2015   40    1975     1.427
2015   41    1974     1.457
2015   42    1973     1.477
2015   43    1972     1.489
2015   44    1971     1.495
2015   45    1970     1.499
2015   46    1969     1.501
2015   47    1968     1.502
2015   48    1967     1.502
2015   49    1966     1.502
2015   50    1965     1.502
2015   51    1964     1.503
2015   52    1963     1.503
2015   53    1962     1.503
2015   54    1961     1.503
2015   55    1960     1.503
2016   12    2004     0.000
2016   13    2003     0.000
2016   14    2002     0.000
2016   15    2001     0.000
2016   16    2000     0.001
2016   17    1999     0.003
2016   18    1998     0.009
2016   19    1997     0.019
2016   20    1996     0.036
2016   21    1995     0.059
2016   22    1994     0.089
2016   23    1993     0.124
2016   24    1992     0.165
2016   25    1991     0.214
2016   26    1990     0.272
2016   27    1989     0.342
2016   28    1988     0.424
2016   29    1987     0.517
2016   30    1986     0.621
2016   31    1985     0.732
2016   32    1984     0.848
2016   33    1983     0.963
2016   34    1982     1.073
2016   35    1981     1.175
2016   36    1980     1.268
2016   37    1979     1.350
2016   38    1978     1.418
2016   39    1977     1.471
2016   40    1976     1.514
2016   41    1975     1.546
2016   42    1974     1.567
2016   43    1973     1.581
2016   44    1972     1.589
2016   45    1971     1.593
2016   46    1970     1.594
2016   47    1969     1.596
2016   48    1968     1.596
2016   49    1967     1.596
2016   50    1966     1.597
2016   51    1965     1.597
2016   52    1964     1.597
2016   53    1963     1.597
2016   54    1962     1.597
2016   55    1961     1.597
2017   12    2005     0.000
2017   13    2004     0.000
2017   14    2003     0.000
2017   15    2002     0.000
2017   16    2001     0.001
2017   17    2000     0.003
2017   18    1999     0.007
2017   19    1998     0.016
2017   20    1997     0.031
2017   21    1996     0.051
2017   22    1995     0.078
2017   23    1994     0.111
2017   24    1993     0.150
2017   25    1992     0.196
2017   26    1991     0.253
2017   27    1990     0.321
2017   28    1989     0.401
2017   29    1988     0.492
2017   30    1987     0.594
2017   31    1986     0.705
2017   32    1985     0.820
2017   33    1984     0.935
2017   34    1983     1.045
2017   35    1982     1.147
2017   36    1981     1.239
2017   37    1980     1.321
2017   38    1979     1.388
2017   39    1978     1.443
2017   40    1977     1.485
2017   41    1976     1.518
2017   42    1975     1.539
2017   43    1974     1.553
2017   44    1973     1.561
2017   45    1972     1.565
2017   46    1971     1.567
2017   47    1970     1.568
2017   48    1969     1.569
2017   49    1968     1.569
2017   50    1967     1.569
2017   51    1966     1.569
2017   52    1965     1.569
2017   53    1964     1.570
2017   54    1963     1.570
2017   55    1962     1.570
