Germany, Period total fertility rates by birth order and period total fertility rates by birth order by age 40
Last modified: 04/02/2019
Year       TFR      TFR1      TFR2      TFR3      TFR4     TFR5p     TFR40   TFR40_1   TFR40_2   TFR40_3   TFR40_4  TFR40_5p
2009     1.385     0.696     0.466     0.153     0.045     0.024     1.342     0.684     0.452     0.145     0.041     0.021
2010     1.420     0.708     0.481     0.160     0.046     0.025     1.374     0.695     0.465     0.150     0.042     0.022
2011     1.391     0.696     0.472     0.154     0.044     0.024     1.344     0.683     0.456     0.145     0.040     0.021
2012     1.410     0.700     0.484     0.156     0.046     0.024     1.361     0.686     0.467     0.146     0.041     0.021
2013     1.420     0.705     0.487     0.158     0.046     0.024     1.367     0.689     0.468     0.147     0.041     0.021
2014     1.476     0.734     0.502     0.165     0.048     0.026     1.418     0.717     0.482     0.154     0.043     0.022
2015     1.503     0.740     0.515     0.170     0.051     0.027     1.443     0.722     0.494     0.159     0.045     0.023
2016     1.597     0.772     0.549     0.186     0.058     0.032     1.531     0.753     0.525     0.173     0.052     0.027
2017     1.570     0.745     0.546     0.188     0.058     0.033     1.503     0.726     0.522     0.174     0.052     0.028
