West Germany, Live births by calendar year, age reached during the year (ARDY) and birth cohort (vertical parallelograms)
Last modified: 04/02/2019
Year  ARDY   Cohort       Total
1956    12-   1944+        0.00
1956    13    1943         8.00
1956    14    1942        28.01
1956    15    1941       209.06
1956    16    1940      1119.30
1956    17    1939      4549.20
1956    18    1938     12151.21
1956    19    1937     22779.01
1956    20    1936     34383.08
1956    21    1935     43870.58
1956    22    1934     50675.38
1956    23    1933     46277.22
1956    24    1932     49646.11
1956    25    1931     52204.79
1956    26    1930     55528.67
1956    27    1929     53363.09
1956    28    1928     52269.80
1956    29    1927     48351.77
1956    30    1926     46643.32
1956    31    1925     44392.73
1956    32    1924     40593.72
1956    33    1923     36545.65
1956    34    1922     33745.91
1956    35    1921     31380.29
1956    36    1920     27278.21
1956    37    1919     18090.78
1956    38    1918     10073.66
1956    39    1917      8142.15
1956    40    1916      7206.90
1956    41    1915      7241.92
1956    42    1914      6702.77
1956    43    1913      4488.18
1956    44    1912      2978.79
1956    45    1911      1547.41
1956    46    1910       871.23
1956    47    1909       342.09
1956    48    1908       156.04
1956    49    1907        51.01
1956    50    1906         0.00
1956    51    1905         0.00
1956    52    1904         0.00
1956    53    1903         0.00
1956    54    1902         0.00
1956    55+   1901-        0.00
1957    12-   1945+        0.00
1957    13    1944         0.00
1957    14    1943        58.01
1957    15    1942       181.02
1957    16    1941      1088.14
1957    17    1940      5341.71
1957    18    1939     13771.84
1957    19    1938     24812.31
1957    20    1937     35768.77
1957    21    1936     45899.12
1957    22    1935     54749.31
1957    23    1934     58516.81
1957    24    1933     51021.80
1957    25    1932     53344.12
1957    26    1931     54634.29
1957    27    1930     56017.47
1957    28    1929     52904.06
1957    29    1928     50623.75
1957    30    1927     45828.11
1957    31    1926     43417.79
1957    32    1925     41078.48
1957    33    1924     37071.94
1957    34    1923     33153.42
1957    35    1922     30504.07
1957    36    1921     27862.72
1957    37    1920     23433.13
1957    38    1919     15469.06
1957    39    1918      8336.11
1957    40    1917      6560.88
1957    41    1916      5391.72
1957    42    1915      5122.68
1957    43    1914      4472.60
1957    44    1913      2795.37
1957    45    1912      1550.21
1957    46    1911       887.12
1957    47    1910       349.05
1957    48    1909       159.02
1957    49    1908        52.00
1957    50    1907         0.00
1957    51    1906         0.00
1957    52    1905         0.00
1957    53    1904         0.00
1957    54    1903         0.00
1957    55+   1902-        0.00
1958    12-   1946+        0.00
1958    13    1945         1.00
1958    14    1944        41.01
1958    15    1943       206.02
1958    16    1942       996.12
1958    17    1941      4699.53
1958    18    1940     14036.58
1958    19    1939     26020.93
1958    20    1938     37287.21
1958    21    1937     46216.21
1958    22    1936     56171.34
1958    23    1935     61881.98
1958    24    1934     63106.12
1958    25    1933     52877.97
1958    26    1932     52964.97
1958    27    1931     53476.03
1958    28    1930     53604.05
1958    29    1929     50114.65
1958    30    1928     46669.26
1958    31    1927     41672.70
1958    32    1926     39528.45
1958    33    1925     36736.14
1958    34    1924     32697.69
1958    35    1923     29007.27
1958    36    1922     26156.95
1958    37    1921     23162.62
1958    38    1920     19291.18
1958    39    1919     12341.39
1958    40    1918      6456.73
1958    41    1917      4708.53
1958    42    1916      3785.43
1958    43    1915      3250.37
1958    44    1914      2528.29
1958    45    1913      1476.17
1958    46    1912       774.08
1958    47    1911       304.04
1958    48    1910       139.02
1958    49    1909        45.01
1958    50    1908        14.74
1958    51    1907         8.23
1958    52    1906         4.72
1958    53    1905         2.58
1958    54    1904         1.33
1958    55+   1903-        0.40
1959    12-   1947+        0.00
1959    13    1946         0.00
1959    14    1945        46.00
1959    15    1944       238.01
1959    16    1943      1131.03
1959    17    1942      4587.13
1959    18    1941     14074.41
1959    19    1940     28659.84
1959    20    1939     42205.24
1959    21    1938     51649.52
1959    22    1937     59200.74
1959    23    1936     65730.93
1959    24    1935     68825.02
1959    25    1934     67100.98
1959    26    1933     54791.61
1959    27    1932     53586.58
1959    28    1931     52112.54
1959    29    1930     51787.52
1959    30    1929     46688.37
1959    31    1928     43520.28
1959    32    1927     38283.13
1959    33    1926     35484.04
1959    34    1925     32995.97
1959    35    1924     28868.85
1959    36    1923     25666.76
1959    37    1922     22950.68
1959    38    1921     20156.60
1959    39    1920     16033.47
1959    40    1919      9897.29
1959    41    1918      5109.15
1959    42    1917      3341.10
1959    43    1916      2533.07
1959    44    1915      1931.06
1959    45    1914      1486.04
1959    46    1913       735.02
1959    47    1912       307.01
1959    48    1911       138.00
1959    49    1910        64.00
1959    50    1909        11.70
1959    51    1908         6.46
1959    52    1907         3.56
1959    53    1906         1.99
1959    54    1905         0.99
1959    55+   1904-        0.30
1960    12-   1948+        0.00
1960    13    1947        14.00
1960    14    1946        57.00
1960    15    1945       220.01
1960    16    1944      1461.07
1960    17    1943      5312.29
1960    18    1942     12182.66
1960    19    1941     27200.47
1960    20    1940     43674.34
1960    21    1939     55247.97
1960    22    1938     62610.36
1960    23    1937     66867.59
1960    24    1936     70771.80
1960    25    1935     71668.85
1960    26    1934     66956.59
1960    27    1933     52712.83
1960    28    1932     50514.72
1960    29    1931     48566.61
1960    30    1930     47214.53
1960    31    1929     42983.31
1960    32    1928     38965.09
1960    33    1927     33646.81
1960    34    1926     30997.67
1960    35    1925     28476.53
1960    36    1924     24865.34
1960    37    1923     21476.15
1960    38    1922     18819.01
1960    39    1921     16024.86
1960    40    1920     12217.66
1960    41    1919      7504.40
1960    42    1918      3452.19
1960    43    1917      2167.11
1960    44    1916      1510.08
1960    45    1915      1046.05
1960    46    1914       722.04
1960    47    1913       307.01
1960    48    1912       133.01
1960    49    1911        37.00
1960    50    1910        10.52
1960    51    1909         6.27
1960    52    1908         3.71
1960    53    1907         2.09
1960    54    1906         1.09
1960    55+   1905-        0.33
1961    12-   1949+        0.00
1961    13    1948        11.00
1961    14    1947        70.01
1961    15    1946       283.03
1961    16    1945      1394.15
1961    17    1944      6297.71
1961    18    1943     14175.61
1961    19    1942     23801.70
1961    20    1941     42711.85
1961    21    1940     59337.74
1961    22    1939     69584.90
1961    23    1938     73597.36
1961    24    1937     73749.38
1961    25    1936     74939.51
1961    26    1935     72851.27
1961    27    1934     66797.58
1961    28    1933     51582.86
1961    29    1932     48343.49
1961    30    1931     45560.18
1961    31    1930     43577.95
1961    32    1929     38883.41
1961    33    1928     34906.97
1961    34    1927     30305.45
1961    35    1926     27443.12
1961    36    1925     25140.86
1961    37    1924     21369.43
1961    38    1923     18027.05
1961    39    1922     15465.76
1961    40    1921     12574.43
1961    41    1920      9392.07
1961    42    1919      5163.59
1961    43    1918      2262.26
1961    44    1917      1263.15
1961    45    1916       841.10
1961    46    1915       501.05
1961    47    1914       284.03
1961    48    1913       119.01
1961    49    1912        47.00
1961    50    1911        13.11
1961    51    1910         7.85
1961    52    1909         4.65
1961    53    1908         2.65
1961    54    1907         1.34
1961    55+   1906-        0.42
1962    12-   1950+        0.00
1962    13    1949         7.00
1962    14    1948        63.01
1962    15    1947       348.05
1962    16    1946      1627.23
1962    17    1945      5257.76
1962    18    1944     14996.17
1962    19    1943     25756.72
1962    20    1942     35590.14
1962    21    1941     54578.88
1962    22    1940     71586.33
1962    23    1939     79130.42
1962    24    1938     78989.40
1962    25    1937     75397.88
1962    26    1936     74732.79
1962    27    1935     69837.08
1962    28    1934     62427.01
1962    29    1933     47173.81
1962    30    1932     43701.31
1962    31    1931     40846.89
1962    32    1930     38189.51
1962    33    1929     33873.89
1962    34    1928     30180.35
1962    35    1927     25708.71
1962    36    1926     23178.34
1962    37    1925     20750.00
1962    38    1924     17146.47
1962    39    1923     14028.03
1962    40    1922     11608.68
1962    41    1921      9129.32
1962    42    1920      6509.94
1962    43    1919      3463.50
1962    44    1918      1306.19
1962    45    1917       714.10
1962    46    1916       364.06
1962    47    1915       202.03
1962    48    1914        97.01
1962    49    1913        38.00
1962    50    1912         7.08
1962    51    1911         4.00
1962    52    1910         2.47
1962    53    1909         1.47
1962    54    1908         0.76
1962    55+   1907-        0.23
1963    12-   1951+        0.00
1963    13    1950         8.00
1963    14    1949        70.00
1963    15    1948       331.01
1963    16    1947      1820.03
1963    17    1946      6625.11
1963    18    1945     13063.21
1963    19    1944     28187.46
1963    20    1943     38866.63
1963    21    1942     46667.75
1963    22    1941     68383.10
1963    23    1940     82038.33
1963    24    1939     86047.39
1963    25    1938     83063.34
1963    26    1937     77300.24
1963    27    1936     73618.19
1963    28    1935     67287.09
1963    29    1934     58995.95
1963    30    1933     44358.71
1963    31    1932     40337.65
1963    32    1931     37291.60
1963    33    1930     34651.55
1963    34    1929     30197.49
1963    35    1928     26634.43
1963    36    1927     22601.37
1963    37    1926     20030.32
1963    38    1925     17384.28
1963    39    1924     14043.23
1963    40    1923     11250.18
1963    41    1922      8963.15
1963    42    1921      6455.11
1963    43    1920      4097.06
1963    44    1919      2081.03
1963    45    1918       758.01
1963    46    1917       322.01
1963    47    1916       165.00
1963    48    1915        81.00
1963    49    1914        36.00
1963    50    1913         4.88
1963    51    1912         2.88
1963    52    1911         1.62
1963    53    1910         0.97
1963    54    1909         0.50
1963    55+   1908-        0.15
1964    12-   1952+        0.00
1964    13    1951        20.00
1964    14    1950        71.00
1964    15    1949       345.00
1964    16    1948      1915.01
1964    17    1947      7379.02
1964    18    1946     16379.04
1964    19    1945     23424.07
1964    20    1944     40804.11
1964    21    1943     49732.14
1964    22    1942     56527.16
1964    23    1941     76544.21
1964    24    1940     87636.25
1964    25    1939     88380.25
1964    26    1938     82509.23
1964    27    1937     74649.21
1964    28    1936     68985.19
1964    29    1935     62533.18
1964    30    1934     54059.15
1964    31    1933     39970.12
1964    32    1932     36162.10
1964    33    1931     33232.09
1964    34    1930     30642.09
1964    35    1929     26306.08
1964    36    1928     23066.06
1964    37    1927     19216.05
1964    38    1926     16750.05
1964    39    1925     13862.03
1964    40    1924     11037.03
1964    41    1923      8409.03
1964    42    1922      6247.02
1964    43    1921      4400.02
1964    44    1920      2503.01
1964    45    1919      1132.00
1964    46    1918       355.00
1964    47    1917       156.00
1964    48    1916        51.00
1964    49    1915        36.00
1964    50    1914         4.93
1964    51    1913         2.84
1964    52    1912         1.69
1964    53    1911         0.92
1964    54    1910         0.48
1964    55+   1909-        0.15
1965    12-   1953+        0.00
1965    13    1952        15.00
1965    14    1951        60.00
1965    15    1950       338.00
1965    16    1949      2080.00
1965    17    1948      7758.00
1965    18    1947     18052.02
1965    19    1946     28770.02
1965    20    1945     32589.03
1965    21    1944     51106.05
1965    22    1943     59140.06
1965    23    1942     61187.06
1965    24    1941     78915.08
1965    25    1940     87090.08
1965    26    1939     85735.08
1965    27    1938     77338.07
1965    28    1937     68436.07
1965    29    1936     61893.06
1965    30    1935     55795.05
1965    31    1934     47003.05
1965    32    1933     34587.03
1965    33    1932     30964.03
1965    34    1931     27921.02
1965    35    1930     25589.02
1965    36    1929     21983.02
1965    37    1928     18747.02
1965    38    1927     15321.01
1965    39    1926     12964.01
1965    40    1925     10714.01
1965    41    1924      8113.01
1965    42    1923      5630.01
1965    43    1922      3910.01
1965    44    1921      2460.00
1965    45    1920      1365.00
1965    46    1919       543.00
1965    47    1918       133.00
1965    48    1917        54.00
1965    49    1916        20.00
1965    50    1915         3.47
1965    51    1914         2.56
1965    52    1913         1.52
1965    53    1912         0.89
1965    54    1911         0.43
1965    55+   1910-        0.13
1966    12-   1954+        0.00
1966    13    1953         9.00
1966    14    1952        49.00
1966    15    1951       346.00
1966    16    1950      2146.00
1966    17    1949      8726.01
1966    18    1948     19740.04
1966    19    1947     32732.07
1966    20    1946     42112.08
1966    21    1945     41265.08
1966    22    1944     60922.11
1966    23    1943     65213.12
1966    24    1942     65369.13
1966    25    1941     80998.15
1966    26    1940     86119.17
1966    27    1939     82146.15
1966    28    1938     72717.14
1966    29    1937     62844.12
1966    30    1936     56444.11
1966    31    1935     49428.10
1966    32    1934     41412.08
1966    33    1933     30424.05
1966    34    1932     26688.05
1966    35    1931     23724.04
1966    36    1930     22052.05
1966    37    1929     18178.03
1966    38    1928     15377.03
1966    39    1927     12072.02
1966    40    1926      9747.02
1966    41    1925      7632.01
1966    42    1924      5509.01
1966    43    1923      3616.01
1966    44    1922      2327.00
1966    45    1921      1361.00
1966    46    1920       608.00
1966    47    1919       213.00
1966    48    1918        54.00
1966    49    1917        17.00
1966    50    1916         2.45
1966    51    1915         1.85
1966    52    1914         1.38
1966    53    1913         0.80
1966    54    1912         0.41
1966    55+   1911-        0.12
1967    12-   1955+        0.00
1967    13    1954        13.00
1967    14    1953        54.00
1967    15    1952       333.00
1967    16    1951      2029.00
1967    17    1950      8480.00
1967    18    1949     20995.00
1967    19    1948     34767.00
1967    20    1947     45368.00
1967    21    1946     50793.00
1967    22    1945     46907.00
1967    23    1944     64053.00
1967    24    1943     65909.00
1967    25    1942     63870.00
1967    26    1941     76748.00
1967    27    1940     79298.00
1967    28    1939     74194.00
1967    29    1938     64421.00
1967    30    1937     54925.00
1967    31    1936     48533.00
1967    32    1935     41842.00
1967    33    1934     35175.00
1967    34    1933     25614.00
1967    35    1932     22390.00
1967    36    1931     20056.00
1967    37    1930     17581.00
1967    38    1929     14493.00
1967    39    1928     11823.00
1967    40    1927      9082.00
1967    41    1926      7002.00
1967    42    1925      4956.00
1967    43    1924      3420.00
1967    44    1923      2102.00
1967    45    1922      1285.00
1967    46    1921       589.00
1967    47    1920       262.00
1967    48    1919        76.00
1967    49    1918        17.00
1967    50    1917         1.50
1967    51    1916         0.94
1967    52    1915         0.71
1967    53    1914         0.51
1967    54    1913         0.26
1967    55+   1912-        0.08
1968    12-   1956+        0.00
1968    13    1955        11.00
1968    14    1954        76.00
1968    15    1953       361.00
1968    16    1952      2101.00
1968    17    1951      8719.03
1968    18    1950     21220.07
1968    19    1949     36447.12
1968    20    1948     47108.15
1968    21    1947     53101.16
1968    22    1946     54200.17
1968    23    1945     46025.14
1968    24    1944     60900.19
1968    25    1943     61606.19
1968    26    1942     59011.18
1968    27    1941     69098.21
1968    28    1940     70176.22
1968    29    1939     64746.20
1968    30    1938     55109.17
1968    31    1937     46278.14
1968    32    1936     40566.13
1968    33    1935     34510.11
1968    34    1934     29297.09
1968    35    1933     21251.07
1968    36    1932     18590.05
1968    37    1931     16141.04
1968    38    1930     14141.04
1968    39    1929     11325.03
1968    40    1928      9011.03
1968    41    1927      6562.02
1968    42    1926      4778.01
1968    43    1925      3268.01
1968    44    1924      2015.01
1968    45    1923      1128.01
1968    46    1922       558.00
1968    47    1921       256.01
1968    48    1920        97.00
1968    49    1919        24.00
1968    50    1918         4.35
1968    51    1917         2.49
1968    52    1916         1.68
1968    53    1915         1.31
1968    54    1914         0.88
1968    55+   1913-        0.27
1969    12-   1957+        0.00
1969    13    1956        20.00
1969    14    1955        63.00
1969    15    1954       385.00
1969    16    1953      2254.00
1969    17    1952      9472.00
1969    18    1951     22030.00
1969    19    1950     36404.00
1969    20    1949     47861.00
1969    21    1948     52204.00
1969    22    1947     53134.00
1969    23    1946     50492.00
1969    24    1945     41521.00
1969    25    1944     55292.00
1969    26    1943     55502.00
1969    27    1942     51417.00
1969    28    1941     59401.00
1969    29    1940     59642.00
1969    30    1939     54410.00
1969    31    1938     45950.00
1969    32    1937     38428.00
1969    33    1936     33627.00
1969    34    1935     28679.00
1969    35    1934     24076.00
1969    36    1933     17272.00
1969    37    1932     14746.00
1969    38    1931     12793.00
1969    39    1930     10821.00
1969    40    1929      8150.00
1969    41    1928      6371.00
1969    42    1927      4339.00
1969    43    1926      2964.00
1969    44    1925      1867.00
1969    45    1924      1018.00
1969    46    1923       491.00
1969    47    1922       223.00
1969    48    1921        88.00
1969    49    1920        36.00
1969    50    1919         6.75
1969    51    1918         2.69
1969    52    1917         1.55
1969    53    1916         1.01
1969    54    1915         0.70
1969    55+   1914-        0.28
1970    12-   1958+        0.00
1970    13    1957        15.00
1970    14    1956        84.00
1970    15    1955       469.00
1970    16    1954      2685.01
1970    17    1953     10034.04
1970    18    1952     21924.08
1970    19    1951     34819.12
1970    20    1950     43878.16
1970    21    1949     49247.18
1970    22    1948     50065.18
1970    23    1947     48565.18
1970    24    1946     44728.16
1970    25    1945     36834.14
1970    26    1944     47819.18
1970    27    1943     46899.17
1970    28    1942     43088.16
1970    29    1941     48829.18
1970    30    1940     48148.17
1970    31    1939     43127.16
1970    32    1938     35889.13
1970    33    1937     29615.11
1970    34    1936     25866.10
1970    35    1935     22257.08
1970    36    1934     18491.07
1970    37    1933     13362.05
1970    38    1932     11340.04
1970    39    1931      9242.04
1970    40    1930      7692.03
1970    41    1929      5731.02
1970    42    1928      4132.02
1970    43    1927      2609.01
1970    44    1926      1574.00
1970    45    1925       905.01
1970    46    1924       482.01
1970    47    1923       214.00
1970    48    1922        95.00
1970    49    1921        32.00
1970    50    1920        10.94
1970    51    1919         5.03
1970    52    1918         2.00
1970    53    1917         1.11
1970    54    1916         0.65
1970    55+   1915-        0.27
1971    12-   1959+        0.00
1971    13    1958        19.00
1971    14    1957       103.00
1971    15    1956       553.00
1971    16    1955      3067.01
1971    17    1954     11196.02
1971    18    1953     22483.05
1971    19    1952     33675.09
1971    20    1951     40857.11
1971    21    1950     47353.12
1971    22    1949     51365.13
1971    23    1948     49968.13
1971    24    1947     47573.12
1971    25    1946     43902.11
1971    26    1945     35683.09
1971    27    1944     44328.12
1971    28    1943     42680.11
1971    29    1942     38129.10
1971    30    1941     42103.11
1971    31    1940     40293.10
1971    32    1939     35181.09
1971    33    1938     29515.07
1971    34    1937     24234.06
1971    35    1936     20945.05
1971    36    1935     17861.05
1971    37    1934     14598.03
1971    38    1933     10308.03
1971    39    1932      8615.02
1971    40    1931      6826.02
1971    41    1930      5604.01
1971    42    1929      3831.01
1971    43    1928      2635.00
1971    44    1927      1478.01
1971    45    1926       834.00
1971    46    1925       423.01
1971    47    1924       181.00
1971    48    1923        74.00
1971    49    1922        29.00
1971    50    1921        10.67
1971    51    1920         6.49
1971    52    1919         2.94
1971    53    1918         1.14
1971    54    1917         0.57
1971    55+   1916-        0.20
1972    12-   1960+        0.00
1972    13    1959        14.00
1972    14    1958       104.00
1972    15    1957       626.01
1972    16    1956      3202.00
1972    17    1955     10722.01
1972    18    1954     20707.03
1972    19    1953     29156.04
1972    20    1952     36192.05
1972    21    1951     40481.06
1972    22    1950     46053.07
1972    23    1949     48229.07
1972    24    1948     46677.06
1972    25    1947     43702.06
1972    26    1946     38923.05
1972    27    1945     31313.04
1972    28    1944     38258.05
1972    29    1943     35996.05
1972    30    1942     31337.05
1972    31    1941     33378.05
1972    32    1940     31663.04
1972    33    1939     27707.04
1972    34    1938     22568.03
1972    35    1937     18386.03
1972    36    1936     15699.03
1972    37    1935     13263.02
1972    38    1934     10504.01
1972    39    1933      7507.01
1972    40    1932      5984.01
1972    41    1931      4599.01
1972    42    1930      3348.00
1972    43    1929      2243.00
1972    44    1928      1280.00
1972    45    1927       719.00
1972    46    1926       367.00
1972    47    1925       181.00
1972    48    1924        67.00
1972    49    1923        38.00
1972    50    1922         9.38
1972    51    1921         5.51
1972    52    1920         3.15
1972    53    1919         1.35
1972    54    1918         0.46
1972    55+   1917-        0.14
1973    12-   1961+        0.00
1973    13    1960        19.00
1973    14    1959       111.00
1973    15    1958       644.00
1973    16    1957      3072.00
1973    17    1956      9531.00
1973    18    1955     17705.00
1973    19    1954     25637.00
1973    20    1953     30868.00
1973    21    1952     36337.00
1973    22    1951     39862.00
1973    23    1950     45079.00
1973    24    1949     45479.00
1973    25    1948     43717.00
1973    26    1947     39995.00
1973    27    1946     34877.00
1973    28    1945     27255.00
1973    29    1944     32282.00
1973    30    1943     29681.00
1973    31    1942     25296.00
1973    32    1941     26224.00
1973    33    1940     24297.00
1973    34    1939     21139.00
1973    35    1938     17335.00
1973    36    1937     13978.00
1973    37    1936     11829.00
1973    38    1935      9445.00
1973    39    1934      7720.00
1973    40    1933      5140.00
1973    41    1932      3928.00
1973    42    1931      2799.00
1973    43    1930      2008.00
1973    44    1929      1175.00
1973    45    1928       619.00
1973    46    1927       294.00
1973    47    1926       149.00
1973    48    1925        56.00
1973    49    1924        29.00
1973    50    1923         9.67
1973    51    1922         5.84
1973    52    1921         3.53
1973    53    1920         2.00
1973    54    1919         0.79
1973    55+   1918-        0.16
1974    12-   1962+        0.00
1974    13    1961         6.00
1974    14    1960        81.00
1974    15    1959       549.00
1974    16    1958      2835.01
1974    17    1957      9000.03
1974    18    1956     16783.05
1974    19    1955     24067.08
1974    20    1954     30241.09
1974    21    1953     35070.11
1974    22    1952     40045.12
1974    23    1951     43304.14
1974    24    1950     47449.15
1974    25    1949     47080.15
1974    26    1948     43713.14
1974    27    1947     38765.12
1974    28    1946     33084.11
1974    29    1945     25053.08
1974    30    1944     28762.09
1974    31    1943     25738.09
1974    32    1942     21387.07
1974    33    1941     21661.07
1974    34    1940     20174.07
1974    35    1939     16756.05
1974    36    1938     13418.04
1974    37    1937     10647.03
1974    38    1936      8667.03
1974    39    1935      6902.02
1974    40    1934      5372.01
1974    41    1933      3434.01
1974    42    1932      2483.01
1974    43    1931      1696.00
1974    44    1930      1067.00
1974    45    1929       545.00
1974    46    1928       306.00
1974    47    1927       121.00
1974    48    1926        63.00
1974    49    1925        20.00
1974    50    1924        11.11
1974    51    1923         7.08
1974    52    1922         4.45
1974    53    1921         2.66
1974    54    1920         1.37
1974    55+   1919-        0.33
1975    12-   1963+        0.00
1975    13    1962        10.00
1975    14    1961        81.00
1975    15    1960       493.00
1975    16    1959      2549.00
1975    17    1958      7389.00
1975    18    1957     14545.00
1975    19    1956     22032.00
1975    20    1955     27733.00
1975    21    1954     32774.00
1975    22    1953     37587.00
1975    23    1952     42009.00
1975    24    1951     43626.00
1975    25    1950     47386.00
1975    26    1949     45828.00
1975    27    1948     40915.00
1975    28    1947     35598.00
1975    29    1946     29279.00
1975    30    1945     22410.00
1975    31    1944     24805.00
1975    32    1943     21349.00
1975    33    1942     17851.00
1975    34    1941     17635.00
1975    35    1940     15819.00
1975    36    1939     13039.00
1975    37    1938     10139.00
1975    38    1937      7666.00
1975    39    1936      6332.00
1975    40    1935      4733.00
1975    41    1934      3470.00
1975    42    1933      2153.00
1975    43    1932      1449.00
1975    44    1931       858.00
1975    45    1930       519.00
1975    46    1929       242.00
1975    47    1928       115.00
1975    48    1927        47.00
1975    49    1926        24.00
1975    50    1925        10.23
1975    51    1924         5.89
1975    52    1923         3.41
1975    53    1922         2.02
1975    54    1921         1.10
1975    55+   1920-        0.35
1976    12-   1964+        0.00
1976    13    1963         8.00
1976    14    1962        84.00
1976    15    1961       435.00
1976    16    1960      2354.00
1976    17    1959      7033.00
1976    18    1958     13458.00
1976    19    1957     21593.00
1976    20    1956     27892.00
1976    21    1955     32725.00
1976    22    1954     37735.00
1976    23    1953     41233.00
1976    24    1952     45220.00
1976    25    1951     45325.00
1976    26    1950     47512.00
1976    27    1949     44586.00
1976    28    1948     38843.00
1976    29    1947     33240.00
1976    30    1946     26680.00
1976    31    1945     19475.00
1976    32    1944     21345.00
1976    33    1943     18235.00
1976    34    1942     14748.00
1976    35    1941     14219.00
1976    36    1940     12501.00
1976    37    1939      9968.00
1976    38    1938      7791.00
1976    39    1937      5914.00
1976    40    1936      4346.00
1976    41    1935      3219.00
1976    42    1934      2170.00
1976    43    1933      1261.00
1976    44    1932       836.00
1976    45    1931       438.00
1976    46    1930       232.00
1976    47    1929       104.00
1976    48    1928        43.00
1976    49    1927        27.00
1976    50    1926        10.23
1976    51    1925         6.10
1976    52    1924         3.40
1976    53    1923         1.90
1976    54    1922         1.01
1976    55+   1921-        0.34
1977    12-   1965+        0.00
1977    13    1964        10.00
1977    14    1963        62.00
1977    15    1962       375.00
1977    16    1961      1984.00
1977    17    1960      6525.00
1977    18    1959     12617.00
1977    19    1958     20051.00
1977    20    1957     26039.00
1977    21    1956     31764.00
1977    22    1955     35712.00
1977    23    1954     39568.00
1977    24    1953     42415.00
1977    25    1952     44923.00
1977    26    1951     44430.00
1977    27    1950     44750.00
1977    28    1949     40693.00
1977    29    1948     35167.00
1977    30    1947     28682.00
1977    31    1946     22610.00
1977    32    1945     16160.00
1977    33    1944     17076.00
1977    34    1943     14523.00
1977    35    1942     11706.00
1977    36    1941     10706.00
1977    37    1940      9473.00
1977    38    1939      7346.00
1977    39    1938      5463.00
1977    40    1937      3933.00
1977    41    1936      2836.00
1977    42    1935      1923.00
1977    43    1934      1306.00
1977    44    1933       700.00
1977    45    1932       409.00
1977    46    1931       196.00
1977    47    1930       119.00
1977    48    1929        45.00
1977    49    1928        20.00
1977    50    1927        11.15
1977    51    1926         7.30
1977    52    1925         4.47
1977    53    1924         2.44
1977    54    1923         1.23
1977    55+   1922-        0.40
1978    12-   1966+        0.00
1978    13    1965         9.00
1978    14    1964        39.00
1978    15    1963       362.00
1978    16    1962      1764.00
1978    17    1961      5651.00
1978    18    1960     12408.00
1978    19    1959     19553.00
1978    20    1958     25183.00
1978    21    1957     30262.00
1978    22    1956     35356.00
1978    23    1955     38973.00
1978    24    1954     42161.00
1978    25    1953     43603.00
1978    26    1952     45250.00
1978    27    1951     42538.00
1978    28    1950     41720.00
1978    29    1949     37565.00
1978    30    1948     31373.00
1978    31    1947     24740.00
1978    32    1946     18945.00
1978    33    1945     13666.00
1978    34    1944     13942.00
1978    35    1943     11611.00
1978    36    1942      8999.00
1978    37    1941      8208.00
1978    38    1940      6967.00
1978    39    1939      5243.00
1978    40    1938      3730.00
1978    41    1937      2441.00
1978    42    1936      1740.00
1978    43    1935      1151.00
1978    44    1934       634.00
1978    45    1933       351.00
1978    46    1932       185.00
1978    47    1931        84.00
1978    48    1930        34.00
1978    49    1929        11.00
1978    50    1928         6.37
1978    51    1927         4.08
1978    52    1926         2.69
1978    53    1925         1.68
1978    54    1924         0.88
1978    55+   1923-        0.28
1979    12-   1967+        0.00
1979    13    1966        13.00
1979    14    1965        58.00
1979    15    1964       401.00
1979    16    1963      1733.00
1979    17    1962      5672.00
1979    18    1961     11004.00
1979    19    1960     19257.00
1979    20    1959     25331.00
1979    21    1958     29784.00
1979    22    1957     34665.00
1979    23    1956     39290.00
1979    24    1955     41647.00
1979    25    1954     44790.00
1979    26    1953     44491.00
1979    27    1952     44157.00
1979    28    1951     40998.00
1979    29    1950     38876.00
1979    30    1949     34115.00
1979    31    1948     27539.00
1979    32    1947     21348.00
1979    33    1946     16006.00
1979    34    1945     11409.00
1979    35    1944     11584.00
1979    36    1943      9195.00
1979    37    1942      7086.00
1979    38    1941      6271.00
1979    39    1940      5258.00
1979    40    1939      3711.00
1979    41    1938      2537.00
1979    42    1937      1530.00
1979    43    1936       979.00
1979    44    1935       586.00
1979    45    1934       313.00
1979    46    1933       159.00
1979    47    1932        75.00
1979    48    1931        50.00
1979    49    1930        36.00
1979    50    1929        14.03
1979    51    1928         7.93
1979    52    1927         4.19
1979    53    1926         2.32
1979    54    1925         1.18
1979    55+   1924-        0.35
1980    12-   1968+        0.00
1980    13    1967        14.00
1980    14    1966        62.00
1980    15    1965       372.00
1980    16    1964      1864.00
1980    17    1963      5540.00
1980    18    1962     11294.00
1980    19    1961     19454.00
1980    20    1960     27190.00
1980    21    1959     32792.00
1980    22    1958     36944.00
1980    23    1957     41622.00
1980    24    1956     45491.00
1980    25    1955     46910.00
1980    26    1954     48334.00
1980    27    1953     45879.00
1980    28    1952     44453.00
1980    29    1951     39335.00
1980    30    1950     36710.00
1980    31    1949     30797.00
1980    32    1948     24554.00
1980    33    1947     18647.00
1980    34    1946     13897.00
1980    35    1945      9941.00
1980    36    1944      9825.00
1980    37    1943      7721.00
1980    38    1942      5806.00
1980    39    1941      4808.00
1980    40    1940      3882.00
1980    41    1939      2554.00
1980    42    1938      1678.00
1980    43    1937      1010.00
1980    44    1936       587.00
1980    45    1935       332.00
1980    46    1934       168.00
1980    47    1933        85.00
1980    48    1932        31.00
1980    49    1931        25.00
1980    50    1930        20.91
1980    51    1929        13.82
1980    52    1928         7.90
1980    53    1927         3.91
1980    54    1926         1.87
1980    55+   1925-        0.58
1981    12-   1969+        0.00
1981    13    1968        18.00
1981    14    1967        39.01
1981    15    1966       293.00
1981    16    1965      1587.00
1981    17    1964      4942.01
1981    18    1963     10528.04
1981    19    1962     18369.05
1981    20    1961     25760.08
1981    21    1960     32810.11
1981    22    1959     38257.13
1981    23    1958     41614.13
1981    24    1957     45388.14
1981    25    1956     48094.15
1981    26    1955     47753.16
1981    27    1954     46697.15
1981    28    1953     43512.14
1981    29    1952     41064.13
1981    30    1951     35533.11
1981    31    1950     31973.10
1981    32    1949     26762.09
1981    33    1948     20551.07
1981    34    1947     15528.05
1981    35    1946     11562.03
1981    36    1945      7915.03
1981    37    1944      7644.03
1981    38    1943      5837.01
1981    39    1942      4209.01
1981    40    1941      3592.01
1981    41    1940      2682.00
1981    42    1939      1724.00
1981    43    1938      1049.00
1981    44    1937       544.01
1981    45    1936       346.00
1981    46    1935       186.00
1981    47    1934        72.00
1981    48    1933        51.00
1981    49    1932        31.00
1981    50    1931        17.24
1981    51    1930        10.95
1981    52    1929         5.86
1981    53    1928         3.08
1981    54    1927         1.43
1981    55+   1926-        0.45
1982    12-   1970+        0.00
1982    13    1969        13.00
1982    14    1968        42.00
1982    15    1967       295.00
1982    16    1966      1378.00
1982    17    1965      4165.00
1982    18    1964      9608.00
1982    19    1963     16631.00
1982    20    1962     24007.00
1982    21    1961     31129.00
1982    22    1960     37893.00
1982    23    1959     42291.00
1982    24    1958     45595.00
1982    25    1957     48317.00
1982    26    1956     48828.00
1982    27    1955     46619.00
1982    28    1954     44664.00
1982    29    1953     40143.00
1982    30    1952     36872.00
1982    31    1951     30652.00
1982    32    1950     27003.00
1982    33    1949     21563.00
1982    34    1948     16516.00
1982    35    1947     12573.00
1982    36    1946      8865.00
1982    37    1945      6069.00
1982    38    1944      5774.00
1982    39    1943      4295.00
1982    40    1942      3048.00
1982    41    1941      2310.00
1982    42    1940      1721.00
1982    43    1939      1036.00
1982    44    1938       597.00
1982    45    1937       319.00
1982    46    1936       144.00
1982    47    1935        80.00
1982    48    1934        41.00
1982    49    1933        33.00
1982    50    1932        19.59
1982    51    1931        12.02
1982    52    1930         6.91
1982    53    1929         3.41
1982    54    1928         1.61
1982    55+   1927-        0.47
1983    12-   1971+        0.00
1983    13    1970         3.00
1983    14    1969        45.00
1983    15    1968       258.00
1983    16    1967      1060.00
1983    17    1966      3373.02
1983    18    1965      7413.03
1983    19    1964     14155.04
1983    20    1963     21116.07
1983    21    1962     27599.09
1983    22    1961     34637.11
1983    23    1960     40934.14
1983    24    1959     44859.16
1983    25    1958     46915.16
1983    26    1957     47897.16
1983    27    1956     46154.16
1983    28    1955     42799.14
1983    29    1954     39483.13
1983    30    1953     34909.12
1983    31    1952     30521.11
1983    32    1951     25025.08
1983    33    1950     21613.08
1983    34    1949     17094.06
1983    35    1948     13046.05
1983    36    1947      9466.03
1983    37    1946      6759.03
1983    38    1945      4437.01
1983    39    1944      4003.02
1983    40    1943      2926.01
1983    41    1942      1978.01
1983    42    1941      1506.01
1983    43    1940      1001.00
1983    44    1939       559.00
1983    45    1938       311.00
1983    46    1937       146.00
1983    47    1936        79.00
1983    48    1935        36.00
1983    49    1934        18.00
1983    50    1933        15.75
1983    51    1932        12.26
1983    52    1931         7.48
1983    53    1930         4.12
1983    54    1929         1.84
1983    55+   1928-        0.55
1984    12-   1972+        0.00
1984    13    1971         9.00
1984    14    1970        42.00
1984    15    1969       239.00
1984    16    1968       984.01
1984    17    1967      2858.01
1984    18    1966      6287.03
1984    19    1965     12174.06
1984    20    1964     18876.09
1984    21    1963     24856.13
1984    22    1962     31277.16
1984    23    1961     38136.19
1984    24    1960     43832.22
1984    25    1959     47608.25
1984    26    1958     47962.24
1984    27    1957     47048.24
1984    28    1956     44059.23
1984    29    1955     39571.21
1984    30    1954     35580.18
1984    31    1953     30717.15
1984    32    1952     25833.13
1984    33    1951     20756.11
1984    34    1950     17612.09
1984    35    1949     14012.07
1984    36    1948     10352.05
1984    37    1947      7353.04
1984    38    1946      4946.03
1984    39    1945      3200.02
1984    40    1944      2808.01
1984    41    1943      2002.01
1984    42    1942      1196.00
1984    43    1941       863.00
1984    44    1940       527.01
1984    45    1939       290.01
1984    46    1938       143.00
1984    47    1937        76.00
1984    48    1936        26.00
1984    49    1935        21.00
1984    50    1934        10.84
1984    51    1933         5.59
1984    52    1932         3.33
1984    53    1931         1.91
1984    54    1930         1.03
1984    55+   1929-        0.31
1985    12-   1973+        0.00
1985    13    1972         9.00
1985    14    1971        44.00
1985    15    1970       230.00
1985    16    1969       933.00
1985    17    1968      2647.00
1985    18    1967      5801.01
1985    19    1966     10953.02
1985    20    1965     16744.03
1985    21    1964     23184.04
1985    22    1963     29645.05
1985    23    1962     36309.06
1985    24    1961     43046.08
1985    25    1960     47823.08
1985    26    1959     49526.08
1985    27    1958     47944.08
1985    28    1957     45252.07
1985    29    1956     41471.07
1985    30    1955     36451.06
1985    31    1954     31968.06
1985    32    1953     26245.05
1985    33    1952     21992.04
1985    34    1951     17472.03
1985    35    1950     14818.02
1985    36    1949     11199.02
1985    37    1948      7978.02
1985    38    1947      5465.01
1985    39    1946      3642.01
1985    40    1945      2284.01
1985    41    1944      1949.01
1985    42    1943      1304.00
1985    43    1942       747.00
1985    44    1941       494.00
1985    45    1940       297.00
1985    46    1939       141.00
1985    47    1938        65.00
1985    48    1937        29.00
1985    49    1936        17.00
1985    50    1935        15.20
1985    51    1934        10.79
1985    52    1933         5.33
1985    53    1932         2.86
1985    54    1931         1.38
1985    55+   1930-        0.44
1986    12-   1974+        0.00
1986    13    1973        11.00
1986    14    1972        45.00
1986    15    1971       213.00
1986    16    1970       874.00
1986    17    1969      2647.01
1986    18    1968      5562.03
1986    19    1967     10177.06
1986    20    1966     16411.11
1986    21    1965     22346.14
1986    22    1964     30077.19
1986    23    1963     37409.24
1986    24    1962     43719.28
1986    25    1961     51255.33
1986    26    1960     53738.34
1986    27    1959     53297.34
1986    28    1958     49949.32
1986    29    1957     45635.29
1986    30    1956     40835.26
1986    31    1955     34551.22
1986    32    1954     29516.19
1986    33    1953     23646.16
1986    34    1952     19229.13
1986    35    1951     15266.10
1986    36    1950     12229.08
1986    37    1949      9251.06
1986    38    1948      6344.05
1986    39    1947      4291.03
1986    40    1946      2805.02
1986    41    1945      1570.01
1986    42    1944      1352.01
1986    43    1943       739.01
1986    44    1942       443.00
1986    45    1941       236.00
1986    46    1940       147.00
1986    47    1939        65.00
1986    48    1938        30.00
1986    49    1937        25.00
1986    50    1936        11.14
1986    51    1935         6.58
1986    52    1934         3.57
1986    53    1933         1.62
1986    54    1932         0.83
1986    55+   1931-        0.27
1987    12-   1975+        0.00
1987    13    1974         5.00
1987    14    1973        39.00
1987    15    1972       198.00
1987    16    1971       918.01
1987    17    1970      2615.01
1987    18    1969      5644.02
1987    19    1968     10185.03
1987    20    1967     15577.05
1987    21    1966     21935.07
1987    22    1965     28505.09
1987    23    1964     36591.12
1987    24    1963     43935.13
1987    25    1962     49941.16
1987    26    1961     54407.17
1987    27    1960     55284.17
1987    28    1959     53064.16
1987    29    1958     47785.15
1987    30    1957     42737.13
1987    31    1956     36982.12
1987    32    1955     30656.09
1987    33    1954     25407.08
1987    34    1953     20475.06
1987    35    1952     16541.06
1987    36    1951     12581.04
1987    37    1950      9953.03
1987    38    1949      7131.02
1987    39    1948      4840.02
1987    40    1947      3187.01
1987    41    1946      2008.00
1987    42    1945      1110.01
1987    43    1944       806.01
1987    44    1943       417.00
1987    45    1942       238.00
1987    46    1941       143.00
1987    47    1940        83.00
1987    48    1939        34.00
1987    49    1938        18.00
1987    50    1937        13.35
1987    51    1936         9.54
1987    52    1935         5.67
1987    53    1934         2.92
1987    54    1933         1.16
1987    55+   1932-        0.36
1988    12-   1976+        0.00
1988    13    1975         8.00
1988    14    1974        52.00
1988    15    1973       240.00
1988    16    1972       951.00
1988    17    1971      2748.00
1988    18    1970      5737.00
1988    19    1969     10577.00
1988    20    1968     15782.00
1988    21    1967     21078.00
1988    22    1966     28550.00
1988    23    1965     35716.00
1988    24    1964     44924.00
1988    25    1963     52394.00
1988    26    1962     57031.00
1988    27    1961     58622.00
1988    28    1960     56881.00
1988    29    1959     52241.00
1988    30    1958     46596.00
1988    31    1957     40302.00
1988    32    1956     34064.00
1988    33    1955     27133.00
1988    34    1954     22170.00
1988    35    1953     17573.00
1988    36    1952     13671.00
1988    37    1951     10035.00
1988    38    1950      7890.00
1988    39    1949      5535.00
1988    40    1948      3602.00
1988    41    1947      2173.00
1988    42    1946      1327.00
1988    43    1945       678.00
1988    44    1944       452.00
1988    45    1943       247.00
1988    46    1942       121.00
1988    47    1941        57.00
1988    48    1940        38.00
1988    49    1939        24.00
1988    50    1938        16.59
1988    51    1937        10.86
1988    52    1936         6.35
1988    53    1935         3.32
1988    54    1934         1.50
1988    55+   1933-        0.38
1989    12-   1977+        0.00
1989    13    1976         9.00
1989    14    1975        46.00
1989    15    1974       252.00
1989    16    1973      1020.00
1989    17    1972      2675.00
1989    18    1971      5666.00
1989    19    1970     10618.00
1989    20    1969     15919.00
1989    21    1968     21020.00
1989    22    1967     26369.00
1989    23    1966     34412.00
1989    24    1965     42416.00
1989    25    1964     51012.00
1989    26    1963     57433.00
1989    27    1962     57894.00
1989    28    1961     57661.00
1989    29    1960     54264.00
1989    30    1959     48580.00
1989    31    1958     41354.00
1989    32    1957     34738.00
1989    33    1956     29034.00
1989    34    1955     22657.00
1989    35    1954     18207.00
1989    36    1953     14193.00
1989    37    1952     10991.00
1989    38    1951      7875.00
1989    39    1950      5595.00
1989    40    1949      4023.00
1989    41    1948      2471.00
1989    42    1947      1391.00
1989    43    1946       794.00
1989    44    1945       404.00
1989    45    1944       253.00
1989    46    1943       115.00
1989    47    1942        52.00
1989    48    1941        45.00
1989    49    1940        29.00
1989    50    1939        21.82
1989    51    1938        14.24
1989    52    1937         7.73
1989    53    1936         3.94
1989    54    1935         1.78
1989    55+   1934-        0.50
1990    12-   1978+        0.00
1990    13    1977         1.63
1990    14    1976        93.77
1990    15    1975       214.00
1990    16    1974       939.00
1990    17    1973      2456.00
1990    18    1972      5599.00
1990    19    1971     10435.00
1990    20    1970     15493.00
1990    21    1969     21102.00
1990    22    1968     26583.00
1990    23    1967     32996.00
1990    24    1966     42012.00
1990    25    1965     50298.00
1990    26    1964     58097.00
1990    27    1963     61018.00
1990    28    1962     60296.00
1990    29    1961     57721.00
1990    30    1960     52120.00
1990    31    1959     45118.00
1990    32    1958     37375.00
1990    33    1957     30937.00
1990    34    1956     24744.00
1990    35    1955     19543.00
1990    36    1954     14898.00
1990    37    1953     10736.00
1990    38    1952      8297.00
1990    39    1951      5650.00
1990    40    1950      4268.00
1990    41    1949      2658.00
1990    42    1948      1561.00
1990    43    1947       846.00
1990    44    1946       454.00
1990    45    1945       219.00
1990    46    1944       122.00
1990    47    1943        64.00
1990    48    1942        47.00
1990    49    1941        26.00
1990    50    1940         5.23
1990    51    1939         3.05
1990    52    1938         1.72
1990    53    1937         0.95
1990    54    1936         0.48
1990    55+   1935-        0.15
1991    12-   1979+        0.00
1991    13    1978         2.43
1991    14    1977       136.22
1991    15    1976       226.00
1991    16    1975       928.00
1991    17    1974      2534.00
1991    18    1973      5589.00
1991    19    1972     10180.00
1991    20    1971     15635.00
1991    21    1970     20341.00
1991    22    1969     25825.00
1991    23    1968     31612.00
1991    24    1967     38348.00
1991    25    1966     47181.00
1991    26    1965     54674.00
1991    27    1964     60241.00
1991    28    1963     60987.00
1991    29    1962     57206.00
1991    30    1961     53713.00
1991    31    1960     46583.00
1991    32    1959     39139.00
1991    33    1958     31663.00
1991    34    1957     25568.00
1991    35    1956     20269.00
1991    36    1955     15326.00
1991    37    1954     11789.00
1991    38    1953      8258.00
1991    39    1952      6031.00
1991    40    1951      4049.00
1991    41    1950      2879.00
1991    42    1949      1667.00
1991    43    1948       941.00
1991    44    1947       458.00
1991    45    1946       207.00
1991    46    1945        90.00
1991    47    1944        52.00
1991    48    1943        32.00
1991    49    1942        25.00
1991    50    1941         6.74
1991    51    1940         4.12
1991    52    1939         2.37
1991    53    1938         1.28
1991    54    1937         0.63
1991    55+   1936-        0.19
1992    12-   1980+        0.00
1992    13    1979         2.36
1992    14    1978       130.36
1992    15    1977       243.00
1992    16    1976      1009.00
1992    17    1975      2545.00
1992    18    1974      5564.00
1992    19    1973      9896.00
1992    20    1972     14912.00
1992    21    1971     19895.00
1992    22    1970     24641.00
1992    23    1969     30467.00
1992    24    1968     36773.00
1992    25    1967     44108.00
1992    26    1966     52406.00
1992    27    1965     57394.00
1992    28    1964     60679.00
1992    29    1963     58789.00
1992    30    1962     54040.00
1992    31    1961     48513.00
1992    32    1960     41424.00
1992    33    1959     33104.00
1992    34    1958     26816.00
1992    35    1957     21154.00
1992    36    1956     16372.00
1992    37    1955     11938.00
1992    38    1954      8858.00
1992    39    1953      6159.00
1992    40    1952      4478.00
1992    41    1951      2772.00
1992    42    1950      1833.00
1992    43    1949      1026.00
1992    44    1948       520.00
1992    45    1947       234.00
1992    46    1946       104.00
1992    47    1945        52.00
1992    48    1944        29.00
1992    49    1943        17.00
1992    50    1942         3.53
1992    51    1941         2.55
1992    52    1940         1.65
1992    53    1939         0.96
1992    54    1938         0.48
1992    55+   1937-        0.14
1993    12-   1981+        0.00
1993    13    1980         1.54
1993    14    1979        87.16
1993    15    1978       255.00
1993    16    1977       863.00
1993    17    1976      2356.00
1993    18    1975      5053.00
1993    19    1974      9290.00
1993    20    1973     13772.00
1993    21    1972     18288.00
1993    22    1971     22999.00
1993    23    1970     27942.00
1993    24    1969     34818.00
1993    25    1968     42613.00
1993    26    1967     49636.00
1993    27    1966     56608.00
1993    28    1965     59699.00
1993    29    1964     59786.00
1993    30    1963     57717.00
1993    31    1962     50116.00
1993    32    1961     42667.00
1993    33    1960     35507.00
1993    34    1959     28430.00
1993    35    1958     22053.00
1993    36    1957     17008.00
1993    37    1956     12741.00
1993    38    1955      8919.00
1993    39    1954      6444.00
1993    40    1953      4359.00
1993    41    1952      2831.00
1993    42    1951      1719.00
1993    43    1950      1104.00
1993    44    1949       532.00
1993    45    1948       288.00
1993    46    1947       109.00
1993    47    1946        58.00
1993    48    1945        16.00
1993    49    1944        21.00
1993    50    1943         3.07
1993    51    1942         1.73
1993    52    1941         1.23
1993    53    1940         0.77
1993    54    1939         0.39
1993    55+   1938-        0.11
1994    12-   1982+        0.00
1994    13    1981         1.25
1994    14    1980        75.92
1994    15    1979       261.00
1994    16    1978       880.00
1994    17    1977      2201.00
1994    18    1976      4622.00
1994    19    1975      8292.00
1994    20    1974     12679.00
1994    21    1973     16575.00
1994    22    1972     20784.00
1994    23    1971     25950.00
1994    24    1970     30908.00
1994    25    1969     38194.00
1994    26    1968     45239.00
1994    27    1967     51404.00
1994    28    1966     56503.00
1994    29    1965     57927.00
1994    30    1964     56927.00
1994    31    1963     50742.00
1994    32    1962     43180.00
1994    33    1961     36492.00
1994    34    1960     29385.00
1994    35    1959     22956.00
1994    36    1958     17366.00
1994    37    1957     13052.00
1994    38    1956      9406.00
1994    39    1955      6642.00
1994    40    1954      4547.00
1994    41    1953      2876.00
1994    42    1952      1823.00
1994    43    1951      1007.00
1994    44    1950       605.00
1994    45    1949       269.00
1994    46    1948       141.00
1994    47    1947        41.00
1994    48    1946        18.00
1994    49    1945        13.00
1994    50    1944         1.68
1994    51    1943         0.97
1994    52    1942         0.55
1994    53    1941         0.38
1994    54    1940         0.20
1994    55+   1939-        0.06
1995    12-   1983+        0.00
1995    13    1982         1.38
1995    14    1981        77.33
1995    15    1980       215.00
1995    16    1979       845.00
1995    17    1978      2115.00
1995    18    1977      4315.00
1995    19    1976      7963.00
1995    20    1975     11691.00
1995    21    1974     15672.00
1995    22    1973     19167.00
1995    23    1972     23336.00
1995    24    1971     28678.00
1995    25    1970     34652.00
1995    26    1969     42410.00
1995    27    1968     48666.00
1995    28    1967     54063.00
1995    29    1966     57320.00
1995    30    1965     55951.00
1995    31    1964     52283.00
1995    32    1963     45856.00
1995    33    1962     38008.00
1995    34    1961     31300.00
1995    35    1960     24952.00
1995    36    1959     18880.00
1995    37    1958     13546.00
1995    38    1957     10108.00
1995    39    1956      7149.00
1995    40    1955      4664.00
1995    41    1954      3042.00
1995    42    1953      1809.00
1995    43    1952      1061.00
1995    44    1951       533.00
1995    45    1950       315.00
1995    46    1949       117.00
1995    47    1948        51.00
1995    48    1947        17.00
1995    49    1946         9.00
1995    50    1945         1.23
1995    51    1944         0.94
1995    52    1943         0.55
1995    53    1942         0.31
1995    54    1941         0.19
1995    55+   1940-        0.07
1996    12-   1984+        0.00
1996    13    1983         1.30
1996    14    1982        77.18
1996    15    1981       243.00
1996    16    1980       893.00
1996    17    1979      2206.00
1996    18    1978      4452.00
1996    19    1977      8059.00
1996    20    1976     12121.00
1996    21    1975     15810.00
1996    22    1974     19785.00
1996    23    1973     23161.00
1996    24    1972     27815.00
1996    25    1971     34191.00
1996    26    1970     40799.00
1996    27    1969     47807.00
1996    28    1968     53743.00
1996    29    1967     57429.00
1996    30    1966     58441.00
1996    31    1965     54796.00
1996    32    1964     49430.00
1996    33    1963     41776.00
1996    34    1962     33480.00
1996    35    1961     27064.00
1996    36    1960     21107.00
1996    37    1959     15339.00
1996    38    1958     10948.00
1996    39    1957      7737.00
1996    40    1956      5300.00
1996    41    1955      3247.00
1996    42    1954      2004.00
1996    43    1953      1088.00
1996    44    1952       612.00
1996    45    1951       265.00
1996    46    1950       136.00
1996    47    1949        58.00
1996    48    1948        18.00
1996    49    1947        14.00
1996    50    1946         2.00
1996    51    1945         0.99
1996    52    1944         0.77
1996    53    1943         0.44
1996    54    1942         0.22
1996    55+   1941-        0.08
1997    12-   1985+        0.00
1997    13    1984         1.41
1997    14    1983        79.22
1997    15    1982       239.00
1997    16    1981       835.00
1997    17    1980      2267.00
1997    18    1979      4575.00
1997    19    1978      8018.00
1997    20    1977     11830.00
1997    21    1976     15600.00
1997    22    1975     19431.00
1997    23    1974     22833.00
1997    24    1973     26417.00
1997    25    1972     32091.00
1997    26    1971     38804.00
1997    27    1970     44962.00
1997    28    1969     52047.00
1997    29    1968     56499.00
1997    30    1967     58638.00
1997    31    1966     57194.00
1997    32    1965     51451.00
1997    33    1964     44397.00
1997    34    1963     36926.00
1997    35    1962     29674.00
1997    36    1961     23209.00
1997    37    1960     17371.00
1997    38    1959     12382.00
1997    39    1958      8656.00
1997    40    1957      5814.00
1997    41    1956      3781.00
1997    42    1955      2231.00
1997    43    1954      1274.00
1997    44    1953       601.00
1997    45    1952       317.00
1997    46    1951       131.00
1997    47    1950        88.00
1997    48    1949        34.00
1997    49    1948        10.00
1997    50    1947         1.57
1997    51    1946         0.84
1997    52    1945         0.42
1997    53    1944         0.33
1997    54    1943         0.17
1997    55+   1942-        0.05
1998    12-   1986+        0.00
1998    13    1985         1.43
1998    14    1984        78.73
1998    15    1983       232.00
1998    16    1982       836.00
1998    17    1981      2215.00
1998    18    1980      4754.00
1998    19    1979      8111.00
1998    20    1978     11883.00
1998    21    1977     15330.00
1998    22    1976     18777.00
1998    23    1975     21955.00
1998    24    1974     25185.00
1998    25    1973     29052.00
1998    26    1972     34426.00
1998    27    1971     40771.00
1998    28    1970     45706.00
1998    29    1969     51966.00
1998    30    1968     54782.00
1998    31    1967     53824.00
1998    32    1966     50568.00
1998    33    1965     44177.00
1998    34    1964     37593.00
1998    35    1963     30885.00
1998    36    1962     23856.00
1998    37    1961     18007.00
1998    38    1960     13005.00
1998    39    1959      8996.00
1998    40    1958      6085.00
1998    41    1957      3869.00
1998    42    1956      2279.00
1998    43    1955      1266.00
1998    44    1954       671.00
1998    45    1953       330.00
1998    46    1952       124.00
1998    47    1951        59.00
1998    48    1950        46.00
1998    49    1949        14.00
1998    50    1948         2.25
1998    51    1947         1.25
1998    52    1946         0.68
1998    53    1945         0.34
1998    54    1944         0.23
1998    55+   1943-        0.07
1999    12-   1987+        0.00
1999    13    1986         1.27
1999    14    1985        67.62
1999    15    1984       223.00
1999    16    1983       844.00
1999    17    1982      2198.00
1999    18    1981      4687.00
1999    19    1980      8332.00
1999    20    1979     11789.00
1999    21    1978     14920.00
1999    22    1977     18516.00
1999    23    1976     21563.00
1999    24    1975     24218.00
1999    25    1974     28332.00
1999    26    1973     31711.00
1999    27    1972     36623.00
1999    28    1971     42878.00
1999    29    1970     46969.00
1999    30    1969     51101.00
1999    31    1968     51960.00
1999    32    1967     49622.00
1999    33    1966     44465.00
1999    34    1965     38157.00
1999    35    1964     31875.00
1999    36    1963     25260.00
1999    37    1962     18505.00
1999    38    1961     13494.00
1999    39    1960      9811.00
1999    40    1959      6558.00
1999    41    1958      4015.00
1999    42    1957      2584.00
1999    43    1956      1386.00
1999    44    1955       670.00
1999    45    1954       289.00
1999    46    1953       144.00
1999    47    1952        47.00
1999    48    1951        41.00
1999    49    1950        23.00
1999    50    1949         3.37
1999    51    1948         1.84
1999    52    1947         1.03
1999    53    1946         0.54
1999    54    1945         0.24
1999    55+   1944-        0.09
2000    12-   1988+        0.00
2000    13    1987         0.50
2000    14    1986        30.50
2000    15    1985       254.00
2000    16    1984       838.00
2000    17    1983      2267.00
2000    18    1982      4658.00
2000    19    1981      8632.00
2000    20    1980     12525.00
2000    21    1979     15421.00
2000    22    1978     18407.00
2000    23    1977     21564.00
2000    24    1976     24352.00
2000    25    1975     27606.00
2000    26    1974     31399.00
2000    27    1973     34126.00
2000    28    1972     39306.00
2000    29    1971     44415.00
2000    30    1970     47110.00
2000    31    1969     49274.00
2000    32    1968     48595.00
2000    33    1967     44531.00
2000    34    1966     39539.00
2000    35    1965     32366.00
2000    36    1964     26351.00
2000    37    1963     19939.00
2000    38    1962     14640.00
2000    39    1961     10649.00
2000    40    1960      7309.00
2000    41    1959      4516.00
2000    42    1958      2570.00
2000    43    1957      1559.00
2000    44    1956       756.00
2000    45    1955       333.00
2000    46    1954       160.00
2000    47    1953        43.00
2000    48    1952        27.00
2000    49    1951        14.00
2000    50    1950        11.00
2000    51    1949         4.31
2000    52    1948         2.46
2000    53    1947         1.38
2000    54    1946         0.67
2000    55+   1945-        0.18
2001    12-   1989+        0.00
2001    13    1988         0.92
2001    14    1987        56.09
2001    15    1986       302.00
2001    16    1985       951.00
2001    17    1984      2380.00
2001    18    1983      4517.00
2001    19    1982      8481.00
2001    20    1981     12328.00
2001    21    1980     15769.00
2001    22    1979     18299.00
2001    23    1978     20922.00
2001    24    1977     23604.00
2001    25    1976     26832.00
2001    26    1975     29249.00
2001    27    1974     32435.00
2001    28    1973     34731.00
2001    29    1972     39417.00
2001    30    1971     43543.00
2001    31    1970     44160.00
2001    32    1969     45006.00
2001    33    1968     42579.00
2001    34    1967     38294.00
2001    35    1966     32800.00
2001    36    1965     26559.00
2001    37    1964     20648.00
2001    38    1963     15405.00
2001    39    1962     10624.00
2001    40    1961      7453.00
2001    41    1960      4752.00
2001    42    1959      2722.00
2001    43    1958      1545.00
2001    44    1957       756.00
2001    45    1956       392.00
2001    46    1955       172.00
2001    47    1954        74.00
2001    48    1953        16.00
2001    49    1952         9.00
2001    50    1951        12.00
2001    51    1950        12.37
2001    52    1949         9.17
2001    53    1948         4.80
2001    54    1947         2.10
2001    55+   1946-        0.56
2002    12-   1990+        0.00
2002    13    1989         0.87
2002    14    1988        55.13
2002    15    1987       302.00
2002    16    1986      1006.00
2002    17    1985      2374.00
2002    18    1984      4405.00
2002    19    1983      7734.00
2002    20    1982     11553.00
2002    21    1981     15306.00
2002    22    1980     18344.00
2002    23    1979     20732.00
2002    24    1978     23189.00
2002    25    1977     26309.00
2002    26    1976     29062.00
2002    27    1975     31059.00
2002    28    1974     34027.00
2002    29    1973     36300.00
2002    30    1972     39506.00
2002    31    1971     42537.00
2002    32    1970     41512.00
2002    33    1969     41222.00
2002    34    1968     37813.00
2002    35    1967     33387.00
2002    36    1966     27709.00
2002    37    1965     21503.00
2002    38    1964     15938.00
2002    39    1963     11627.00
2002    40    1962      8016.00
2002    41    1961      5237.00
2002    42    1960      3042.00
2002    43    1959      1680.00
2002    44    1958       887.00
2002    45    1957       422.00
2002    46    1956       161.00
2002    47    1955        68.00
2002    48    1954        32.00
2002    49    1953        24.00
2002    50    1952         6.00
2002    51    1951         4.80
2002    52    1950         3.50
2002    53    1949         2.21
2002    54    1948         1.14
2002    55+   1947-        0.35
2003    12-   1991+        0.00
2003    13    1990         0.85
2003    14    1989        50.15
2003    15    1988       274.00
2003    16    1987       943.00
2003    17    1986      2321.00
2003    18    1985      4253.00
2003    19    1984      7377.00
2003    20    1983     10579.00
2003    21    1982     14182.00
2003    22    1981     17966.00
2003    23    1980     20729.00
2003    24    1979     22877.00
2003    25    1978     26078.00
2003    26    1977     28885.00
2003    27    1976     31526.00
2003    28    1975     33000.00
2003    29    1974     35548.00
2003    30    1973     36690.00
2003    31    1972     39186.00
2003    32    1971     40201.00
2003    33    1970     38612.00
2003    34    1969     36557.00
2003    35    1968     33480.00
2003    36    1967     28040.00
2003    37    1966     22310.00
2003    38    1965     16703.00
2003    39    1964     12394.00
2003    40    1963      8504.00
2003    41    1962      5341.00
2003    42    1961      3221.00
2003    43    1960      1868.00
2003    44    1959       900.00
2003    45    1958       413.00
2003    46    1957       201.00
2003    47    1956        90.00
2003    48    1955        32.00
2003    49    1954        23.00
2003    50    1953         2.00
2003    51    1952         3.21
2003    52    1951         2.92
2003    53    1950         2.17
2003    54    1949         1.28
2003    55+   1948-        0.41
2004    12-   1992+        0.00
2004    13    1991         0.76
2004    14    1990        46.25
2004    15    1989       249.00
2004    16    1988       910.00
2004    17    1987      2112.00
2004    18    1986      4072.00
2004    19    1985      7036.00
2004    20    1984      9978.00
2004    21    1983     13175.00
2004    22    1982     17046.00
2004    23    1981     20287.00
2004    24    1980     23923.00
2004    25    1979     26005.00
2004    26    1978     28879.00
2004    27    1977     31427.00
2004    28    1976     33594.00
2004    29    1975     34995.00
2004    30    1974     36562.00
2004    31    1973     36846.00
2004    32    1972     37938.00
2004    33    1971     38409.00
2004    34    1970     35505.00
2004    35    1969     33051.00
2004    36    1968     28612.00
2004    37    1967     23188.00
2004    38    1966     17839.00
2004    39    1965     13185.00
2004    40    1964      9396.00
2004    41    1963      5859.00
2004    42    1962      3410.00
2004    43    1961      1919.00
2004    44    1960       992.00
2004    45    1959       466.00
2004    46    1958       206.00
2004    47    1957        80.00
2004    48    1956        52.00
2004    49    1955        20.00
2004    50    1954         7.00
2004    51    1953         5.98
2004    52    1952         4.38
2004    53    1951         2.69
2004    54    1950         1.46
2004    55+   1949-        0.47
2005    12-   1993+        0.00
2005    13    1992         0.80
2005    14    1991        48.20
2005    15    1990       262.00
2005    16    1989       859.00
2005    17    1988      2115.00
2005    18    1987      3786.00
2005    19    1986      7003.00
2005    20    1985      9806.00
2005    21    1984     12629.00
2005    22    1983     15419.00
2005    23    1982     19210.00
2005    24    1981     22651.00
2005    25    1980     26280.00
2005    26    1979     28420.00
2005    27    1978     31066.00
2005    28    1977     32764.00
2005    29    1976     34877.00
2005    30    1975     35087.00
2005    31    1974     36351.00
2005    32    1973     34778.00
2005    33    1972     35057.00
2005    34    1971     34323.00
2005    35    1970     30702.00
2005    36    1969     27867.00
2005    37    1968     22817.00
2005    38    1967     18231.00
2005    39    1966     13800.00
2005    40    1965      9714.00
2005    41    1964      6189.00
2005    42    1963      3762.00
2005    43    1962      2165.00
2005    44    1961      1111.00
2005    45    1960       494.00
2005    46    1959       231.00
2005    47    1958       102.00
2005    48    1957        64.00
2005    49    1956        30.00
2005    50    1955         4.00
2005    51    1954         5.92
2005    52    1953         5.18
2005    53    1952         3.48
2005    54    1951         1.83
2005    55+   1950-        0.59
2006    12-   1994+        0.00
2006    13    1993         0.83
2006    14    1992        47.17
2006    15    1991       210.00
2006    16    1990       834.00
2006    17    1989      1915.00
2006    18    1988      3690.00
2006    19    1987      6596.00
2006    20    1986      9617.00
2006    21    1985     12100.00
2006    22    1984     14703.00
2006    23    1983     17607.00
2006    24    1982     21483.00
2006    25    1981     25354.00
2006    26    1980     28874.00
2006    27    1979     30423.00
2006    28    1978     32660.00
2006    29    1977     34327.00
2006    30    1976     35952.00
2006    31    1975     35045.00
2006    32    1974     34507.00
2006    33    1973     32378.00
2006    34    1972     31377.00
2006    35    1971     30040.00
2006    36    1970     26280.00
2006    37    1969     22478.00
2006    38    1968     18271.00
2006    39    1967     14327.00
2006    40    1966     10262.00
2006    41    1965      6657.00
2006    42    1964      4078.00
2006    43    1963      2405.00
2006    44    1962      1154.00
2006    45    1961       588.00
2006    46    1960       260.00
2006    47    1959        98.00
2006    48    1958        34.00
2006    49    1957        28.00
2006    50    1956        11.00
2006    51    1955         8.56
2006    52    1954         5.87
2006    53    1953         3.34
2006    54    1952         1.70
2006    55+   1951-        0.52
2007    12-   1995+        0.00
2007    13    1994         0.65
2007    14    1993        39.35
2007    15    1992       228.00
2007    16    1991       778.00
2007    17    1990      1860.00
2007    18    1989      3511.00
2007    19    1988      6507.00
2007    20    1987      9232.00
2007    21    1986     12027.00
2007    22    1985     14292.00
2007    23    1984     17102.00
2007    24    1983     19971.00
2007    25    1982     24611.00
2007    26    1981     28730.00
2007    27    1980     32256.00
2007    28    1979     33420.00
2007    29    1978     35366.00
2007    30    1977     36760.00
2007    31    1976     37005.00
2007    32    1975     34966.00
2007    33    1974     33960.00
2007    34    1973     30791.00
2007    35    1972     29573.00
2007    36    1971     27087.00
2007    37    1970     22762.00
2007    38    1969     18582.00
2007    39    1968     14759.00
2007    40    1967     10889.00
2007    41    1966      7393.00
2007    42    1965      4412.00
2007    43    1964      2507.00
2007    44    1963      1336.00
2007    45    1962       630.00
2007    46    1961       269.00
2007    47    1960       136.00
2007    48    1959        75.00
2007    49    1958        30.00
2007    50    1957        19.00
2007    51    1956         9.53
2007    52    1955         5.52
2007    53    1954         3.04
2007    54    1953         1.47
2007    55+   1952-        0.45
2008    12-   1996+        0.00
2008    13    1995         0.71
2008    14    1994        40.29
2008    15    1993       220.00
2008    16    1992       796.00
2008    17    1991      1802.00
2008    18    1990      3364.00
2008    19    1989      6012.00
2008    20    1988      9157.00
2008    21    1987     11551.00
2008    22    1986     13874.00
2008    23    1985     16286.00
2008    24    1984     19298.00
2008    25    1983     22765.00
2008    26    1982     27585.00
2008    27    1981     31430.00
2008    28    1980     34678.00
2008    29    1979     35409.00
2008    30    1978     36892.00
2008    31    1977     37302.00
2008    32    1976     36446.00
2008    33    1975     33602.00
2008    34    1974     31354.00
2008    35    1973     28104.00
2008    36    1972     26008.00
2008    37    1971     22433.00
2008    38    1970     18544.00
2008    39    1969     14821.00
2008    40    1968     11513.00
2008    41    1967      7718.00
2008    42    1966      4766.00
2008    43    1965      2712.00
2008    44    1964      1462.00
2008    45    1963       695.00
2008    46    1962       314.00
2008    47    1961       142.00
2008    48    1960        68.00
2008    49    1959        32.00
2008    50    1958        15.00
2008    51    1957         9.57
2008    52    1956         5.98
2008    53    1955         3.30
2008    54    1954         1.65
2008    55+   1953-        0.49
2009    12-   1997+        0.00
2009    13    1996         0.69
2009    14    1995        34.31
2009    15    1994       160.00
2009    16    1993       659.00
2009    17    1992      1621.00
2009    18    1991      2927.00
2009    19    1990      5660.00
2009    20    1989      8280.00
2009    21    1988     11053.00
2009    22    1987     13203.00
2009    23    1986     15719.00
2009    24    1985     18225.00
2009    25    1984     21734.00
2009    26    1983     25551.00
2009    27    1982     29885.00
2009    28    1981     33435.00
2009    29    1980     36206.00
2009    30    1979     36656.00
2009    31    1978     36835.00
2009    32    1977     35827.00
2009    33    1976     34132.00
2009    34    1975     30812.00
2009    35    1974     27744.00
2009    36    1973     24072.00
2009    37    1972     21253.00
2009    38    1971     18021.00
2009    39    1970     14272.00
2009    40    1969     11160.00
2009    41    1968      7810.00
2009    42    1967      4729.00
2009    43    1966      2784.00
2009    44    1965      1512.00
2009    45    1964       740.00
2009    46    1963       329.00
2009    47    1962       146.00
2009    48    1961        89.00
2009    49    1960        43.00
2009    50    1959        26.00
2009    51    1958        16.73
2009    52    1957        10.19
2009    53    1956         5.15
2009    54    1955         2.27
2009    55+   1954-        0.66
2010    12-   1998+        0.00
2010    13    1997         0.67
2010    14    1996        35.33
2010    15    1995       162.00
2010    16    1994       600.00
2010    17    1993      1525.00
2010    18    1992      2860.00
2010    19    1991      5345.00
2010    20    1990      8080.00
2010    21    1989     10319.00
2010    22    1988     13246.00
2010    23    1987     15445.00
2010    24    1986     18459.00
2010    25    1985     21543.00
2010    26    1984     25138.00
2010    27    1983     28981.00
2010    28    1982     33604.00
2010    29    1981     36931.00
2010    30    1980     39211.00
2010    31    1979     38666.00
2010    32    1978     37187.00
2010    33    1977     35510.00
2010    34    1976     32534.00
2010    35    1975     28734.00
2010    36    1974     25148.00
2010    37    1973     20831.00
2010    38    1972     17600.00
2010    39    1971     14648.00
2010    40    1970     11148.00
2010    41    1969      7899.00
2010    42    1968      4969.00
2010    43    1967      2866.00
2010    44    1966      1525.00
2010    45    1965       840.00
2010    46    1964       381.00
2010    47    1963       178.00
2010    48    1962        71.00
2010    49    1961        45.00
2010    50    1960        31.00
2010    51    1959        23.68
2010    52    1958        14.44
2010    53    1957         7.11
2010    54    1956         2.97
2010    55+   1955-        0.80
2011    12-   1999+        0.00
2011    13    1998         0.52
2011    14    1997        30.48
2011    15    1996       187.00
2011    16    1995       546.00
2011    17    1994      1338.00
2011    18    1993      2590.00
2011    19    1992      4932.00
2011    20    1991      7161.00
2011    21    1990     10013.00
2011    22    1989     11906.00
2011    23    1988     14749.00
2011    24    1987     17499.00
2011    25    1986     21066.00
2011    26    1985     24099.00
2011    27    1984     27521.00
2011    28    1983     31659.00
2011    29    1982     35969.00
2011    30    1981     38464.00
2011    31    1980     40060.00
2011    32    1979     37825.00
2011    33    1978     35124.00
2011    34    1977     32669.00
2011    35    1976     29490.00
2011    36    1975     24952.00
2011    37    1974     20981.00
2011    38    1973     16432.00
2011    39    1972     13696.00
2011    40    1971     10932.00
2011    41    1970      7619.00
2011    42    1969      4818.00
2011    43    1968      2897.00
2011    44    1967      1557.00
2011    45    1966       813.00
2011    46    1965       366.00
2011    47    1964       160.00
2011    48    1963        89.00
2011    49    1962        54.00
2011    50    1961        35.00
2011    51    1960        29.40
2011    52    1959        18.63
2011    53    1958         8.60
2011    54    1957         3.46
2011    55+   1956-        0.91
2012    12-   2000+        0.00
2012    13    1999         0.57
2012    14    1998        31.44
2012    15    1997       178.00
2012    16    1996       555.00
2012    17    1995      1364.00
2012    18    1994      2482.00
2012    19    1993      4683.00
2012    20    1992      7154.00
2012    21    1991      9415.00
2012    22    1990     12039.00
2012    23    1989     14271.00
2012    24    1988     17774.00
2012    25    1987     20819.00
2012    26    1986     25138.00
2012    27    1985     27729.00
2012    28    1984     31675.00
2012    29    1983     34807.00
2012    30    1982     39543.00
2012    31    1981     40941.00
2012    32    1980     40366.00
2012    33    1979     36933.00
2012    34    1978     33703.00
2012    35    1977     30183.00
2012    36    1976     26376.00
2012    37    1975     21118.00
2012    38    1974     17138.00
2012    39    1973     13272.00
2012    40    1972     10617.00
2012    41    1971      7435.00
2012    42    1970      4832.00
2012    43    1969      2906.00
2012    44    1968      1568.00
2012    45    1967       825.00
2012    46    1966       440.00
2012    47    1965       187.00
2012    48    1964       115.00
2012    49    1963        62.00
2012    50    1962        22.00
2012    51    1961        24.64
2012    52    1960        17.84
2012    53    1959         8.95
2012    54    1958         3.60
2012    55+   1957-        0.98
2013    12-   2001+        0.00
2013    13    2000         0.50
2013    14    1999        28.50
2013    15    1998       188.00
2013    16    1997       570.00
2013    17    1996      1282.00
2013    18    1995      2536.00
2013    19    1994      4421.00
2013    20    1993      6661.00
2013    21    1992      8835.00
2013    22    1991     11107.00
2013    23    1990     14363.00
2013    24    1989     16879.00
2013    25    1988     21320.00
2013    26    1987     24989.00
2013    27    1986     28595.00
2013    28    1985     31717.00
2013    29    1984     35213.00
2013    30    1983     38149.00
2013    31    1982     41645.00
2013    32    1981     41621.00
2013    33    1980     39623.00
2013    34    1979     35639.00
2013    35    1978     31609.00
2013    36    1977     27000.00
2013    37    1976     22671.00
2013    38    1975     17819.00
2013    39    1974     13946.00
2013    40    1973     10319.00
2013    41    1972      7281.00
2013    42    1971      4849.00
2013    43    1970      2885.00
2013    44    1969      1635.00
2013    45    1968       820.00
2013    46    1967       410.00
2013    47    1966       226.00
2013    48    1965        90.00
2013    49    1964        56.00
2013    50    1963        40.00
2013    51    1962        27.00
2013    52    1961        16.21
2013    53    1960         7.71
2013    54    1959         3.21
2013    55+   1958-        0.86
2014    12-   2002+        0.00
2014    13    2001         0.73
2014    14    2000        42.27
2014    15    1999       196.00
2014    16    1998       570.00
2014    17    1997      1377.00
2014    18    1996      2521.00
2014    19    1995      4371.00
2014    20    1994      6528.00
2014    21    1993      8680.00
2014    22    1992     11076.00
2014    23    1991     13798.00
2014    24    1990     17585.00
2014    25    1989     21178.00
2014    26    1988     26295.00
2014    27    1987     29729.00
2014    28    1986     34140.00
2014    29    1985     36957.00
2014    30    1984     40314.00
2014    31    1983     42715.00
2014    32    1982     44003.00
2014    33    1981     42227.00
2014    34    1980     39252.00
2014    35    1979     34109.00
2014    36    1978     28928.00
2014    37    1977     23934.00
2014    38    1976     19340.00
2014    39    1975     14726.00
2014    40    1974     11129.00
2014    41    1973      7377.00
2014    42    1972      4958.00
2014    43    1971      3013.00
2014    44    1970      1623.00
2014    45    1969       839.00
2014    46    1968       467.00
2014    47    1967       216.00
2014    48    1966       135.00
2014    49    1965        53.00
2014    50    1964        38.00
2014    51    1963        30.74
2014    52    1962        19.13
2014    53    1961         9.31
2014    54    1960         3.79
2014    55+   1959-        1.02
2015    12-   2003+        0.00
2015    13    2002         0.95
2015    14    2001        55.05
2015    15    2000       227.00
2015    16    1999       600.00
2015    17    1998      1321.00
2015    18    1997      2522.00
2015    19    1996      4524.00
2015    20    1995      6623.00
2015    21    1994      8738.00
2015    22    1993     11201.00
2015    23    1992     13827.00
2015    24    1991     17308.00
2015    25    1990     22047.00
2015    26    1989     26214.00
2015    27    1988     31600.00
2015    28    1987     35652.00
2015    29    1986     39531.00
2015    30    1985     41679.00
2015    31    1984     43896.00
2015    32    1983     44067.00
2015    33    1982     44183.00
2015    34    1981     40889.00
2015    35    1980     36925.00
2015    36    1979     30932.00
2015    37    1978     24917.00
2015    38    1977     19902.00
2015    39    1976     15545.00
2015    40    1975     11449.00
2015    41    1974      7952.00
2015    42    1973      4618.00
2015    43    1972      2830.00
2015    44    1971      1672.00
2015    45    1970       881.00
2015    46    1969       445.00
2015    47    1968       248.00
2015    48    1967       118.00
2015    49    1966        75.00
2015    50    1965        44.00
2015    51    1964        30.61
2015    52    1963        18.17
2015    53    1962         8.61
2015    54    1961         3.64
2015    55+   1960-        0.99
2016    12-   2004+        0.00
2016    13    2003         0.82
2016    14    2002        47.18
2016    15    2001       218.05
2016    16    2000       685.16
2016    17    1999      1519.37
2016    18    1998      2955.71
2016    19    1997      5543.32
2016    20    1996      7647.82
2016    21    1995     10071.40
2016    22    1994     12393.95
2016    23    1993     14866.54
2016    24    1992     18282.36
2016    25    1991     22447.35
2016    26    1990     28637.83
2016    27    1989     33003.86
2016    28    1988     38742.23
2016    29    1987     42581.15
2016    30    1986     45945.95
2016    31    1985     47080.22
2016    32    1984     47020.21
2016    33    1983     45274.79
2016    34    1982     43619.40
2016    35    1981     39607.44
2016    36    1980     34904.31
2016    37    1979     27503.56
2016    38    1978     21585.14
2016    39    1977     16961.04
2016    40    1976     12595.00
2016    41    1975      8266.97
2016    42    1974      5237.25
2016    43    1973      3046.73
2016    44    1972      1738.41
2016    45    1971       917.22
2016    46    1970       539.13
2016    47    1969       264.06
2016    48    1968       158.04
2016    49    1967        98.02
2016    50    1966        65.01
2016    51    1965        45.26
2016    52    1964        26.72
2016    53    1963        12.10
2016    54    1962         4.69
2016    55+   1961-        1.25
2017    12-   2005+        0.00
2017    13    2004         0.74
2017    14    2003        39.26
2017    15    2002       172.02
2017    16    2001       548.06
2017    17    2000      1272.14
2017    18    1999      2488.28
2017    19    1998      4683.53
2017    20    1997      6925.80
2017    21    1996      9415.07
2017    22    1995     11432.31
2017    23    1994     13987.60
2017    24    1993     17285.98
2017    25    1992     21717.49
2017    26    1991     26876.07
2017    27    1990     33222.80
2017    28    1989     37362.27
2017    29    1988     43502.98
2017    30    1987     46494.32
2017    31    1986     48789.58
2017    32    1985     47541.43
2017    33    1984     45557.20
2017    34    1983     42466.86
2017    35    1982     39688.54
2017    36    1981     35093.02
2017    37    1980     29048.32
2017    38    1979     22232.54
2017    39    1978     17166.97
2017    40    1977     12804.47
2017    41    1976      8557.98
2017    42    1975      5209.59
2017    43    1974      3171.37
2017    44    1973      1653.19
2017    45    1972       982.11
2017    46    1971       498.06
2017    47    1970       250.03
2017    48    1969       135.02
2017    49    1968        82.01
2017    50    1967        60.01
2017    51    1966        44.55
2017    52    1965        26.13
2017    53    1964        12.23
2017    54    1963         4.84
2017    55+   1962-        1.26
