East Germany, Female exposure to risk by calendar year, age and parity
Last modified: 04/02/2019
Year   Age            E0x            E1x            E2x            E3x           E4px
1986    12       84715.46           0.00           0.00           0.00           0.00
1986    13       86946.44           0.00           0.00           0.00           0.00
1986    14      106847.39           5.30           0.00           0.00           0.00
1986    15      112071.66          97.92           0.62           0.00           0.00
1986    16      111165.24         551.19           6.77           0.00           0.00
1986    17      111834.02        2119.21          39.85           0.58           0.05
1986    18      110380.60        6573.60         214.40          10.04           0.15
1986    19      106007.56       16328.55         901.70          43.40           1.99
1986    20       96399.39       31173.20        2849.68         160.70          10.86
1986    21       81082.93       46314.20        6787.39         466.39          40.81
1986    22       65988.24       59869.69       13258.51        1049.56         119.41
1986    23       49661.75       66311.22       21520.98        1977.85         260.74
1986    24       36789.20       67357.42       31357.32        3314.04         498.70
1986    25       27313.21       63445.58       40570.92        4843.78         846.60
1986    26       21101.71       56628.35       47765.63        6336.01        1260.22
1986    27       16908.45       49452.27       51989.85        7500.30        1638.35
1986    28       14096.08       43546.41       53763.46        8392.49        1953.83
1986    29       12882.47       40760.33       56838.28        9440.07        2316.22
1986    30       12139.36       39394.52       59789.96       10433.95        2771.11
1986    31       11633.47       38544.73       61424.75       11420.10        3305.45
1986    32       10937.02       37203.97       61265.57       12058.15        3587.73
1986    33       10200.85       36932.34       61378.50       12559.33        3826.79
1986    34        9665.96       37326.53       61026.23       12852.39        4183.01
1986    35        9100.79       36058.41       57792.22       12822.73        4336.70
1986    36        8535.53       33789.12       53245.55       12893.08        4482.67
1986    37        7247.72       28033.85       44571.15       11747.07        4342.24
1986    38        6409.21       24542.01       38581.27       10950.99        4310.87
1986    39        5994.59       23294.75       35066.81       10918.31        4582.68
1986    40        5296.59       19089.91       27863.10        9403.73        4254.02
1986    41        7717.28       25910.33       36947.78       13273.80        6206.97
1986    42        9670.88       30884.13       43375.52       16537.72        8111.58
1986    43       10691.89       30274.30       41626.44       16876.56        9056.31
1986    44       12176.21       33351.87       44320.60       19229.47       11275.18
1986    45              .              .              .              .              .
1986    46              .              .              .              .              .
1986    47              .              .              .              .              .
1986    48              .              .              .              .              .
1986    49              .              .              .              .              .
1986    50              .              .              .              .              .
1986    51              .              .              .              .              .
1986    52              .              .              .              .              .
1986    53              .              .              .              .              .
1986    54              .              .              .              .              .
1986    55              .              .              .              .              .
1987    12       84710.26           0.00           0.00           0.00           0.00
1987    13       84570.16           0.00           0.00           0.00           0.00
1987    14       86868.62           5.94           0.00           0.00           0.00
1987    15      106570.63          88.55           0.09           0.00           0.00
1987    16      111423.42         502.22           7.03           0.00           0.00
1987    17      109724.22        1862.90          38.26           0.04           0.00
1987    18      108709.48        5924.66         200.96           4.27           0.05
1987    19      102358.12       14902.39         848.49          38.06           1.63
1987    20       92803.99       28292.56        2603.64         142.79           9.71
1987    21       81032.57       43162.40        6288.97         416.77          38.86
1987    22       66133.38       55296.72       12255.90         998.05         114.70
1987    23       52584.56       64523.38       20914.36        1931.06         260.87
1987    24       39125.53       66531.52       30322.16        3202.84         487.00
1987    25       29222.31       64132.86       40171.30        4838.27         829.37
1987    26       22345.68       58233.55       48429.60        6590.45        1268.44
1987    27       17947.32       51305.76       53856.35        8142.49        1764.67
1987    28       14857.15       45034.73       56208.94        9208.15        2159.34
1987    29       12711.33       40217.35       56519.82        9981.20        2452.27
1987    30       11855.75       38151.04       58485.70       10883.10        2799.24
1987    31       11362.38       37352.47       60760.03       11703.11        3229.43
1987    32       11047.38       37075.50       61845.54       12474.90        3746.91
1987    33       10497.48       36187.80       61295.53       12898.37        4000.31
1987    34        9866.69       36167.83       61241.91       13226.62        4211.65
1987    35        9395.44       36754.51       60768.38       13354.27        4508.43
1987    36        8896.09       35632.89       57490.70       13154.70        4582.71
1987    37        8392.13       33497.99       52964.54       13083.77        4685.43
1987    38        7152.85       27878.61       44376.19       11840.28        4475.38
1987    39        6347.90       24426.44       38438.56       10979.75        4384.22
1987    40        5951.61       23190.70       34936.19       10909.58        4624.94
1987    41        5262.44       18996.46       27731.88        9373.57        4266.08
1987    42        7680.78       25814.91       36804.31       13234.81        6215.01
1987    43        9631.99       30785.23       43224.14       16492.06        8105.09
1987    44       10646.96       30163.42       41469.66       16817.11        9032.01
1987    45       12131.49       33235.21       44163.26       19163.85       11241.68
1987    46              .              .              .              .              .
1987    47              .              .              .              .              .
1987    48              .              .              .              .              .
1987    49              .              .              .              .              .
1987    50              .              .              .              .              .
1987    51              .              .              .              .              .
1987    52              .              .              .              .              .
1987    53              .              .              .              .              .
1987    54              .              .              .              .              .
1987    55              .              .              .              .              .
1988    12       88363.55           0.00           0.00           0.00           0.00
1988    13       84451.76           0.00           0.00           0.00           0.00
1988    14       84386.12           7.43           0.00           0.00           0.00
1988    15       86500.55          73.54           0.10           0.00           0.00
1988    16      105873.93         442.03           2.77           0.00           0.00
1988    17      109894.77        1686.84          31.19           0.20           0.00
1988    18      107175.04        5267.51         172.10           3.16           0.00
1988    19      101872.80       13495.23         785.51          27.24           0.27
1988    20       90609.93       25724.19        2431.23         133.21          10.34
1988    21       78931.05       39268.96        5731.88         391.30          34.47
1988    22       66916.01       51772.62       11429.72         895.21         102.52
1988    23       53408.21       60049.06       19275.45        1790.08         253.55
1988    24       41819.22       65219.26       29525.70        3110.59         476.74
1988    25       31068.85       63857.20       39195.92        4714.16         786.38
1988    26       23808.73       59361.42       48199.20        6575.29        1234.26
1988    27       18937.59       52748.78       54840.68        8450.82        1756.29
1988    28       15746.96       46496.45       58429.58        9978.75        2316.79
1988    29       13384.77       41451.60       59258.60       10870.05        2714.45
1988    30       11708.11       37522.03       58321.41       11432.26        2971.24
1988    31       11134.11       36098.48       59503.05       12171.17        3289.10
1988    32       10808.45       35800.20       61193.90       12818.16        3685.54
1988    33       10603.76       35973.30       61911.63       13407.06        4176.47
1988    34       10160.88       35429.58       61151.59       13626.50        4387.28
1988    35        9618.82       35620.43       61014.22       13790.54        4561.14
1988    36        9187.87       36322.96       60399.34       13733.62        4783.52
1988    37        8732.58       35305.39       57110.23       13368.27        4789.37
1988    38        8275.80       33244.07       52631.55       13190.67        4834.95
1988    39        7082.43       27728.05       44166.14       11877.96        4563.12
1988    40        6290.03       24291.30       38242.07       10961.55        4431.04
1988    41        5908.00       23068.07       34764.78       10875.73        4645.50
1988    42        5234.91       18916.56       27621.02        9346.15        4272.93
1988    43        7641.65       25697.36       36635.40       13178.77        6208.33
1988    44        9579.00       30628.77       43001.13       16410.63        8074.97
1988    45       10592.93       30014.91       41265.78       16733.92        8992.29
1988    46       12078.95       33091.58       43970.45       19081.15       11195.03
1988    47              .              .              .              .              .
1988    48              .              .              .              .              .
1988    49              .              .              .              .              .
1988    50              .              .              .              .              .
1988    51              .              .              .              .              .
1988    52              .              .              .              .              .
1988    53              .              .              .              .              .
1988    54              .              .              .              .              .
1988    55              .              .              .              .              .
1989    12       96643.36           0.00           0.00           0.00           0.00
1989    13       87148.78           0.00           0.00           0.00           0.00
1989    14       83508.88           6.00           0.00           0.00           0.00
1989    15       83319.49          73.87           0.00           0.00           0.00
1989    16       85277.63         365.56           3.82           0.00           0.00
1989    17      103677.54        1536.68          19.00           0.43           0.00
1989    18      106076.56        4713.33         145.23           4.66           0.00
1989    19       99476.18       11839.72         621.72          19.38           0.42
1989    20       89559.36       23033.42        2027.10         100.09           4.18
1989    21       76715.45       35126.70        4959.91         347.44          26.83
1989    22       64946.43       46505.61        9915.51         797.44          84.79
1989    23       53786.09       55920.78       17361.24        1547.79         213.66
1989    24       42188.60       60726.01       26449.26        2757.54         437.71
1989    25       32896.69       62525.79       37302.97        4385.13         743.85
1989    26       24998.73       58906.76       46353.21        6188.64        1135.33
1989    27       19887.22       53659.73       53851.24        8144.44        1663.85
1989    28       16429.58       47593.85       58550.99        9985.78        2235.90
1989    29       14077.53       42421.80       60552.88       11411.09        2815.24
1989    30       12192.98       38334.83       60230.36       12117.03        3195.67
1989    31       10862.15       35167.85       58551.50       12478.53        3414.79
1989    32       10478.47       34230.35       59209.18       13024.11        3687.88
1989    33       10279.19       34335.75       60566.25       13477.34        4048.77
1989    34       10165.36       34818.59       61149.41       13922.21        4501.49
1989    35        9803.99       34502.58       60285.97       14004.66        4647.63
1989    36        9336.13       34849.47       60071.73       14028.22        4772.36
1989    37        8948.44       35636.99       59422.22       13829.96        4956.34
1989    38        8525.57       34692.82       56173.68       13348.44        4908.32
1989    39        8116.21       32742.30       51875.17       13127.39        4887.15
1989    40        6963.15       27345.01       43578.70       11778.70        4568.10
1989    41        6199.42       24000.56       37792.14       10855.85        4419.59
1989    42        5827.84       22773.01       34334.76       10752.02        4611.65
1989    43        5174.19       18697.61       27307.92        9244.34        4236.36
1989    44        7557.76       25419.07       36238.54       13038.59        6149.72
1989    45        9469.40       30282.56       42514.86       16224.32        7989.02
1989    46       10483.32       29705.20       40839.38       16560.00        8902.43
1989    47       11970.45       32795.09       43575.33       18910.21       11095.58
1989    48              .              .              .              .              .
1989    49              .              .              .              .              .
1989    50              .              .              .              .              .
1989    51              .              .              .              .              .
1989    52              .              .              .              .              .
1989    53              .              .              .              .              .
1989    54              .              .              .              .              .
1989    55              .              .              .              .              .
