West Germany, Cumulative period fertility rates by birth order (Lexis squares)
Last modified: 04/02/2019
Year    Age     CPFR     CPFR1     CPFR2     CPFR3     CPFR4    CPFR5p
2009    12     0.000     0.000     0.000     0.000     0.000     0.000
2009    13     0.000     0.000     0.000     0.000     0.000     0.000
2009    14     0.000     0.000     0.000     0.000     0.000     0.000
2009    15     0.000     0.000     0.000     0.000     0.000     0.000
2009    16     0.001     0.001     0.000     0.000     0.000     0.000
2009    17     0.005     0.004     0.000     0.000     0.000     0.000
2009    18     0.011     0.010     0.000     0.000     0.000     0.000
2009    19     0.022     0.021     0.001     0.000     0.000     0.000
2009    20     0.041     0.037     0.004     0.000     0.000     0.000
2009    21     0.067     0.058     0.008     0.001     0.000     0.000
2009    22     0.099     0.081     0.016     0.002     0.000     0.000
2009    23     0.138     0.108     0.025     0.004     0.000     0.000
2009    24     0.184     0.137     0.038     0.007     0.001     0.000
2009    25     0.238     0.171     0.054     0.011     0.002     0.000
2009    26     0.302     0.209     0.074     0.015     0.003     0.001
2009    27     0.375     0.251     0.096     0.022     0.005     0.001
2009    28     0.456     0.295     0.123     0.029     0.006     0.002
2009    29     0.545     0.343     0.153     0.038     0.009     0.003
2009    30     0.639     0.391     0.185     0.047     0.011     0.004
2009    31     0.738     0.440     0.220     0.058     0.014     0.006
2009    32     0.836     0.486     0.256     0.069     0.017     0.007
2009    33     0.930     0.528     0.292     0.081     0.021     0.009
2009    34     1.018     0.564     0.327     0.093     0.024     0.010
2009    35     1.098     0.594     0.358     0.105     0.028     0.012
2009    36     1.167     0.618     0.386     0.117     0.031     0.014
2009    37     1.225     0.638     0.409     0.127     0.034     0.016
2009    38     1.270     0.653     0.427     0.136     0.037     0.018
2009    39     1.306     0.665     0.440     0.142     0.039     0.019
2009    40     1.332     0.673     0.450     0.148     0.041     0.020
2009    41     1.350     0.679     0.456     0.151     0.043     0.021
2009    42     1.362     0.682     0.460     0.153     0.044     0.022
2009    43     1.368     0.684     0.463     0.155     0.044     0.023
2009    44     1.372     0.685     0.464     0.155     0.045     0.023
2009    45     1.374     0.686     0.464     0.156     0.045     0.023
2009    46     1.375     0.686     0.465     0.156     0.045     0.024
2009    47     1.375     0.686     0.465     0.156     0.045     0.024
2009    48     1.376     0.686     0.465     0.156     0.045     0.024
2009    49     1.376     0.686     0.465     0.156     0.045     0.024
2009    50     1.376     0.686     0.465     0.156     0.045     0.024
2009    51     1.376     0.686     0.465     0.156     0.045     0.024
2009    52     1.376     0.686     0.465     0.156     0.045     0.024
2009    53     1.376     0.686     0.465     0.156     0.045     0.024
2009    54     1.376     0.686     0.465     0.156     0.045     0.024
2009    55     1.376     0.686     0.465     0.156     0.045     0.024
2010    12     0.000     0.000     0.000     0.000     0.000     0.000
2010    13     0.000     0.000     0.000     0.000     0.000     0.000
2010    14     0.000     0.000     0.000     0.000     0.000     0.000
2010    15     0.000     0.000     0.000     0.000     0.000     0.000
2010    16     0.001     0.001     0.000     0.000     0.000     0.000
2010    17     0.004     0.004     0.000     0.000     0.000     0.000
2010    18     0.010     0.010     0.000     0.000     0.000     0.000
2010    19     0.022     0.020     0.001     0.000     0.000     0.000
2010    20     0.040     0.036     0.004     0.000     0.000     0.000
2010    21     0.064     0.056     0.008     0.001     0.000     0.000
2010    22     0.096     0.078     0.015     0.002     0.000     0.000
2010    23     0.133     0.104     0.025     0.004     0.001     0.000
2010    24     0.178     0.133     0.037     0.007     0.001     0.000
2010    25     0.232     0.166     0.053     0.011     0.002     0.000
2010    26     0.295     0.204     0.072     0.016     0.003     0.001
2010    27     0.368     0.246     0.094     0.022     0.005     0.001
2010    28     0.450     0.291     0.121     0.029     0.006     0.002
2010    29     0.540     0.340     0.151     0.038     0.009     0.003
2010    30     0.637     0.390     0.184     0.048     0.011     0.004
2010    31     0.738     0.440     0.219     0.059     0.014     0.006
2010    32     0.840     0.488     0.257     0.070     0.017     0.007
2010    33     0.938     0.531     0.294     0.083     0.021     0.009
2010    34     1.029     0.568     0.331     0.095     0.024     0.011
2010    35     1.112     0.600     0.364     0.108     0.028     0.013
2010    36     1.185     0.626     0.393     0.120     0.031     0.015
2010    37     1.247     0.646     0.418     0.131     0.035     0.017
2010    38     1.296     0.662     0.437     0.141     0.038     0.019
2010    39     1.333     0.674     0.451     0.148     0.040     0.020
2010    40     1.361     0.682     0.462     0.154     0.042     0.021
2010    41     1.381     0.688     0.469     0.158     0.044     0.022
2010    42     1.393     0.692     0.473     0.160     0.045     0.023
2010    43     1.400     0.694     0.475     0.161     0.045     0.024
2010    44     1.404     0.696     0.477     0.162     0.046     0.024
2010    45     1.406     0.696     0.477     0.163     0.046     0.024
2010    46     1.408     0.696     0.478     0.163     0.046     0.024
2010    47     1.408     0.697     0.478     0.163     0.046     0.025
2010    48     1.408     0.697     0.478     0.163     0.046     0.025
2010    49     1.408     0.697     0.478     0.163     0.046     0.025
2010    50     1.408     0.697     0.478     0.163     0.046     0.025
2010    51     1.408     0.697     0.478     0.163     0.046     0.025
2010    52     1.408     0.697     0.478     0.163     0.046     0.025
2010    53     1.408     0.697     0.478     0.163     0.046     0.025
2010    54     1.408     0.697     0.478     0.163     0.046     0.025
2010    55     1.408     0.697     0.478     0.163     0.046     0.025
2011    12     0.000     0.000     0.000     0.000     0.000     0.000
2011    13     0.000     0.000     0.000     0.000     0.000     0.000
2011    14     0.000     0.000     0.000     0.000     0.000     0.000
2011    15     0.000     0.000     0.000     0.000     0.000     0.000
2011    16     0.001     0.001     0.000     0.000     0.000     0.000
2011    17     0.004     0.004     0.000     0.000     0.000     0.000
2011    18     0.010     0.009     0.000     0.000     0.000     0.000
2011    19     0.020     0.019     0.001     0.000     0.000     0.000
2011    20     0.037     0.033     0.003     0.000     0.000     0.000
2011    21     0.060     0.052     0.007     0.001     0.000     0.000
2011    22     0.089     0.074     0.013     0.002     0.000     0.000
2011    23     0.123     0.098     0.022     0.003     0.000     0.000
2011    24     0.165     0.125     0.033     0.006     0.001     0.000
2011    25     0.216     0.157     0.048     0.009     0.002     0.000
2011    26     0.276     0.193     0.066     0.014     0.003     0.001
2011    27     0.346     0.234     0.087     0.019     0.004     0.001
2011    28     0.424     0.278     0.112     0.026     0.006     0.002
2011    29     0.512     0.326     0.141     0.034     0.008     0.003
2011    30     0.607     0.376     0.174     0.043     0.010     0.004
2011    31     0.707     0.427     0.208     0.053     0.013     0.005
2011    32     0.808     0.475     0.245     0.065     0.016     0.007
2011    33     0.905     0.518     0.283     0.077     0.019     0.008
2011    34     0.996     0.554     0.320     0.090     0.023     0.010
2011    35     1.080     0.586     0.354     0.102     0.026     0.012
2011    36     1.154     0.613     0.384     0.114     0.030     0.014
2011    37     1.216     0.634     0.408     0.125     0.033     0.016
2011    38     1.266     0.650     0.428     0.134     0.036     0.018
2011    39     1.304     0.661     0.443     0.141     0.039     0.019
2011    40     1.332     0.670     0.454     0.147     0.041     0.021
2011    41     1.353     0.677     0.461     0.151     0.042     0.022
2011    42     1.365     0.680     0.466     0.154     0.043     0.022
2011    43     1.373     0.683     0.469     0.155     0.044     0.023
2011    44     1.377     0.684     0.470     0.156     0.044     0.023
2011    45     1.379     0.684     0.470     0.156     0.044     0.023
2011    46     1.380     0.685     0.471     0.156     0.045     0.024
2011    47     1.380     0.685     0.471     0.157     0.045     0.024
2011    48     1.381     0.685     0.471     0.157     0.045     0.024
2011    49     1.381     0.685     0.471     0.157     0.045     0.024
2011    50     1.381     0.685     0.471     0.157     0.045     0.024
2011    51     1.381     0.685     0.471     0.157     0.045     0.024
2011    52     1.381     0.685     0.471     0.157     0.045     0.024
2011    53     1.381     0.685     0.471     0.157     0.045     0.024
2011    54     1.381     0.685     0.471     0.157     0.045     0.024
2011    55     1.381     0.685     0.471     0.157     0.045     0.024
2012    12     0.000     0.000     0.000     0.000     0.000     0.000
2012    13     0.000     0.000     0.000     0.000     0.000     0.000
2012    14     0.000     0.000     0.000     0.000     0.000     0.000
2012    15     0.000     0.000     0.000     0.000     0.000     0.000
2012    16     0.001     0.001     0.000     0.000     0.000     0.000
2012    17     0.004     0.004     0.000     0.000     0.000     0.000
2012    18     0.010     0.009     0.000     0.000     0.000     0.000
2012    19     0.020     0.018     0.001     0.000     0.000     0.000
2012    20     0.036     0.033     0.003     0.000     0.000     0.000
2012    21     0.059     0.051     0.007     0.001     0.000     0.000
2012    22     0.087     0.072     0.014     0.002     0.000     0.000
2012    23     0.121     0.095     0.022     0.003     0.000     0.000
2012    24     0.163     0.122     0.034     0.006     0.001     0.000
2012    25     0.212     0.153     0.048     0.009     0.002     0.000
2012    26     0.271     0.189     0.065     0.014     0.003     0.001
2012    27     0.341     0.229     0.087     0.019     0.004     0.001
2012    28     0.420     0.274     0.112     0.026     0.006     0.002
2012    29     0.508     0.322     0.141     0.034     0.008     0.003
2012    30     0.604     0.373     0.174     0.043     0.010     0.004
2012    31     0.706     0.425     0.210     0.054     0.013     0.005
2012    32     0.809     0.474     0.247     0.065     0.016     0.006
2012    33     0.908     0.518     0.286     0.077     0.020     0.008
2012    34     1.002     0.556     0.324     0.090     0.023     0.010
2012    35     1.087     0.588     0.359     0.102     0.026     0.012
2012    36     1.163     0.615     0.390     0.114     0.030     0.013
2012    37     1.227     0.637     0.417     0.125     0.033     0.015
2012    38     1.278     0.653     0.437     0.135     0.037     0.017
2012    39     1.319     0.665     0.453     0.143     0.040     0.018
2012    40     1.349     0.674     0.464     0.149     0.042     0.020
2012    41     1.370     0.680     0.472     0.153     0.043     0.021
2012    42     1.383     0.684     0.477     0.156     0.044     0.022
2012    43     1.391     0.687     0.479     0.157     0.045     0.022
2012    44     1.395     0.688     0.481     0.158     0.046     0.023
2012    45     1.397     0.688     0.482     0.159     0.046     0.023
2012    46     1.399     0.689     0.482     0.159     0.046     0.023
2012    47     1.399     0.689     0.482     0.159     0.046     0.023
2012    48     1.399     0.689     0.482     0.159     0.046     0.023
2012    49     1.400     0.689     0.482     0.159     0.046     0.023
2012    50     1.400     0.689     0.482     0.159     0.046     0.023
2012    51     1.400     0.689     0.482     0.159     0.046     0.023
2012    52     1.400     0.689     0.482     0.159     0.046     0.023
2012    53     1.400     0.689     0.482     0.159     0.046     0.023
2012    54     1.400     0.689     0.482     0.159     0.046     0.023
2012    55     1.400     0.689     0.482     0.159     0.046     0.023
2013    12     0.000     0.000     0.000     0.000     0.000     0.000
2013    13     0.000     0.000     0.000     0.000     0.000     0.000
2013    14     0.000     0.000     0.000     0.000     0.000     0.000
2013    15     0.000     0.000     0.000     0.000     0.000     0.000
2013    16     0.001     0.001     0.000     0.000     0.000     0.000
2013    17     0.004     0.004     0.000     0.000     0.000     0.000
2013    18     0.010     0.009     0.000     0.000     0.000     0.000
2013    19     0.020     0.018     0.001     0.000     0.000     0.000
2013    20     0.035     0.032     0.003     0.000     0.000     0.000
2013    21     0.057     0.049     0.007     0.001     0.000     0.000
2013    22     0.084     0.069     0.013     0.002     0.000     0.000
2013    23     0.117     0.091     0.021     0.004     0.000     0.000
2013    24     0.156     0.117     0.032     0.006     0.001     0.000
2013    25     0.204     0.147     0.046     0.009     0.002     0.000
2013    26     0.263     0.183     0.063     0.014     0.003     0.001
2013    27     0.331     0.224     0.084     0.019     0.004     0.001
2013    28     0.410     0.268     0.108     0.026     0.006     0.002
2013    29     0.498     0.317     0.137     0.033     0.008     0.003
2013    30     0.594     0.368     0.169     0.042     0.010     0.004
2013    31     0.696     0.421     0.205     0.053     0.013     0.005
2013    32     0.801     0.472     0.243     0.064     0.016     0.006
2013    33     0.903     0.517     0.282     0.076     0.019     0.008
2013    34     0.999     0.557     0.321     0.088     0.023     0.010
2013    35     1.087     0.591     0.357     0.101     0.026     0.012
2013    36     1.165     0.619     0.389     0.114     0.030     0.013
2013    37     1.231     0.641     0.416     0.125     0.033     0.015
2013    38     1.285     0.658     0.438     0.135     0.036     0.017
2013    39     1.327     0.671     0.455     0.143     0.039     0.019
2013    40     1.359     0.681     0.467     0.150     0.042     0.020
2013    41     1.382     0.688     0.475     0.154     0.043     0.021
2013    42     1.395     0.692     0.480     0.157     0.044     0.022
2013    43     1.404     0.694     0.483     0.158     0.045     0.023
2013    44     1.408     0.696     0.485     0.159     0.046     0.023
2013    45     1.411     0.696     0.486     0.160     0.046     0.023
2013    46     1.412     0.697     0.486     0.160     0.046     0.023
2013    47     1.412     0.697     0.486     0.160     0.046     0.023
2013    48     1.413     0.697     0.486     0.160     0.046     0.023
2013    49     1.413     0.697     0.486     0.160     0.046     0.023
2013    50     1.413     0.697     0.486     0.160     0.046     0.024
2013    51     1.413     0.697     0.486     0.160     0.046     0.024
2013    52     1.413     0.697     0.486     0.160     0.046     0.024
2013    53     1.413     0.697     0.486     0.160     0.046     0.024
2013    54     1.413     0.697     0.486     0.160     0.046     0.024
2013    55     1.413     0.697     0.486     0.160     0.046     0.024
2014    12     0.000     0.000     0.000     0.000     0.000     0.000
2014    13     0.000     0.000     0.000     0.000     0.000     0.000
2014    14     0.000     0.000     0.000     0.000     0.000     0.000
2014    15     0.000     0.000     0.000     0.000     0.000     0.000
2014    16     0.001     0.001     0.000     0.000     0.000     0.000
2014    17     0.004     0.004     0.000     0.000     0.000     0.000
2014    18     0.010     0.009     0.000     0.000     0.000     0.000
2014    19     0.020     0.018     0.002     0.000     0.000     0.000
2014    20     0.036     0.031     0.004     0.000     0.000     0.000
2014    21     0.057     0.048     0.008     0.001     0.000     0.000
2014    22     0.084     0.068     0.014     0.002     0.000     0.000
2014    23     0.116     0.090     0.022     0.004     0.001     0.000
2014    24     0.156     0.116     0.033     0.006     0.001     0.000
2014    25     0.204     0.146     0.047     0.009     0.002     0.000
2014    26     0.263     0.182     0.064     0.014     0.003     0.001
2014    27     0.333     0.223     0.084     0.019     0.004     0.001
2014    28     0.413     0.270     0.109     0.026     0.006     0.002
2014    29     0.505     0.321     0.138     0.034     0.008     0.003
2014    30     0.605     0.376     0.171     0.044     0.011     0.004
2014    31     0.713     0.432     0.207     0.054     0.014     0.005
2014    32     0.823     0.486     0.247     0.066     0.017     0.007
2014    33     0.931     0.535     0.287     0.079     0.020     0.009
2014    34     1.032     0.577     0.327     0.092     0.024     0.010
2014    35     1.124     0.613     0.366     0.106     0.028     0.012
2014    36     1.207     0.643     0.399     0.119     0.031     0.014
2014    37     1.276     0.667     0.427     0.131     0.035     0.016
2014    38     1.333     0.685     0.450     0.141     0.038     0.018
2014    39     1.378     0.699     0.468     0.150     0.041     0.020
2014    40     1.413     0.710     0.481     0.157     0.044     0.021
2014    41     1.437     0.717     0.490     0.161     0.046     0.023
2014    42     1.452     0.721     0.496     0.165     0.047     0.024
2014    43     1.461     0.724     0.499     0.166     0.048     0.024
2014    44     1.466     0.726     0.500     0.167     0.048     0.025
2014    45     1.468     0.726     0.501     0.168     0.048     0.025
2014    46     1.470     0.727     0.501     0.168     0.049     0.025
2014    47     1.470     0.727     0.502     0.168     0.049     0.025
2014    48     1.471     0.727     0.502     0.168     0.049     0.025
2014    49     1.471     0.727     0.502     0.168     0.049     0.025
2014    50     1.471     0.727     0.502     0.168     0.049     0.025
2014    51     1.471     0.727     0.502     0.168     0.049     0.025
2014    52     1.471     0.727     0.502     0.168     0.049     0.025
2014    53     1.471     0.727     0.502     0.168     0.049     0.025
2014    54     1.471     0.727     0.502     0.168     0.049     0.025
2014    55     1.471     0.727     0.502     0.168     0.049     0.025
2015    12     0.000     0.000     0.000     0.000     0.000     0.000
2015    13     0.000     0.000     0.000     0.000     0.000     0.000
2015    14     0.000     0.000     0.000     0.000     0.000     0.000
2015    15     0.000     0.000     0.000     0.000     0.000     0.000
2015    16     0.002     0.002     0.000     0.000     0.000     0.000
2015    17     0.004     0.004     0.000     0.000     0.000     0.000
2015    18     0.010     0.009     0.001     0.000     0.000     0.000
2015    19     0.020     0.018     0.002     0.000     0.000     0.000
2015    20     0.036     0.031     0.004     0.000     0.000     0.000
2015    21     0.058     0.048     0.009     0.001     0.000     0.000
2015    22     0.085     0.067     0.015     0.002     0.000     0.000
2015    23     0.118     0.089     0.024     0.004     0.001     0.000
2015    24     0.158     0.114     0.035     0.007     0.001     0.000
2015    25     0.206     0.145     0.049     0.010     0.002     0.000
2015    26     0.265     0.181     0.066     0.015     0.003     0.001
2015    27     0.336     0.222     0.087     0.020     0.005     0.001
2015    28     0.417     0.269     0.112     0.028     0.007     0.002
2015    29     0.511     0.321     0.141     0.036     0.009     0.003
2015    30     0.613     0.377     0.175     0.045     0.011     0.004
2015    31     0.723     0.434     0.212     0.057     0.015     0.006
2015    32     0.835     0.490     0.252     0.068     0.018     0.007
2015    33     0.946     0.540     0.294     0.081     0.022     0.009
2015    34     1.050     0.583     0.336     0.095     0.025     0.011
2015    35     1.146     0.620     0.375     0.109     0.029     0.013
2015    36     1.231     0.650     0.410     0.122     0.033     0.015
2015    37     1.303     0.674     0.440     0.135     0.037     0.017
2015    38     1.361     0.693     0.463     0.145     0.040     0.019
2015    39     1.407     0.707     0.481     0.154     0.043     0.021
2015    40     1.442     0.718     0.495     0.161     0.046     0.022
2015    41     1.468     0.726     0.504     0.166     0.048     0.024
2015    42     1.484     0.730     0.510     0.169     0.049     0.025
2015    43     1.493     0.733     0.513     0.171     0.050     0.025
2015    44     1.498     0.735     0.515     0.172     0.050     0.026
2015    45     1.501     0.736     0.516     0.173     0.051     0.026
2015    46     1.502     0.736     0.516     0.173     0.051     0.026
2015    47     1.503     0.736     0.516     0.173     0.051     0.026
2015    48     1.503     0.736     0.516     0.173     0.051     0.026
2015    49     1.503     0.736     0.516     0.173     0.051     0.026
2015    50     1.503     0.736     0.516     0.173     0.051     0.026
2015    51     1.503     0.737     0.516     0.173     0.051     0.026
2015    52     1.503     0.737     0.516     0.173     0.051     0.026
2015    53     1.503     0.737     0.516     0.173     0.051     0.026
2015    54     1.503     0.737     0.516     0.173     0.051     0.026
2015    55     1.503     0.737     0.516     0.173     0.051     0.026
2016    12     0.000     0.000     0.000     0.000     0.000     0.000
2016    13     0.000     0.000     0.000     0.000     0.000     0.000
2016    14     0.000     0.000     0.000     0.000     0.000     0.000
2016    15     0.000     0.000     0.000     0.000     0.000     0.000
2016    16     0.002     0.002     0.000     0.000     0.000     0.000
2016    17     0.005     0.005     0.000     0.000     0.000     0.000
2016    18     0.011     0.011     0.001     0.000     0.000     0.000
2016    19     0.023     0.021     0.002     0.000     0.000     0.000
2016    20     0.042     0.035     0.006     0.001     0.000     0.000
2016    21     0.067     0.054     0.011     0.002     0.000     0.000
2016    22     0.098     0.075     0.019     0.003     0.000     0.000
2016    23     0.134     0.099     0.029     0.006     0.001     0.000
2016    24     0.177     0.125     0.041     0.009     0.002     0.000
2016    25     0.228     0.156     0.056     0.013     0.003     0.001
2016    26     0.290     0.192     0.074     0.018     0.004     0.001
2016    27     0.364     0.236     0.095     0.025     0.006     0.002
2016    28     0.450     0.284     0.122     0.033     0.008     0.003
2016    29     0.547     0.338     0.152     0.042     0.011     0.004
2016    30     0.655     0.396     0.187     0.052     0.014     0.005
2016    31     0.771     0.455     0.227     0.064     0.017     0.007
2016    32     0.890     0.513     0.269     0.077     0.021     0.009
2016    33     1.006     0.565     0.314     0.091     0.025     0.011
2016    34     1.116     0.609     0.358     0.105     0.029     0.014
2016    35     1.217     0.648     0.400     0.120     0.034     0.016
2016    36     1.308     0.680     0.437     0.134     0.038     0.018
2016    37     1.385     0.706     0.468     0.148     0.042     0.021
2016    38     1.447     0.725     0.493     0.160     0.046     0.023
2016    39     1.497     0.740     0.513     0.169     0.050     0.025
2016    40     1.535     0.751     0.527     0.177     0.052     0.027
2016    41     1.562     0.760     0.537     0.182     0.054     0.028
2016    42     1.579     0.765     0.544     0.186     0.056     0.030
2016    43     1.590     0.768     0.547     0.188     0.057     0.030
2016    44     1.595     0.769     0.549     0.189     0.057     0.031
2016    45     1.598     0.770     0.550     0.189     0.058     0.031
2016    46     1.600     0.771     0.551     0.190     0.058     0.031
2016    47     1.601     0.771     0.551     0.190     0.058     0.031
2016    48     1.601     0.771     0.551     0.190     0.058     0.031
2016    49     1.601     0.771     0.551     0.190     0.058     0.031
2016    50     1.601     0.771     0.551     0.190     0.058     0.031
2016    51     1.602     0.771     0.551     0.190     0.058     0.031
2016    52     1.602     0.771     0.551     0.190     0.058     0.031
2016    53     1.602     0.771     0.551     0.190     0.058     0.031
2016    54     1.602     0.771     0.551     0.190     0.058     0.031
2016    55     1.602     0.771     0.551     0.190     0.058     0.031
2017    12     0.000     0.000     0.000     0.000     0.000     0.000
2017    13     0.000     0.000     0.000     0.000     0.000     0.000
2017    14     0.000     0.000     0.000     0.000     0.000     0.000
2017    15     0.000     0.000     0.000     0.000     0.000     0.000
2017    16     0.001     0.001     0.000     0.000     0.000     0.000
2017    17     0.004     0.004     0.000     0.000     0.000     0.000
2017    18     0.010     0.009     0.001     0.000     0.000     0.000
2017    19     0.020     0.017     0.002     0.000     0.000     0.000
2017    20     0.036     0.030     0.005     0.001     0.000     0.000
2017    21     0.058     0.046     0.010     0.001     0.000     0.000
2017    22     0.087     0.065     0.018     0.003     0.000     0.000
2017    23     0.121     0.087     0.028     0.005     0.001     0.000
2017    24     0.162     0.112     0.039     0.009     0.002     0.000
2017    25     0.212     0.142     0.054     0.013     0.003     0.001
2017    26     0.272     0.178     0.071     0.018     0.004     0.001
2017    27     0.344     0.219     0.092     0.024     0.006     0.002
2017    28     0.428     0.267     0.118     0.032     0.008     0.003
2017    29     0.523     0.320     0.148     0.041     0.011     0.004
2017    30     0.631     0.377     0.183     0.051     0.014     0.005
2017    31     0.746     0.435     0.223     0.063     0.017     0.007
2017    32     0.865     0.492     0.265     0.076     0.021     0.009
2017    33     0.982     0.544     0.310     0.091     0.025     0.011
2017    34     1.091     0.588     0.355     0.105     0.030     0.014
2017    35     1.192     0.626     0.396     0.120     0.034     0.016
2017    36     1.282     0.657     0.434     0.135     0.038     0.018
2017    37     1.359     0.682     0.466     0.149     0.043     0.021
2017    38     1.422     0.701     0.491     0.160     0.047     0.023
2017    39     1.472     0.716     0.511     0.170     0.050     0.025
2017    40     1.510     0.727     0.525     0.178     0.053     0.027
2017    41     1.537     0.735     0.536     0.183     0.055     0.029
2017    42     1.555     0.740     0.542     0.187     0.057     0.030
2017    43     1.566     0.743     0.546     0.189     0.058     0.031
2017    44     1.572     0.744     0.548     0.190     0.058     0.032
2017    45     1.575     0.745     0.549     0.191     0.059     0.032
2017    46     1.577     0.746     0.549     0.191     0.059     0.032
2017    47     1.577     0.746     0.549     0.191     0.059     0.032
2017    48     1.578     0.746     0.549     0.191     0.059     0.032
2017    49     1.578     0.746     0.549     0.191     0.059     0.032
2017    50     1.578     0.747     0.549     0.191     0.059     0.032
2017    51     1.578     0.747     0.550     0.191     0.059     0.032
2017    52     1.578     0.747     0.550     0.191     0.059     0.032
2017    53     1.578     0.747     0.550     0.191     0.059     0.032
2017    54     1.578     0.747     0.550     0.191     0.059     0.032
2017    55     1.578     0.747     0.550     0.191     0.059     0.032
