West Germany, Period fertility rates by calendar year and age (Lexis squares, age in completed years (ACY))
Last modified: 04/02/2019
Year    Age        ASFR
1956     12-    0.00000
1956     13     0.00005
1956     14     0.00022
1956     15     0.00118
1956     16     0.00509
1956     17     0.01665
1956     18     0.03841
1956     19     0.06527
1956     20     0.08996
1956     21     0.11240
1956     22     0.13087
1956     23     0.14211
1956     24     0.14669
1956     25     0.14644
1956     26     0.14285
1956     27     0.13788
1956     28     0.13134
1956     29     0.12261
1956     30     0.11083
1956     31     0.10157
1956     32     0.09315
1956     33     0.08213
1956     34     0.07214
1956     35     0.06238
1956     36     0.05395
1956     37     0.04582
1956     38     0.03765
1956     39     0.03085
1956     40     0.02371
1956     41     0.01759
1956     42     0.01234
1956     43     0.00810
1956     44     0.00488
1956     45     0.00264
1956     46     0.00123
1956     47     0.00051
1956     48     0.00023
1956     49     0.00003
1956     50     0.00000
1956     51     0.00000
1956     52     0.00000
1956     53     0.00000
1956     54     0.00000
1956     55+    0.00000
1957     12-    0.00000
1957     13     0.00002
1957     14     0.00034
1957     15     0.00123
1957     16     0.00583
1957     17     0.01855
1957     18     0.03961
1957     19     0.06691
1957     20     0.09332
1957     21     0.11650
1957     22     0.13654
1957     23     0.14948
1957     24     0.15637
1957     25     0.15741
1957     26     0.15201
1957     27     0.14418
1957     28     0.13627
1957     29     0.12674
1957     30     0.11578
1957     31     0.10333
1957     32     0.09378
1957     33     0.08505
1957     34     0.07461
1957     35     0.06484
1957     36     0.05457
1957     37     0.04630
1957     38     0.03873
1957     39     0.03086
1957     40     0.02401
1957     41     0.01724
1957     42     0.01209
1957     43     0.00802
1957     44     0.00462
1957     45     0.00268
1957     46     0.00130
1957     47     0.00053
1957     48     0.00023
1957     49     0.00003
1957     50     0.00000
1957     51     0.00000
1957     52     0.00000
1957     53     0.00000
1957     54     0.00000
1957     55+    0.00000
1958     12-    0.00000
1958     13     0.00004
1958     14     0.00029
1958     15     0.00133
1958     16     0.00601
1958     17     0.01843
1958     18     0.03967
1958     19     0.06510
1958     20     0.09161
1958     21     0.11660
1958     22     0.13745
1958     23     0.15171
1958     24     0.15950
1958     25     0.15954
1958     26     0.15603
1958     27     0.14794
1958     28     0.13794
1958     29     0.12785
1958     30     0.11623
1958     31     0.10553
1958     32     0.09332
1958     33     0.08320
1958     34     0.07465
1958     35     0.06456
1958     36     0.05458
1958     37     0.04502
1958     38     0.03751
1958     39     0.03046
1958     40     0.02296
1958     41     0.01700
1958     42     0.01148
1958     43     0.00719
1958     44     0.00436
1958     45     0.00240
1958     46     0.00112
1958     47     0.00047
1958     48     0.00018
1958     49     0.00006
1958     50     0.00002
1958     51     0.00001
1958     52     0.00001
1958     53     0.00000
1958     54     0.00000
1958     55+    0.00000
1959     12-    0.00000
1959     13     0.00002
1959     14     0.00044
1959     15     0.00150
1959     16     0.00667
1959     17     0.02125
1959     18     0.04360
1959     19     0.07051
1959     20     0.09632
1959     21     0.12116
1959     22     0.14204
1959     23     0.15602
1959     24     0.16438
1959     25     0.16686
1959     26     0.16283
1959     27     0.15431
1959     28     0.14306
1959     29     0.13042
1959     30     0.11866
1959     31     0.10738
1959     32     0.09550
1959     33     0.08353
1959     34     0.07387
1959     35     0.06576
1959     36     0.05675
1959     37     0.04764
1959     38     0.03826
1959     39     0.03057
1959     40     0.02428
1959     41     0.01726
1959     42     0.01170
1959     43     0.00719
1959     44     0.00425
1959     45     0.00240
1959     46     0.00106
1959     47     0.00046
1959     48     0.00022
1959     49     0.00007
1959     50     0.00002
1959     51     0.00001
1959     52     0.00001
1959     53     0.00000
1959     54     0.00000
1959     55+    0.00000
1960     12-    0.00001
1960     13     0.00011
1960     14     0.00040
1960     15     0.00212
1960     16     0.00813
1960     17     0.02226
1960     18     0.04581
1960     19     0.07289
1960     20     0.09799
1960     21     0.12027
1960     22     0.14107
1960     23     0.15585
1960     24     0.16471
1960     25     0.16724
1960     26     0.16310
1960     27     0.15448
1960     28     0.14431
1960     29     0.13145
1960     30     0.11925
1960     31     0.10765
1960     32     0.09499
1960     33     0.08348
1960     34     0.07238
1960     35     0.06363
1960     36     0.05580
1960     37     0.04696
1960     38     0.03846
1960     39     0.02973
1960     40     0.02328
1960     41     0.01759
1960     42     0.01141
1960     43     0.00730
1960     44     0.00409
1960     45     0.00219
1960     46     0.00108
1960     47     0.00046
1960     48     0.00017
1960     49     0.00005
1960     50     0.00002
1960     51     0.00001
1960     52     0.00001
1960     53     0.00000
1960     54     0.00000
1960     55+    0.00000
1961     12-    0.00001
1961     13     0.00010
1961     14     0.00045
1961     15     0.00236
1961     16     0.01071
1961     17     0.02620
1961     18     0.04942
1961     19     0.07855
1961     20     0.10567
1961     21     0.12886
1961     22     0.14779
1961     23     0.16164
1961     24     0.16872
1961     25     0.17032
1961     26     0.16746
1961     27     0.16044
1961     28     0.14874
1961     29     0.13556
1961     30     0.12108
1961     31     0.10804
1961     32     0.09589
1961     33     0.08450
1961     34     0.07376
1961     35     0.06356
1961     36     0.05519
1961     37     0.04703
1961     38     0.03878
1961     39     0.03065
1961     40     0.02304
1961     41     0.01702
1961     42     0.01182
1961     43     0.00707
1961     44     0.00415
1961     45     0.00213
1961     46     0.00094
1961     47     0.00042
1961     48     0.00017
1961     49     0.00006
1961     50     0.00002
1961     51     0.00001
1961     52     0.00001
1961     53     0.00000
1961     54     0.00000
1961     55+    0.00000
1962     12-    0.00000
1962     13     0.00008
1962     14     0.00046
1962     15     0.00254
1962     16     0.01068
1962     17     0.02996
1962     18     0.05274
1962     19     0.08032
1962     20     0.10689
1962     21     0.13084
1962     22     0.15214
1962     23     0.16477
1962     24     0.17029
1962     25     0.17073
1962     26     0.16610
1962     27     0.15757
1962     28     0.14747
1962     29     0.13436
1962     30     0.12097
1962     31     0.10615
1962     32     0.09349
1962     33     0.08240
1962     34     0.07161
1962     35     0.06173
1962     36     0.05274
1962     37     0.04470
1962     38     0.03690
1962     39     0.02943
1962     40     0.02245
1962     41     0.01627
1962     42     0.01165
1962     43     0.00746
1962     44     0.00406
1962     45     0.00207
1962     46     0.00088
1962     47     0.00035
1962     48     0.00014
1962     49     0.00004
1962     50     0.00001
1962     51     0.00001
1962     52     0.00000
1962     53     0.00000
1962     54     0.00000
1962     55+    0.00000
1963     12-    0.00000
1963     13     0.00008
1963     14     0.00044
1963     15     0.00243
1963     16     0.01155
1963     17     0.03256
1963     18     0.06186
1963     19     0.08699
1963     20     0.11098
1963     21     0.13558
1963     22     0.15572
1963     23     0.16856
1963     24     0.17526
1963     25     0.17610
1963     26     0.17080
1963     27     0.16097
1963     28     0.14961
1963     29     0.13835
1963     30     0.12459
1963     31     0.11052
1963     32     0.09630
1963     33     0.08387
1963     34     0.07285
1963     35     0.06294
1963     36     0.05377
1963     37     0.04483
1963     38     0.03699
1963     39     0.02992
1963     40     0.02323
1963     41     0.01668
1963     42     0.01088
1963     43     0.00716
1963     44     0.00445
1963     45     0.00211
1963     46     0.00093
1963     47     0.00038
1963     48     0.00014
1963     49     0.00004
1963     50     0.00001
1963     51     0.00000
1963     52     0.00000
1963     53     0.00000
1963     54     0.00000
1963     55+    0.00000
1964     12-    0.00001
1964     13     0.00012
1964     14     0.00043
1964     15     0.00241
1964     16     0.01153
1964     17     0.03460
1964     18     0.06609
1964     19     0.09623
1964     20     0.11626
1964     21     0.13672
1964     22     0.15633
1964     23     0.16911
1964     24     0.17576
1964     25     0.17635
1964     26     0.17184
1964     27     0.16176
1964     28     0.14957
1964     29     0.13764
1964     30     0.12526
1964     31     0.11144
1964     32     0.09842
1964     33     0.08526
1964     34     0.07343
1964     35     0.06314
1964     36     0.05394
1964     37     0.04532
1964     38     0.03657
1964     39     0.02927
1964     40     0.02300
1964     41     0.01676
1964     42     0.01153
1964     43     0.00709
1964     44     0.00418
1964     45     0.00228
1964     46     0.00101
1964     47     0.00037
1964     48     0.00015
1964     49     0.00004
1964     50     0.00001
1964     51     0.00000
1964     52     0.00000
1964     53     0.00000
1964     54     0.00000
1964     55+    0.00000
1965     12-    0.00001
1965     13     0.00010
1965     14     0.00040
1965     15     0.00247
1965     16     0.01162
1965     17     0.03441
1965     18     0.06865
1965     19     0.10032
1965     20     0.12361
1965     21     0.14036
1965     22     0.15375
1965     23     0.16334
1965     24     0.17002
1965     25     0.17175
1965     26     0.16750
1965     27     0.15854
1965     28     0.14599
1965     29     0.13330
1965     30     0.12079
1965     31     0.10808
1965     32     0.09552
1965     33     0.08312
1965     34     0.07109
1965     35     0.06120
1965     36     0.05196
1965     37     0.04335
1965     38     0.03551
1965     39     0.02827
1965     40     0.02215
1965     41     0.01617
1965     42     0.01088
1965     43     0.00683
1965     44     0.00392
1965     45     0.00218
1965     46     0.00100
1965     47     0.00036
1965     48     0.00014
1965     49     0.00003
1965     50     0.00001
1965     51     0.00000
1965     52     0.00000
1965     53     0.00000
1965     54     0.00000
1965     55+    0.00000
1966     12-    0.00000
1966     13     0.00007
1966     14     0.00039
1966     15     0.00259
1966     16     0.01233
1966     17     0.03609
1966     18     0.07099
1966     19     0.10852
1966     20     0.13354
1966     21     0.14915
1966     22     0.15928
1966     23     0.16530
1966     24     0.16979
1966     25     0.17036
1966     26     0.16639
1966     27     0.15837
1966     28     0.14675
1966     29     0.13315
1966     30     0.11943
1966     31     0.10625
1966     32     0.09485
1966     33     0.08288
1966     34     0.07077
1966     35     0.06072
1966     36     0.05159
1966     37     0.04270
1966     38     0.03487
1966     39     0.02731
1966     40     0.02068
1966     41     0.01542
1966     42     0.01071
1966     43     0.00674
1966     44     0.00395
1966     45     0.00198
1966     46     0.00092
1966     47     0.00040
1966     48     0.00014
1966     49     0.00003
1966     50     0.00001
1966     51     0.00000
1966     52     0.00000
1966     53     0.00000
1966     54     0.00000
1966     55+    0.00000
1967     12-    0.00001
1967     13     0.00008
1967     14     0.00039
1967     15     0.00246
1967     16     0.01202
1967     17     0.03621
1967     18     0.07215
1967     19     0.10894
1967     20     0.13812
1967     21     0.15523
1967     22     0.16193
1967     23     0.16378
1967     24     0.16432
1967     25     0.16334
1967     26     0.15928
1967     27     0.15201
1967     28     0.14193
1967     29     0.12940
1967     30     0.11568
1967     31     0.10201
1967     32     0.09022
1967     33     0.08040
1967     34     0.06969
1967     35     0.05981
1967     36     0.04991
1967     37     0.04113
1967     38     0.03350
1967     39     0.02657
1967     40     0.02018
1967     41     0.01417
1967     42     0.00980
1967     43     0.00646
1967     44     0.00386
1967     45     0.00196
1967     46     0.00085
1967     47     0.00037
1967     48     0.00014
1967     49     0.00003
1967     50     0.00000
1967     51     0.00000
1967     52     0.00000
1967     53     0.00000
1967     54     0.00000
1967     55+    0.00000
1968     12-    0.00001
1968     13     0.00010
1968     14     0.00046
1968     15     0.00256
1968     16     0.01239
1968     17     0.03726
1968     18     0.07234
1968     19     0.10787
1968     20     0.13494
1968     21     0.15293
1968     22     0.15803
1968     23     0.15551
1968     24     0.15428
1968     25     0.15291
1968     26     0.14910
1968     27     0.14235
1968     28     0.13389
1968     29     0.12290
1968     30     0.11006
1968     31     0.09727
1968     32     0.08482
1968     33     0.07485
1968     34     0.06696
1968     35     0.05799
1968     36     0.04896
1968     37     0.04020
1968     38     0.03270
1968     39     0.02593
1968     40     0.01980
1968     41     0.01420
1968     42     0.00955
1968     43     0.00616
1968     44     0.00367
1968     45     0.00188
1968     46     0.00085
1968     47     0.00035
1968     48     0.00013
1968     49     0.00004
1968     50     0.00001
1968     51     0.00001
1968     52     0.00000
1968     53     0.00000
1968     54     0.00000
1968     55+    0.00000
1969     12-    0.00001
1969     13     0.00011
1969     14     0.00043
1969     15     0.00270
1969     16     0.01335
1969     17     0.03943
1969     18     0.07362
1969     19     0.10453
1969     20     0.12638
1969     21     0.13872
1969     22     0.14458
1969     23     0.14202
1969     24     0.13879
1969     25     0.13843
1969     26     0.13437
1969     27     0.12798
1969     28     0.12096
1969     29     0.11252
1969     30     0.10233
1969     31     0.09108
1969     32     0.08027
1969     33     0.07008
1969     34     0.06161
1969     35     0.05449
1969     36     0.04631
1969     37     0.03869
1969     38     0.03129
1969     39     0.02421
1969     40     0.01848
1969     41     0.01358
1969     42     0.00911
1969     43     0.00572
1969     44     0.00334
1969     45     0.00173
1969     46     0.00079
1969     47     0.00032
1969     48     0.00012
1969     49     0.00004
1969     50     0.00001
1969     51     0.00001
1969     52     0.00001
1969     53     0.00000
1969     54     0.00000
1969     55+    0.00000
1970     12-    0.00001
1970     13     0.00011
1970     14     0.00054
1970     15     0.00322
1970     16     0.01456
1970     17     0.04023
1970     18     0.07225
1970     19     0.09920
1970     20     0.11451
1970     21     0.12435
1970     22     0.12911
1970     23     0.12933
1970     24     0.12544
1970     25     0.12151
1970     26     0.11855
1970     27     0.11310
1970     28     0.10604
1970     29     0.09815
1970     30     0.08952
1970     31     0.08008
1970     32     0.07019
1970     33     0.06138
1970     34     0.05389
1970     35     0.04739
1970     36     0.04182
1970     37     0.03568
1970     38     0.02880
1970     39     0.02236
1970     40     0.01717
1970     41     0.01255
1970     42     0.00853
1970     43     0.00518
1970     44     0.00290
1970     45     0.00161
1970     46     0.00079
1970     47     0.00034
1970     48     0.00013
1970     49     0.00004
1970     50     0.00002
1970     51     0.00001
1970     52     0.00001
1970     53     0.00000
1970     54     0.00000
1970     55+    0.00000
1971     12-    0.00001
1971     13     0.00013
1971     14     0.00062
1971     15     0.00364
1971     16     0.01626
1971     17     0.04196
1971     18     0.07134
1971     19     0.09392
1971     20     0.10923
1971     21     0.12058
1971     22     0.12648
1971     23     0.12714
1971     24     0.12685
1971     25     0.12283
1971     26     0.11520
1971     27     0.10936
1971     28     0.10188
1971     29     0.09263
1971     30     0.08321
1971     31     0.07359
1971     32     0.06526
1971     33     0.05735
1971     34     0.04977
1971     35     0.04333
1971     36     0.03768
1971     37     0.03262
1971     38     0.02727
1971     39     0.02157
1971     40     0.01647
1971     41     0.01206
1971     42     0.00825
1971     43     0.00518
1971     44     0.00286
1971     45     0.00147
1971     46     0.00068
1971     47     0.00029
1971     48     0.00011
1971     49     0.00004
1971     50     0.00002
1971     51     0.00001
1971     52     0.00001
1971     53     0.00000
1971     54     0.00000
1971     55+    0.00000
1972     12-    0.00001
1972     13     0.00011
1972     14     0.00067
1972     15     0.00378
1972     16     0.01575
1972     17     0.03880
1972     18     0.06201
1972     19     0.08131
1972     20     0.09425
1972     21     0.10501
1972     22     0.11314
1972     23     0.11633
1972     24     0.11606
1972     25     0.11286
1972     26     0.10672
1972     27     0.09909
1972     28     0.09259
1972     29     0.08425
1972     30     0.07418
1972     31     0.06525
1972     32     0.05768
1972     33     0.05048
1972     34     0.04348
1972     35     0.03740
1972     36     0.03225
1972     37     0.02746
1972     38     0.02355
1972     39     0.01939
1972     40     0.01478
1972     41     0.01044
1972     42     0.00715
1972     43     0.00442
1972     44     0.00251
1972     45     0.00133
1972     46     0.00064
1972     47     0.00027
1972     48     0.00013
1972     49     0.00005
1972     50     0.00002
1972     51     0.00001
1972     52     0.00001
1972     53     0.00000
1972     54     0.00000
1972     55+    0.00000
1973     12-    0.00001
1973     13     0.00013
1973     14     0.00066
1973     15     0.00363
1973     16     0.01381
1973     17     0.03289
1973     18     0.05291
1973     19     0.06868
1973     20     0.08143
1973     21     0.09171
1973     22     0.10137
1973     23     0.10693
1973     24     0.10764
1973     25     0.10610
1973     26     0.10106
1973     27     0.09327
1973     28     0.08401
1973     29     0.07671
1973     30     0.06835
1973     31     0.05877
1973     32     0.05044
1973     33     0.04393
1973     34     0.03852
1973     35     0.03316
1973     36     0.02830
1973     37     0.02357
1973     38     0.01983
1973     39     0.01679
1973     40     0.01299
1973     41     0.00934
1973     42     0.00633
1973     43     0.00404
1973     44     0.00224
1973     45     0.00112
1973     46     0.00055
1973     47     0.00023
1973     48     0.00010
1973     49     0.00004
1973     50     0.00002
1973     51     0.00001
1973     52     0.00001
1973     53     0.00000
1973     54     0.00000
1973     55+    0.00000
1974     12-    0.00000
1974     13     0.00007
1974     14     0.00053
1974     15     0.00314
1974     16     0.01266
1974     17     0.02999
1974     18     0.04917
1974     19     0.06530
1974     20     0.07794
1974     21     0.08980
1974     22     0.09924
1974     23     0.10734
1974     24     0.11061
1974     25     0.10882
1974     26     0.10376
1974     27     0.09639
1974     28     0.08674
1974     29     0.07566
1974     30     0.06727
1974     31     0.05841
1974     32     0.04894
1974     33     0.04177
1974     34     0.03567
1974     35     0.03013
1974     36     0.02547
1974     37     0.02114
1974     38     0.01725
1974     39     0.01418
1974     40     0.01148
1974     41     0.00846
1974     42     0.00581
1974     43     0.00362
1974     44     0.00201
1974     45     0.00107
1974     46     0.00052
1974     47     0.00023
1974     48     0.00009
1974     49     0.00004
1974     50     0.00002
1974     51     0.00001
1974     52     0.00001
1974     53     0.00000
1974     54     0.00000
1974     55+    0.00000
1975     12-    0.00000
1975     13     0.00008
1975     14     0.00047
1975     15     0.00272
1975     16     0.01041
1975     17     0.02472
1975     18     0.04265
1975     19     0.05980
1975     20     0.07231
1975     21     0.08373
1975     22     0.09530
1975     23     0.10208
1975     24     0.10778
1975     25     0.10947
1975     26     0.10423
1975     27     0.09659
1975     28     0.08721
1975     29     0.07750
1975     30     0.06679
1975     31     0.05703
1975     32     0.04875
1975     33     0.04053
1975     34     0.03344
1975     35     0.02794
1975     36     0.02322
1975     37     0.01883
1975     38     0.01538
1975     39     0.01230
1975     40     0.00947
1975     41     0.00734
1975     42     0.00517
1975     43     0.00318
1975     44     0.00180
1975     45     0.00095
1975     46     0.00044
1975     47     0.00020
1975     48     0.00009
1975     49     0.00004
1975     50     0.00002
1975     51     0.00001
1975     52     0.00001
1975     53     0.00000
1975     54     0.00000
1975     55+    0.00000
1976     12-    0.00000
1976     13     0.00007
1976     14     0.00044
1976     15     0.00238
1976     16     0.00944
1976     17     0.02238
1976     18     0.03982
1976     19     0.05786
1976     20     0.07247
1976     21     0.08417
1976     22     0.09424
1976     23     0.10377
1976     24     0.10849
1976     25     0.11052
1976     26     0.10872
1976     27     0.10080
1976     28     0.09160
1976     29     0.08117
1976     30     0.06955
1976     31     0.05803
1976     32     0.04920
1976     33     0.04123
1976     34     0.03320
1976     35     0.02681
1976     36     0.02179
1976     37     0.01784
1976     38     0.01462
1976     39     0.01127
1976     40     0.00843
1976     41     0.00623
1976     42     0.00447
1976     43     0.00303
1976     44     0.00175
1976     45     0.00086
1976     46     0.00042
1976     47     0.00018
1976     48     0.00009
1976     49     0.00004
1976     50     0.00002
1976     51     0.00001
1976     52     0.00001
1976     53     0.00000
1976     54     0.00000
1976     55+    0.00000
1977     12-    0.00000
1977     13     0.00006
1977     14     0.00034
1977     15     0.00200
1977     16     0.00814
1977     17     0.02015
1977     18     0.03586
1977     19     0.05263
1977     20     0.06693
1977     21     0.08044
1977     22     0.08974
1977     23     0.09777
1977     24     0.10494
1977     25     0.10732
1977     26     0.10660
1977     27     0.10103
1977     28     0.09204
1977     29     0.08145
1977     30     0.06970
1977     31     0.05871
1977     32     0.04739
1977     33     0.03935
1977     34     0.03295
1977     35     0.02570
1977     36     0.02028
1977     37     0.01637
1977     38     0.01288
1977     39     0.01001
1977     40     0.00745
1977     41     0.00528
1977     42     0.00374
1977     43     0.00262
1977     44     0.00159
1977     45     0.00082
1977     46     0.00042
1977     47     0.00020
1977     48     0.00008
1977     49     0.00004
1977     50     0.00002
1977     51     0.00001
1977     52     0.00001
1977     53     0.00000
1977     54     0.00000
1977     55+    0.00000
1978     12-    0.00000
1978     13     0.00004
1978     14     0.00027
1978     15     0.00181
1978     16     0.00695
1978     17     0.01809
1978     18     0.03389
1978     19     0.04932
1978     20     0.06270
1978     21     0.07556
1978     22     0.08820
1978     23     0.09652
1978     24     0.10215
1978     25     0.10680
1978     26     0.10559
1978     27     0.10069
1978     28     0.09390
1978     29     0.08382
1978     30     0.07166
1978     31     0.05934
1978     32     0.04954
1978     33     0.03947
1978     34     0.03185
1978     35     0.02586
1978     36     0.01976
1978     37     0.01526
1978     38     0.01188
1978     39     0.00904
1978     40     0.00654
1978     41     0.00459
1978     42     0.00323
1978     43     0.00204
1978     44     0.00128
1978     45     0.00077
1978     46     0.00037
1978     47     0.00015
1978     48     0.00005
1978     49     0.00002
1978     50     0.00001
1978     51     0.00001
1978     52     0.00001
1978     53     0.00000
1978     54     0.00000
1978     55+    0.00000
1979     12-    0.00000
1979     13     0.00007
1979     14     0.00034
1979     15     0.00178
1979     16     0.00672
1979     17     0.01662
1979     18     0.03050
1979     19     0.04732
1979     20     0.06024
1979     21     0.07238
1979     22     0.08486
1979     23     0.09555
1979     24     0.10244
1979     25     0.10632
1979     26     0.10633
1979     27     0.10231
1979     28     0.09550
1979     29     0.08643
1979     30     0.07490
1979     31     0.06239
1979     32     0.05072
1979     33     0.04160
1979     34     0.03292
1979     35     0.02586
1979     36     0.02040
1979     37     0.01532
1979     38     0.01161
1979     39     0.00871
1979     40     0.00628
1979     41     0.00430
1979     42     0.00274
1979     43     0.00173
1979     44     0.00102
1979     45     0.00061
1979     46     0.00032
1979     47     0.00017
1979     48     0.00012
1979     49     0.00006
1979     50     0.00003
1979     51     0.00002
1979     52     0.00001
1979     53     0.00000
1979     54     0.00000
1979     55+    0.00000
1980     12-    0.00001
1980     13     0.00007
1980     14     0.00033
1980     15     0.00181
1980     16     0.00662
1980     17     0.01609
1980     18     0.03044
1980     19     0.04746
1980     20     0.06285
1980     21     0.07561
1980     22     0.08775
1980     23     0.09943
1980     24     0.10850
1980     25     0.11250
1980     26     0.11176
1980     27     0.10808
1980     28     0.10044
1980     29     0.09077
1980     30     0.07975
1980     31     0.06706
1980     32     0.05502
1980     33     0.04409
1980     34     0.03615
1980     35     0.02824
1980     36     0.02179
1980     37     0.01695
1980     38     0.01213
1980     39     0.00873
1980     40     0.00622
1980     41     0.00423
1980     42     0.00284
1980     43     0.00174
1980     44     0.00101
1980     45     0.00057
1980     46     0.00033
1980     47     0.00016
1980     48     0.00008
1980     49     0.00006
1980     50     0.00005
1980     51     0.00003
1980     52     0.00001
1980     53     0.00001
1980     54     0.00000
1980     55+    0.00000
1981     12-    0.00001
1981     13     0.00006
1981     14     0.00024
1981     15     0.00152
1981     16     0.00583
1981     17     0.01427
1981     18     0.02779
1981     19     0.04399
1981     20     0.05902
1981     21     0.07386
1981     22     0.08617
1981     23     0.09668
1981     24     0.10621
1981     25     0.11211
1981     26     0.11100
1981     27     0.10651
1981     28     0.10094
1981     29     0.09164
1981     30     0.08036
1981     31     0.06927
1981     32     0.05720
1981     33     0.04582
1981     34     0.03671
1981     35     0.02945
1981     36     0.02217
1981     37     0.01671
1981     38     0.01251
1981     39     0.00893
1981     40     0.00629
1981     41     0.00425
1981     42     0.00277
1981     43     0.00165
1981     44     0.00097
1981     45     0.00059
1981     46     0.00028
1981     47     0.00016
1981     48     0.00012
1981     49     0.00007
1981     50     0.00004
1981     51     0.00002
1981     52     0.00001
1981     53     0.00001
1981     54     0.00000
1981     55+    0.00000
1982     12-    0.00001
1982     13     0.00006
1982     14     0.00026
1982     15     0.00142
1982     16     0.00498
1982     17     0.01268
1982     18     0.02464
1982     19     0.03939
1982     20     0.05469
1982     21     0.06943
1982     22     0.08317
1982     23     0.09457
1982     24     0.10437
1982     25     0.11029
1982     26     0.11137
1982     27     0.10714
1982     28     0.10010
1982     29     0.09191
1982     30     0.08073
1982     31     0.06868
1982     32     0.05722
1982     33     0.04596
1982     34     0.03706
1982     35     0.02900
1982     36     0.02255
1982     37     0.01689
1982     38     0.01247
1982     39     0.00918
1982     40     0.00609
1982     41     0.00403
1982     42     0.00265
1982     43     0.00162
1982     44     0.00096
1982     45     0.00049
1982     46     0.00024
1982     47     0.00014
1982     48     0.00010
1982     49     0.00008
1982     50     0.00004
1982     51     0.00003
1982     52     0.00001
1982     53     0.00001
1982     54     0.00000
1982     55+    0.00000
1983     12-    0.00000
1983     13     0.00004
1983     14     0.00027
1983     15     0.00117
1983     16     0.00402
1983     17     0.01010
1983     18     0.02018
1983     19     0.03341
1983     20     0.04725
1983     21     0.06166
1983     22     0.07613
1983     23     0.08911
1983     24     0.09900
1983     25     0.10561
1983     26     0.10692
1983     27     0.10392
1983     28     0.09671
1983     29     0.08803
1983     30     0.07824
1983     31     0.06647
1983     32     0.05569
1983     33     0.04571
1983     34     0.03654
1983     35     0.02871
1983     36     0.02202
1983     37     0.01696
1983     38     0.01203
1983     39     0.00859
1983     40     0.00612
1983     41     0.00398
1983     42     0.00250
1983     43     0.00149
1983     44     0.00086
1983     45     0.00047
1983     46     0.00024
1983     47     0.00012
1983     48     0.00006
1983     49     0.00004
1983     50     0.00004
1983     51     0.00003
1983     52     0.00002
1983     53     0.00001
1983     54     0.00000
1983     55+    0.00000
1984     12-    0.00000
1984     13     0.00006
1984     14     0.00027
1984     15     0.00115
1984     16     0.00367
1984     17     0.00871
1984     18     0.01745
1984     19     0.02963
1984     20     0.04142
1984     21     0.05430
1984     22     0.06882
1984     23     0.08258
1984     24     0.09505
1984     25     0.10333
1984     26     0.10591
1984     27     0.10367
1984     28     0.09786
1984     29     0.08849
1984     30     0.07870
1984     31     0.06781
1984     32     0.05589
1984     33     0.04595
1984     34     0.03756
1984     35     0.02970
1984     36     0.02271
1984     37     0.01672
1984     38     0.01238
1984     39     0.00860
1984     40     0.00600
1984     41     0.00398
1984     42     0.00235
1984     43     0.00138
1984     44     0.00078
1984     45     0.00042
1984     46     0.00023
1984     47     0.00010
1984     48     0.00005
1984     49     0.00004
1984     50     0.00002
1984     51     0.00001
1984     52     0.00001
1984     53     0.00000
1984     54     0.00000
1984     55+    0.00000
1985     12-    0.00001
1985     13     0.00007
1985     14     0.00029
1985     15     0.00122
1985     16     0.00361
1985     17     0.00833
1985     18     0.01619
1985     19     0.02667
1985     20     0.03794
1985     21     0.04979
1985     22     0.06372
1985     23     0.07858
1985     24     0.09151
1985     25     0.10112
1985     26     0.10521
1985     27     0.10370
1985     28     0.09853
1985     29     0.09116
1985     30     0.08069
1985     31     0.06908
1985     32     0.05785
1985     33     0.04743
1985     34     0.03885
1985     35     0.03102
1985     36     0.02343
1985     37     0.01727
1985     38     0.01243
1985     39     0.00904
1985     40     0.00609
1985     41     0.00406
1985     42     0.00255
1985     43     0.00141
1985     44     0.00079
1985     45     0.00042
1985     46     0.00020
1985     47     0.00010
1985     48     0.00005
1985     49     0.00004
1985     50     0.00003
1985     51     0.00002
1985     52     0.00001
1985     53     0.00001
1985     54     0.00000
1985     55+    0.00000
1986     12-    0.00001
1986     13     0.00009
1986     14     0.00029
1986     15     0.00122
1986     16     0.00389
1986     17     0.00858
1986     18     0.01569
1986     19     0.02587
1986     20     0.03719
1986     21     0.04943
1986     22     0.06342
1986     23     0.07810
1986     24     0.09367
1986     25     0.10557
1986     26     0.11070
1986     27     0.11102
1986     28     0.10597
1986     29     0.09795
1986     30     0.08793
1986     31     0.07533
1986     32     0.06296
1986     33     0.05127
1986     34     0.04147
1986     35     0.03301
1986     36     0.02558
1986     37     0.01904
1986     38     0.01365
1986     39     0.00971
1986     40     0.00660
1986     41     0.00423
1986     42     0.00257
1986     43     0.00148
1986     44     0.00076
1986     45     0.00038
1986     46     0.00020
1986     47     0.00009
1986     48     0.00006
1986     49     0.00004
1986     50     0.00002
1986     51     0.00001
1986     52     0.00001
1986     53     0.00000
1986     54     0.00000
1986     55+    0.00000
1987     12-    0.00000
1987     13     0.00006
1987     14     0.00031
1987     15     0.00133
1987     16     0.00426
1987     17     0.00941
1987     18     0.01660
1987     19     0.02589
1987     20     0.03643
1987     21     0.04822
1987     22     0.06149
1987     23     0.07575
1987     24     0.09054
1987     25     0.10301
1987     26     0.11012
1987     27     0.11212
1987     28     0.10836
1987     29     0.10015
1987     30     0.09004
1987     31     0.07867
1987     32     0.06598
1987     33     0.05450
1987     34     0.04434
1987     35     0.03489
1987     36     0.02692
1987     37     0.02015
1987     38     0.01449
1987     39     0.01023
1987     40     0.00705
1987     41     0.00472
1987     42     0.00274
1987     43     0.00148
1987     44     0.00081
1987     45     0.00043
1987     46     0.00023
1987     47     0.00011
1987     48     0.00005
1987     49     0.00003
1987     50     0.00003
1987     51     0.00002
1987     52     0.00001
1987     53     0.00001
1987     54     0.00000
1987     55+    0.00000
1988     12-    0.00000
1988     13     0.00009
1988     14     0.00041
1988     15     0.00163
1988     16     0.00480
1988     17     0.01049
1988     18     0.01864
1988     19     0.02780
1988     20     0.03674
1988     21     0.04764
1988     22     0.06108
1988     23     0.07581
1988     24     0.09136
1988     25     0.10532
1988     26     0.11376
1988     27     0.11555
1988     28     0.11239
1988     29     0.10576
1988     30     0.09574
1988     31     0.08353
1988     32     0.07076
1988     33     0.05799
1988     34     0.04735
1988     35     0.03735
1988     36     0.02820
1988     37     0.02123
1988     38     0.01568
1988     39     0.01094
1988     40     0.00725
1988     41     0.00470
1988     42     0.00300
1988     43     0.00159
1988     44     0.00085
1988     45     0.00045
1988     46     0.00019
1988     47     0.00009
1988     48     0.00006
1988     49     0.00004
1988     50     0.00003
1988     51     0.00002
1988     52     0.00001
1988     53     0.00001
1988     54     0.00000
1988     55+    0.00000
1989     12-    0.00001
1989     13     0.00009
1989     14     0.00041
1989     15     0.00185
1989     16     0.00540
1989     17     0.01099
1989     18     0.01990
1989     19     0.03024
1989     20     0.03820
1989     21     0.04627
1989     22     0.05721
1989     23     0.07165
1989     24     0.08641
1989     25     0.10023
1989     26     0.10924
1989     27     0.11158
1989     28     0.11019
1989     29     0.10432
1989     30     0.09472
1989     31     0.08242
1989     32     0.07056
1989     33     0.05892
1989     34     0.04740
1989     35     0.03810
1989     36     0.02978
1989     37     0.02228
1989     38     0.01572
1989     39     0.01114
1989     40     0.00773
1989     41     0.00480
1989     42     0.00289
1989     43     0.00178
1989     44     0.00092
1989     45     0.00044
1989     46     0.00020
1989     47     0.00011
1989     48     0.00007
1989     49     0.00005
1989     50     0.00004
1989     51     0.00002
1989     52     0.00001
1989     53     0.00001
1989     54     0.00000
1989     55+    0.00000
1990     12-    0.00000
1990     13     0.00010
1990     14     0.00055
1990     15     0.00166
1990     16     0.00534
1990     17     0.01192
1990     18     0.02153
1990     19     0.03215
1990     20     0.04145
1990     21     0.04931
1990     22     0.05848
1990     23     0.07146
1990     24     0.08740
1990     25     0.10217
1990     26     0.11213
1990     27     0.11678
1990     28     0.11605
1990     29     0.10991
1990     30     0.10018
1990     31     0.08819
1990     32     0.07516
1990     33     0.06244
1990     34     0.05135
1990     35     0.04075
1990     36     0.03060
1990     37     0.02297
1990     38     0.01679
1990     39     0.01198
1990     40     0.00823
1990     41     0.00513
1990     42     0.00307
1990     43     0.00176
1990     44     0.00103
1990     45     0.00049
1990     46     0.00023
1990     47     0.00014
1990     48     0.00009
1990     49     0.00003
1990     50     0.00001
1990     51     0.00000
1990     52     0.00000
1990     53     0.00000
1990     54     0.00000
1990     55+    0.00000
1991     12-    0.00000
1991     13     0.00015
1991     14     0.00067
1991     15     0.00164
1991     16     0.00546
1991     17     0.01262
1991     18     0.02324
1991     19     0.03389
1991     20     0.04319
1991     21     0.05071
1991     22     0.05789
1991     23     0.06725
1991     24     0.08006
1991     25     0.09491
1991     26     0.10668
1991     27     0.11241
1991     28     0.11200
1991     29     0.10740
1991     30     0.09892
1991     31     0.08694
1991     32     0.07457
1991     33     0.06203
1991     34     0.05075
1991     35     0.04065
1991     36     0.03166
1991     37     0.02369
1991     38     0.01702
1991     39     0.01201
1991     40     0.00829
1991     41     0.00533
1991     42     0.00315
1991     43     0.00177
1991     44     0.00088
1991     45     0.00044
1991     46     0.00020
1991     47     0.00010
1991     48     0.00008
1991     49     0.00003
1991     50     0.00001
1991     51     0.00001
1991     52     0.00000
1991     53     0.00000
1991     54     0.00000
1991     55+    0.00000
1992     12-    0.00000
1992     13     0.00014
1992     14     0.00068
1992     15     0.00177
1992     16     0.00561
1992     17     0.01272
1992     18     0.02383
1992     19     0.03571
1992     20     0.04424
1992     21     0.05177
1992     22     0.05908
1992     23     0.06640
1992     24     0.07645
1992     25     0.08922
1992     26     0.10108
1992     27     0.10821
1992     28     0.10935
1992     29     0.10561
1992     30     0.09811
1992     31     0.08767
1992     32     0.07461
1992     33     0.06235
1992     34     0.05148
1992     35     0.04113
1992     36     0.03198
1992     37     0.02399
1992     38     0.01756
1992     39     0.01260
1992     40     0.00856
1992     41     0.00544
1992     42     0.00333
1992     43     0.00184
1992     44     0.00094
1992     45     0.00044
1992     46     0.00024
1992     47     0.00011
1992     48     0.00006
1992     49     0.00002
1992     50     0.00001
1992     51     0.00000
1992     52     0.00000
1992     53     0.00000
1992     54     0.00000
1992     55+    0.00000
1993     12-    0.00000
1993     13     0.00009
1993     14     0.00057
1993     15     0.00166
1993     16     0.00496
1993     17     0.01161
1993     18     0.02241
1993     19     0.03494
1993     20     0.04486
1993     21     0.05111
1993     22     0.05794
1993     23     0.06603
1993     24     0.07546
1993     25     0.08643
1993     26     0.09732
1993     27     0.10613
1993     28     0.10837
1993     29     0.10654
1993     30     0.10016
1993     31     0.08777
1993     32     0.07529
1993     33     0.06344
1993     34     0.05204
1993     35     0.04150
1993     36     0.03233
1993     37     0.02422
1993     38     0.01755
1993     39     0.01256
1993     40     0.00841
1993     41     0.00531
1993     42     0.00333
1993     43     0.00186
1993     44     0.00098
1993     45     0.00048
1993     46     0.00023
1993     47     0.00010
1993     48     0.00006
1993     49     0.00003
1993     50     0.00001
1993     51     0.00000
1993     52     0.00000
1993     53     0.00000
1993     54     0.00000
1993     55+    0.00000
1994     12-    0.00000
1994     13     0.00007
1994     14     0.00052
1994     15     0.00168
1994     16     0.00484
1994     17     0.01066
1994     18     0.02017
1994     19     0.03242
1994     20     0.04334
1994     21     0.05110
1994     22     0.05694
1994     23     0.06399
1994     24     0.07212
1994     25     0.08094
1994     26     0.09014
1994     27     0.09845
1994     28     0.10386
1994     29     0.10391
1994     30     0.09716
1994     31     0.08649
1994     32     0.07499
1994     33     0.06311
1994     34     0.05159
1994     35     0.04129
1994     36     0.03212
1994     37     0.02420
1994     38     0.01786
1994     39     0.01272
1994     40     0.00855
1994     41     0.00547
1994     42     0.00327
1994     43     0.00189
1994     44     0.00098
1994     45     0.00049
1994     46     0.00021
1994     47     0.00007
1994     48     0.00005
1994     49     0.00002
1994     50     0.00000
1994     51     0.00000
1994     52     0.00000
1994     53     0.00000
1994     54     0.00000
1994     55+    0.00000
1995     12-    0.00000
1995     13     0.00007
1995     14     0.00045
1995     15     0.00145
1995     16     0.00462
1995     17     0.01012
1995     18     0.01906
1995     19     0.03047
1995     20     0.04137
1995     21     0.05046
1995     22     0.05712
1995     23     0.06252
1995     24     0.07056
1995     25     0.08008
1995     26     0.08809
1995     27     0.09554
1995     28     0.10147
1995     29     0.10258
1995     30     0.09747
1995     31     0.08814
1995     32     0.07693
1995     33     0.06488
1995     34     0.05366
1995     35     0.04304
1995     36     0.03295
1995     37     0.02482
1995     38     0.01856
1995     39     0.01306
1995     40     0.00869
1995     41     0.00555
1995     42     0.00332
1995     43     0.00182
1995     44     0.00099
1995     45     0.00048
1995     46     0.00019
1995     47     0.00008
1995     48     0.00004
1995     49     0.00001
1995     50     0.00000
1995     51     0.00000
1995     52     0.00000
1995     53     0.00000
1995     54     0.00000
1995     55+    0.00000
1996     12-    0.00000
1996     13     0.00007
1996     14     0.00048
1996     15     0.00152
1996     16     0.00463
1996     17     0.01038
1996     18     0.01954
1996     19     0.03111
1996     20     0.04231
1996     21     0.05267
1996     22     0.06106
1996     23     0.06743
1996     24     0.07373
1996     25     0.08311
1996     26     0.09173
1996     27     0.09787
1996     28     0.10324
1996     29     0.10529
1996     30     0.10224
1996     31     0.09356
1996     32     0.08160
1996     33     0.06867
1996     34     0.05641
1996     35     0.04580
1996     36     0.03558
1996     37     0.02662
1996     38     0.01951
1996     39     0.01396
1996     40     0.00939
1996     41     0.00589
1996     42     0.00350
1996     43     0.00196
1996     44     0.00099
1996     45     0.00046
1996     46     0.00022
1996     47     0.00008
1996     48     0.00004
1996     49     0.00002
1996     50     0.00000
1996     51     0.00000
1996     52     0.00000
1996     53     0.00000
1996     54     0.00000
1996     55+    0.00000
1997     12-    0.00000
1997     13     0.00008
1997     14     0.00049
1997     15     0.00144
1997     16     0.00442
1997     17     0.01031
1997     18     0.01960
1997     19     0.03083
1997     20     0.04139
1997     21     0.05204
1997     22     0.06164
1997     23     0.06900
1997     24     0.07669
1997     25     0.08401
1997     26     0.09256
1997     27     0.10027
1997     28     0.10467
1997     29     0.10691
1997     30     0.10525
1997     31     0.09798
1997     32     0.08581
1997     33     0.07250
1997     34     0.06071
1997     35     0.04923
1997     36     0.03844
1997     37     0.02894
1997     38     0.02127
1997     39     0.01506
1997     40     0.01022
1997     41     0.00658
1997     42     0.00392
1997     43     0.00210
1997     44     0.00105
1997     45     0.00050
1997     46     0.00026
1997     47     0.00014
1997     48     0.00005
1997     49     0.00001
1997     50     0.00000
1997     51     0.00000
1997     52     0.00000
1997     53     0.00000
1997     54     0.00000
1997     55+    0.00000
1998     12-    0.00000
1998     13     0.00008
1998     14     0.00048
1998     15     0.00144
1998     16     0.00435
1998     17     0.01011
1998     18     0.01937
1998     19     0.03089
1998     20     0.04151
1998     21     0.05056
1998     22     0.05968
1998     23     0.06784
1998     24     0.07540
1998     25     0.08299
1998     26     0.08903
1998     27     0.09553
1998     28     0.10100
1998     29     0.10329
1998     30     0.10108
1998     31     0.09486
1998     32     0.08540
1998     33     0.07318
1998     34     0.06114
1998     35     0.04992
1998     36     0.03893
1998     37     0.02934
1998     38     0.02137
1998     39     0.01524
1998     40     0.01036
1998     41     0.00651
1998     42     0.00386
1998     43     0.00214
1998     44     0.00113
1998     45     0.00050
1998     46     0.00020
1998     47     0.00013
1998     48     0.00007
1998     49     0.00002
1998     50     0.00000
1998     51     0.00000
1998     52     0.00000
1998     53     0.00000
1998     54     0.00000
1998     55+    0.00000
1999     12-    0.00000
1999     13     0.00006
1999     14     0.00044
1999     15     0.00146
1999     16     0.00441
1999     17     0.00995
1999     18     0.01895
1999     19     0.03000
1999     20     0.04035
1999     21     0.04976
1999     22     0.05845
1999     23     0.06601
1999     24     0.07470
1999     25     0.08303
1999     26     0.08889
1999     27     0.09388
1999     28     0.09925
1999     29     0.10150
1999     30     0.09971
1999     31     0.09463
1999     32     0.08547
1999     33     0.07439
1999     34     0.06272
1999     35     0.05106
1999     36     0.03984
1999     37     0.02963
1999     38     0.02205
1999     39     0.01594
1999     40     0.01060
1999     41     0.00687
1999     42     0.00420
1999     43     0.00222
1999     44     0.00103
1999     45     0.00049
1999     46     0.00020
1999     47     0.00010
1999     48     0.00008
1999     49     0.00003
1999     50     0.00001
1999     51     0.00000
1999     52     0.00000
1999     53     0.00000
1999     54     0.00000
1999     55+    0.00000
2000     12-    0.00000
2000     13     0.00002
2000     14     0.00035
2000     15     0.00157
2000     16     0.00451
2000     17     0.01017
2000     18     0.01914
2000     19     0.03055
2000     20     0.04060
2000     21     0.04976
2000     22     0.05819
2000     23     0.06555
2000     24     0.07377
2000     25     0.08314
2000     26     0.08981
2000     27     0.09494
2000     28     0.09864
2000     29     0.10085
2000     30     0.09962
2000     31     0.09459
2000     32     0.08656
2000     33     0.07631
2000     34     0.06466
2000     35     0.05248
2000     36     0.04121
2000     37     0.03138
2000     38     0.02344
2000     39     0.01697
2000     40     0.01146
2000     41     0.00705
2000     42     0.00428
2000     43     0.00243
2000     44     0.00115
2000     45     0.00055
2000     46     0.00021
2000     47     0.00008
2000     48     0.00005
2000     49     0.00003
2000     50     0.00002
2000     51     0.00001
2000     52     0.00000
2000     53     0.00000
2000     54     0.00000
2000     55+    0.00000
2001     12-    0.00000
2001     13     0.00005
2001     14     0.00047
2001     15     0.00173
2001     16     0.00488
2001     17     0.01031
2001     18     0.01884
2001     19     0.02984
2001     20     0.03934
2001     21     0.04805
2001     22     0.05620
2001     23     0.06322
2001     24     0.07060
2001     25     0.07863
2001     26     0.08586
2001     27     0.09120
2001     28     0.09525
2001     29     0.09738
2001     30     0.09628
2001     31     0.09188
2001     32     0.08444
2001     33     0.07498
2001     34     0.06433
2001     35     0.05327
2001     36     0.04207
2001     37     0.03204
2001     38     0.02354
2001     39     0.01670
2001     40     0.01149
2001     41     0.00717
2001     42     0.00426
2001     43     0.00233
2001     44     0.00120
2001     45     0.00060
2001     46     0.00027
2001     47     0.00009
2001     48     0.00003
2001     49     0.00002
2001     50     0.00003
2001     51     0.00003
2001     52     0.00002
2001     53     0.00001
2001     54     0.00000
2001     55+    0.00000
2002     12-    0.00000
2002     13     0.00004
2002     14     0.00045
2002     15     0.00174
2002     16     0.00483
2002     17     0.01011
2002     18     0.01789
2002     19     0.02777
2002     20     0.03734
2002     21     0.04584
2002     22     0.05363
2002     23     0.06137
2002     24     0.06884
2002     25     0.07640
2002     26     0.08320
2002     27     0.08958
2002     28     0.09476
2002     29     0.09686
2002     30     0.09582
2002     31     0.09188
2002     32     0.08493
2002     33     0.07596
2002     34     0.06583
2002     35     0.05517
2002     36     0.04404
2002     37     0.03320
2002     38     0.02437
2002     39     0.01775
2002     40     0.01222
2002     41     0.00771
2002     42     0.00450
2002     43     0.00254
2002     44     0.00133
2002     45     0.00059
2002     46     0.00024
2002     47     0.00011
2002     48     0.00007
2002     49     0.00003
2002     50     0.00001
2002     51     0.00001
2002     52     0.00001
2002     53     0.00000
2002     54     0.00000
2002     55+    0.00000
2003     12-    0.00000
2003     13     0.00004
2003     14     0.00040
2003     15     0.00155
2003     16     0.00451
2003     17     0.00951
2003     18     0.01716
2003     19     0.02633
2003     20     0.03473
2003     21     0.04361
2003     22     0.05161
2003     23     0.05858
2003     24     0.06719
2003     25     0.07554
2003     26     0.08247
2003     27     0.08858
2003     28     0.09373
2003     29     0.09680
2003     30     0.09662
2003     31     0.09247
2003     32     0.08594
2003     33     0.07696
2003     34     0.06724
2003     35     0.05687
2003     36     0.04533
2003     37     0.03476
2003     38     0.02580
2003     39     0.01847
2003     40     0.01244
2003     41     0.00781
2003     42     0.00474
2003     43     0.00262
2003     44     0.00127
2003     45     0.00062
2003     46     0.00030
2003     47     0.00012
2003     48     0.00006
2003     49     0.00002
2003     50     0.00001
2003     51     0.00001
2003     52     0.00001
2003     53     0.00000
2003     54     0.00000
2003     55+    0.00000
2004     12-    0.00000
2004     13     0.00004
2004     14     0.00036
2004     15     0.00146
2004     16     0.00408
2004     17     0.00863
2004     18     0.01592
2004     19     0.02498
2004     20     0.03305
2004     21     0.04154
2004     22     0.04970
2004     23     0.05782
2004     24     0.06627
2004     25     0.07451
2004     26     0.08214
2004     27     0.08808
2004     28     0.09360
2004     29     0.09748
2004     30     0.09806
2004     31     0.09500
2004     32     0.08883
2004     33     0.08052
2004     34     0.07020
2004     35     0.05920
2004     36     0.04782
2004     37     0.03685
2004     38     0.02763
2004     39     0.02005
2004     40     0.01343
2004     41     0.00827
2004     42     0.00484
2004     43     0.00268
2004     44     0.00137
2004     45     0.00065
2004     46     0.00028
2004     47     0.00014
2004     48     0.00008
2004     49     0.00003
2004     50     0.00001
2004     51     0.00001
2004     52     0.00001
2004     53     0.00000
2004     54     0.00000
2004     55+    0.00000
2005     12-    0.00000
2005     13     0.00004
2005     14     0.00038
2005     15     0.00142
2005     16     0.00395
2005     17     0.00806
2005     18     0.01493
2005     19     0.02412
2005     20     0.03219
2005     21     0.03928
2005     22     0.04672
2005     23     0.05484
2005     24     0.06319
2005     25     0.07187
2005     26     0.08022
2005     27     0.08639
2005     28     0.09116
2005     29     0.09512
2005     30     0.09710
2005     31     0.09490
2005     32     0.08856
2005     33     0.08074
2005     34     0.07078
2005     35     0.06004
2005     36     0.04863
2005     37     0.03784
2005     38     0.02881
2005     39     0.02098
2005     40     0.01403
2005     41     0.00871
2005     42     0.00530
2005     43     0.00297
2005     44     0.00145
2005     45     0.00068
2005     46     0.00032
2005     47     0.00017
2005     48     0.00010
2005     49     0.00003
2005     50     0.00001
2005     51     0.00001
2005     52     0.00001
2005     53     0.00001
2005     54     0.00000
2005     55+    0.00000
2006     12-    0.00000
2006     13     0.00004
2006     14     0.00033
2006     15     0.00128
2006     16     0.00367
2006     17     0.00753
2006     18     0.01393
2006     19     0.02263
2006     20     0.03051
2006     21     0.03775
2006     22     0.04454
2006     23     0.05206
2006     24     0.06072
2006     25     0.06962
2006     26     0.07750
2006     27     0.08465
2006     28     0.09035
2006     29     0.09462
2006     30     0.09654
2006     31     0.09445
2006     32     0.08917
2006     33     0.08088
2006     34     0.07147
2006     35     0.06145
2006     36     0.04997
2006     37     0.03908
2006     38     0.03014
2006     39     0.02214
2006     40     0.01504
2006     41     0.00943
2006     42     0.00570
2006     43     0.00313
2006     44     0.00157
2006     45     0.00077
2006     46     0.00033
2006     47     0.00012
2006     48     0.00006
2006     49     0.00004
2006     50     0.00002
2006     51     0.00002
2006     52     0.00001
2006     53     0.00001
2006     54     0.00000
2006     55+    0.00000
2007     12-    0.00000
2007     13     0.00003
2007     14     0.00033
2007     15     0.00130
2007     16     0.00349
2007     17     0.00718
2007     18     0.01345
2007     19     0.02150
2007     20     0.02914
2007     21     0.03635
2007     22     0.04361
2007     23     0.05053
2007     24     0.05880
2007     25     0.06881
2007     26     0.07802
2007     27     0.08560
2007     28     0.09209
2007     29     0.09727
2007     30     0.09937
2007     31     0.09777
2007     32     0.09363
2007     33     0.08632
2007     34     0.07669
2007     35     0.06608
2007     36     0.05443
2007     37     0.04236
2007     38     0.03203
2007     39     0.02373
2007     40     0.01646
2007     41     0.01046
2007     42     0.00605
2007     43     0.00335
2007     44     0.00173
2007     45     0.00079
2007     46     0.00037
2007     47     0.00020
2007     48     0.00010
2007     49     0.00005
2007     50     0.00003
2007     51     0.00002
2007     52     0.00001
2007     53     0.00001
2007     54     0.00000
2007     55+    0.00000
2008     12-    0.00000
2008     13     0.00004
2008     14     0.00034
2008     15     0.00132
2008     16     0.00356
2008     17     0.00692
2008     18     0.01250
2008     19     0.02052
2008     20     0.02791
2008     21     0.03436
2008     22     0.04109
2008     23     0.04894
2008     24     0.05689
2008     25     0.06616
2008     26     0.07589
2008     27     0.08436
2008     28     0.09119
2008     29     0.09675
2008     30     0.10008
2008     31     0.09933
2008     32     0.09520
2008     33     0.08817
2008     34     0.07925
2008     35     0.06894
2008     36     0.05646
2008     37     0.04470
2008     38     0.03421
2008     39     0.02540
2008     40     0.01779
2008     41     0.01116
2008     42     0.00659
2008     43     0.00365
2008     44     0.00186
2008     45     0.00088
2008     46     0.00040
2008     47     0.00019
2008     48     0.00009
2008     49     0.00005
2008     50     0.00003
2008     51     0.00002
2008     52     0.00001
2008     53     0.00001
2008     54     0.00000
2008     55+    0.00000
2009     12-    0.00000
2009     13     0.00003
2009     14     0.00027
2009     15     0.00105
2009     16     0.00315
2009     17     0.00627
2009     18     0.01141
2009     19     0.01885
2009     20     0.02589
2009     21     0.03223
2009     22     0.03865
2009     23     0.04587
2009     24     0.05455
2009     25     0.06373
2009     26     0.07270
2009     27     0.08122
2009     28     0.08875
2009     29     0.09478
2009     30     0.09846
2009     31     0.09797
2009     32     0.09415
2009     33     0.08831
2009     34     0.07951
2009     35     0.06908
2009     36     0.05770
2009     37     0.04581
2009     38     0.03524
2009     39     0.02616
2009     40     0.01831
2009     41     0.01151
2009     42     0.00668
2009     43     0.00379
2009     44     0.00195
2009     45     0.00091
2009     46     0.00041
2009     47     0.00021
2009     48     0.00012
2009     49     0.00007
2009     50     0.00004
2009     51     0.00003
2009     52     0.00002
2009     53     0.00001
2009     54     0.00000
2009     55+    0.00000
2010     12-    0.00000
2010     13     0.00003
2010     14     0.00027
2010     15     0.00103
2010     16     0.00298
2010     17     0.00611
2010     18     0.01123
2010     19     0.01819
2010     20     0.02456
2010     21     0.03113
2010     22     0.03772
2010     23     0.04483
2010     24     0.05369
2010     25     0.06345
2010     26     0.07259
2010     27     0.08180
2010     28     0.09034
2010     29     0.09694
2010     30     0.10131
2010     31     0.10149
2010     32     0.09789
2010     33     0.09149
2010     34     0.08320
2010     35     0.07317
2010     36     0.06127
2010     37     0.04884
2010     38     0.03762
2010     39     0.02823
2010     40     0.01959
2010     41     0.01233
2010     42     0.00717
2010     43     0.00387
2010     44     0.00209
2010     45     0.00105
2010     46     0.00048
2010     47     0.00021
2010     48     0.00010
2010     49     0.00007
2010     50     0.00005
2010     51     0.00004
2010     52     0.00002
2010     53     0.00001
2010     54     0.00000
2010     55+    0.00000
2011     12-    0.00000
2011     13     0.00003
2011     14     0.00028
2011     15     0.00104
2011     16     0.00270
2011     17     0.00557
2011     18     0.01041
2011     19     0.01685
2011     20     0.02294
2011     21     0.02893
2011     22     0.03470
2011     23     0.04179
2011     24     0.05052
2011     25     0.06016
2011     26     0.06959
2011     27     0.07886
2011     28     0.08807
2011     29     0.09497
2011     30     0.09973
2011     31     0.10108
2011     32     0.09725
2011     33     0.09096
2011     34     0.08342
2011     35     0.07379
2011     36     0.06224
2011     37     0.04964
2011     38     0.03821
2011     39     0.02876
2011     40     0.02027
2011     41     0.01268
2011     42     0.00736
2011     43     0.00405
2011     44     0.00209
2011     45     0.00102
2011     46     0.00044
2011     47     0.00021
2011     48     0.00013
2011     49     0.00008
2011     50     0.00006
2011     51     0.00005
2011     52     0.00003
2011     53     0.00001
2011     54     0.00000
2011     55+    0.00000
2012     12-    0.00000
2012     13     0.00003
2012     14     0.00028
2012     15     0.00100
2012     16     0.00276
2012     17     0.00566
2012     18     0.01009
2012     19     0.01659
2012     20     0.02279
2012     21     0.02826
2012     22     0.03404
2012     23     0.04108
2012     24     0.04931
2012     25     0.05945
2012     26     0.06964
2012     27     0.07927
2012     28     0.08787
2012     29     0.09599
2012     30     0.10224
2012     31     0.10262
2012     32     0.09954
2012     33     0.09365
2012     34     0.08530
2012     35     0.07556
2012     36     0.06400
2012     37     0.05147
2012     38     0.04018
2012     39     0.03033
2012     40     0.02094
2012     41     0.01328
2012     42     0.00786
2012     43     0.00422
2012     44     0.00216
2012     45     0.00112
2012     46     0.00053
2012     47     0.00026
2012     48     0.00016
2012     49     0.00007
2012     50     0.00004
2012     51     0.00004
2012     52     0.00003
2012     53     0.00001
2012     54     0.00000
2012     55+    0.00000
2013     12-    0.00000
2013     13     0.00003
2013     14     0.00029
2013     15     0.00106
2013     16     0.00260
2013     17     0.00553
2013     18     0.01018
2013     19     0.01576
2013     20     0.02141
2013     21     0.02687
2013     22     0.03289
2013     23     0.03969
2013     24     0.04808
2013     25     0.05841
2013     26     0.06841
2013     27     0.07832
2013     28     0.08838
2013     29     0.09601
2013     30     0.10221
2013     31     0.10488
2013     32     0.10163
2013     33     0.09610
2013     34     0.08858
2013     35     0.07769
2013     36     0.06579
2013     37     0.05418
2013     38     0.04248
2013     39     0.03195
2013     40     0.02212
2013     41     0.01395
2013     42     0.00830
2013     43     0.00455
2013     44     0.00229
2013     45     0.00110
2013     46     0.00056
2013     47     0.00027
2013     48     0.00013
2013     49     0.00008
2013     50     0.00006
2013     51     0.00004
2013     52     0.00002
2013     53     0.00001
2013     54     0.00000
2013     55+    0.00000
2014     12-    0.00000
2014     13     0.00004
2014     14     0.00034
2014     15     0.00109
2014     16     0.00274
2014     17     0.00555
2014     18     0.00998
2014     19     0.01587
2014     20     0.02129
2014     21     0.02672
2014     22     0.03287
2014     23     0.03972
2014     24     0.04829
2014     25     0.05893
2014     26     0.06959
2014     27     0.08034
2014     28     0.09126
2014     29     0.10079
2014     30     0.10765
2014     31     0.11010
2014     32     0.10745
2014     33     0.10100
2014     34     0.09288
2014     35     0.08224
2014     36     0.06944
2014     37     0.05684
2014     38     0.04520
2014     39     0.03441
2014     40     0.02410
2014     41     0.01536
2014     42     0.00909
2014     43     0.00491
2014     44     0.00243
2014     45     0.00123
2014     46     0.00060
2014     47     0.00031
2014     48     0.00016
2014     49     0.00008
2014     50     0.00006
2014     51     0.00005
2014     52     0.00003
2014     53     0.00001
2014     54     0.00000
2014     55+    0.00000
2015     12-    0.00000
2015     13     0.00005
2015     14     0.00042
2015     15     0.00119
2015     16     0.00279
2015     17     0.00543
2015     18     0.00983
2015     19     0.01601
2015     20     0.02179
2015     21     0.02714
2015     22     0.03301
2015     23     0.04005
2015     24     0.04865
2015     25     0.05886
2015     26     0.07031
2015     27     0.08195
2015     28     0.09306
2015     29     0.10251
2015     30     0.10994
2015     31     0.11234
2015     32     0.11045
2015     33     0.10468
2015     34     0.09527
2015     35     0.08487
2015     36     0.07193
2015     37     0.05814
2015     38     0.04603
2015     39     0.03550
2015     40     0.02559
2015     41     0.01610
2015     42     0.00911
2015     43     0.00508
2015     44     0.00269
2015     45     0.00130
2015     46     0.00065
2015     47     0.00032
2015     48     0.00017
2015     49     0.00010
2015     50     0.00007
2015     51     0.00004
2015     52     0.00002
2015     53     0.00001
2015     54     0.00000
2015     55+    0.00000
2016     12-    0.00000
2016     13     0.00005
2016     14     0.00040
2016     15     0.00131
2016     16     0.00323
2016     17     0.00647
2016     18     0.01189
2016     19     0.01843
2016     20     0.02473
2016     21     0.03114
2016     22     0.03629
2016     23     0.04269
2016     24     0.05129
2016     25     0.06191
2016     26     0.07389
2016     27     0.08580
2016     28     0.09761
2016     29     0.10797
2016     30     0.11580
2016     31     0.11921
2016     32     0.11620
2016     33     0.10976
2016     34     0.10117
2016     35     0.09032
2016     36     0.07704
2016     37     0.06237
2016     38     0.04952
2016     39     0.03810
2016     40     0.02708
2016     41     0.01747
2016     42     0.01051
2016     43     0.00581
2016     44     0.00293
2016     45     0.00153
2016     46     0.00078
2016     47     0.00039
2016     48     0.00023
2016     49     0.00014
2016     50     0.00010
2016     51     0.00006
2016     52     0.00003
2016     53     0.00001
2016     54     0.00001
2016     55+    0.00000
2017     12-    0.00000
2017     13     0.00004
2017     14     0.00032
2017     15     0.00107
2017     16     0.00272
2017     17     0.00548
2017     18     0.01032
2017     19     0.01624
2017     20     0.02220
2017     21     0.02862
2017     22     0.03445
2017     23     0.04082
2017     24     0.04943
2017     25     0.06042
2017     26     0.07207
2017     27     0.08356
2017     28     0.09569
2017     29     0.10713
2017     30     0.11526
2017     31     0.11889
2017     32     0.11680
2017     33     0.10982
2017     34     0.10061
2017     35     0.09036
2017     36     0.07709
2017     37     0.06268
2017     38     0.04976
2017     39     0.03835
2017     40     0.02726
2017     41     0.01764
2017     42     0.01077
2017     43     0.00602
2017     44     0.00319
2017     45     0.00164
2017     46     0.00077
2017     47     0.00038
2017     48     0.00020
2017     49     0.00013
2017     50     0.00009
2017     51     0.00006
2017     52     0.00003
2017     53     0.00001
2017     54     0.00001
2017     55+    0.00000
