West Germany, Female population exposure by calendar year and age (Lexis squares, age in completed years (ACY))
Last modified: 04/02/2019
Year    Age        Exposure
1956     12       369862.00
1956     13       370924.17
1956     14       409644.67
1956     15       472718.67
1956     16       491772.83
1956     17       476275.50
1956     18       450724.67
1956     19       439465.17
1956     20       436661.17
1956     21       422149.67
1956     22       373039.17
1956     23       338836.17
1956     24       348155.83
1956     25       368647.17
1956     26       381396.83
1956     27       383422.67
1956     28       383517.00
1956     29       388144.50
1956     30       410264.67
1956     31       418080.50
1956     32       414774.50
1956     33       427701.50
1956     34       451568.33
1956     35       469468.83
1956     36       418666.50
1956     37       304889.50
1956     38       241413.17
1956     39       249271.50
1956     40       306042.83
1956     41       397750.83
1956     42       449271.50
1956     43       457541.00
1956     44       452099.00
1956     45       451057.66
1956     46       464560.50
1956     47       466789.50
1956     48       457862.17
1956     49       447906.67
1956     50       437447.00
1956     51       427572.33
1956     52       416660.00
1956     53       410307.00
1956     54       406434.33
1956     55       392492.33
1957     12       318871.50
1957     13       371578.67
1957     14       373100.33
1957     15       411844.67
1957     16       475335.17
1957     17       495075.67
1957     18       481269.17
1957     19       454914.67
1957     20       440699.33
1957     21       434529.83
1957     22       417198.00
1957     23       367782.17
1957     24       334502.50
1957     25       344164.17
1957     26       364364.17
1957     27       377473.33
1957     28       379981.83
1957     29       380496.33
1957     30       385639.00
1957     31       407924.00
1957     32       416298.17
1957     33       413143.67
1957     34       426524.83
1957     35       450616.00
1957     36       468648.17
1957     37       418436.67
1957     38       304763.17
1957     39       241197.83
1957     40       249110.83
1957     41       305531.33
1957     42       397561.00
1957     43       449320.67
1957     44       457684.67
1957     45       452422.33
1957     46       451086.50
1957     47       464633.50
1957     48       466727.83
1957     49       457616.00
1957     50       447585.00
1957     51       436962.50
1957     52       426876.83
1957     53       415861.33
1957     54       409247.17
1957     55       405244.50
1958     12       287432.34
1958     13       322213.33
1958     14       375464.33
1958     15       377093.50
1958     16       416393.50
1958     17       480258.00
1958     18       501128.00
1958     19       486536.00
1958     20       457338.00
1958     21       440174.50
1958     22       431350.17
1958     23       413544.33
1958     24       365223.33
1958     25       332371.00
1958     26       341933.00
1958     27       362375.17
1958     28       376136.50
1958     29       378925.00
1958     30       379854.83
1958     31       385343.00
1958     32       408114.50
1958     33       416784.00
1958     34       414012.17
1958     35       427530.33
1958     36       451999.33
1958     37       470162.17
1958     38       419928.17
1958     39       305918.00
1958     40       242201.00
1958     41       250208.17
1958     42       307039.83
1958     43       399669.50
1958     44       451742.33
1958     45       460236.33
1958     46       454955.33
1958     47       453628.33
1958     48       467144.83
1958     49       469067.83
1958     50       459643.00
1958     51       449456.00
1958     52       438564.00
1958     53       428227.50
1958     54       417035.33
1958     55       410172.00
1959     12       345605.87
1959     13       288494.75
1959     14       323905.17
1959     15       377515.33
1959     16       379237.67
1959     17       418517.67
1959     18       482712.17
1959     19       503549.83
1959     20       488710.00
1959     21       459090.50
1959     22       441690.67
1959     23       432570.67
1959     24       414810.67
1959     25       366341.50
1959     26       333610.50
1959     27       343064.00
1959     28       363677.83
1959     29       377217.50
1959     30       380152.83
1959     31       380988.00
1959     32       386417.00
1959     33       409345.67
1959     34       417964.00
1959     35       415162.83
1959     36       428721.83
1959     37       453173.83
1959     38       471311.00
1959     39       420843.67
1959     40       306628.33
1959     41       242785.17
1959     42       250790.33
1959     43       307720.33
1959     44       400587.00
1959     45       452512.17
1959     46       460970.83
1959     47       455496.50
1959     48       454061.33
1959     49       467416.83
1959     50       469056.17
1959     51       459515.33
1959     52       449073.00
1959     53       438020.00
1959     54       427523.83
1959     55       416073.50
1960     12       354101.91
1960     13       346334.46
1960     14       289326.27
1960     15       325176.33
1960     16       379306.17
1960     17       381076.50
1960     18       420819.00
1960     19       485554.17
1960     20       506513.67
1960     21       491041.83
1960     22       460846.00
1960     23       443021.17
1960     24       433945.00
1960     25       415785.67
1960     26       367484.83
1960     27       334545.83
1960     28       343875.33
1960     29       364442.33
1960     30       378187.33
1960     31       380929.00
1960     32       381756.17
1960     33       387260.33
1960     34       410169.83
1960     35       418771.00
1960     36       415815.17
1960     37       429330.67
1960     38       453818.33
1960     39       471973.33
1960     40       421477.00
1960     41       307051.17
1960     42       243046.50
1960     43       251076.50
1960     44       307967.50
1960     45       400803.83
1960     46       452621.00
1960     47       460966.33
1960     48       455374.00
1960     49       453825.50
1960     50       467062.33
1960     51       468483.67
1960     52       458733.33
1960     53       448166.50
1960     54       436791.67
1960     55       426087.33
1961     12       380936.37
1961     13       354611.15
1961     14       347459.11
1961     15       291215.64
1961     16       326395.33
1961     17       381469.17
1961     18       382883.33
1961     19       421011.33
1961     20       486108.00
1961     21       502806.33
1961     22       485956.33
1961     23       456473.83
1961     24       441051.17
1961     25       433344.50
1961     26       418224.83
1961     27       368970.00
1961     28       336776.50
1961     29       345278.67
1961     30       368998.00
1961     31       381031.50
1961     32       384771.83
1961     33       385642.50
1961     34       391433.50
1961     35       414636.83
1961     36       420485.17
1961     37       419097.00
1961     38       432634.50
1961     39       457098.00
1961     40       476381.50
1961     41       422606.50
1961     42       308896.17
1961     43       243579.83
1961     44       252086.83
1961     45       309385.33
1961     46       401474.67
1961     47       453812.67
1961     48       462014.17
1961     49       455344.17
1961     50       455026.00
1961     51       465878.17
1961     52       468043.17
1961     53       457690.50
1961     54       447558.50
1961     55       436266.00
1962     12       385108.35
1962     13       381137.67
1962     14       355513.83
1962     15       349196.14
1962     16       291857.32
1962     17       328018.00
1962     18       382871.00
1962     19       382483.67
1962     20       420999.83
1962     21       481893.00
1962     22       497868.33
1962     23       481759.50
1962     24       454555.33
1962     25       440728.83
1962     26       436046.67
1962     27       420073.33
1962     28       371648.50
1962     29       338505.83
1962     30       350009.33
1962     31       372057.83
1962     32       385006.67
1962     33       388647.33
1962     34       389774.67
1962     35       395853.33
1962     36       416264.67
1962     37       423622.83
1962     38       422114.33
1962     39       435562.50
1962     40       461094.00
1962     41       477149.16
1962     42       424127.00
1962     43       309029.67
1962     44       244280.00
1962     45       253165.50
1962     46       309734.00
1962     47       402201.33
1962     48       454291.83
1962     49       461384.00
1962     50       455872.83
1962     51       453253.50
1962     52       464782.17
1962     53       466407.33
1962     54       456492.00
1962     55       446462.33
1963     12       381025.96
1963     13       385522.65
1963     14       381760.36
1963     15       356317.19
1963     16       350373.65
1963     17       293197.01
1963     18       330454.33
1963     19       385795.33
1963     20       385755.33
1963     21       423790.67
1963     22       484502.83
1963     23       500339.00
1963     24       483852.67
1963     25       456615.17
1963     26       442800.67
1963     27       438014.17
1963     28       422062.67
1963     29       373429.50
1963     30       340138.33
1963     31       351509.17
1963     32       373403.83
1963     33       386126.17
1963     34       389665.83
1963     35       390752.00
1963     36       396618.33
1963     37       416894.50
1963     38       424014.00
1963     39       422400.50
1963     40       435739.33
1963     41       461075.50
1963     42       476912.33
1963     43       423777.50
1963     44       308790.83
1963     45       243987.00
1963     46       252774.67
1963     47       309136.67
1963     48       401275.83
1963     49       453029.17
1963     50       460034.00
1963     51       454362.00
1963     52       451462.17
1963     53       462799.17
1963     54       464205.33
1963     55       454157.67
1964     12       378091.78
1964     13       381604.26
1964     14       386328.70
1964     15       382786.83
1964     16       357791.24
1964     17       352207.97
1964     18       296217.43
1964     19       333915.17
1964     20       389512.67
1964     21       389020.67
1964     22       426247.17
1964     23       486782.50
1964     24       502254.00
1964     25       485747.00
1964     26       458363.17
1964     27       444523.33
1964     28       439640.67
1964     29       423581.83
1964     30       374863.00
1964     31       341631.33
1964     32       352853.00
1964     33       374484.83
1964     34       387154.17
1964     35       390599.33
1964     36       391497.17
1964     37       397257.33
1964     38       417432.83
1964     39       424358.50
1964     40       422637.50
1964     41       435764.33
1964     42       460916.50
1964     43       476574.00
1964     44       423471.17
1964     45       308541.00
1964     46       243617.00
1964     47       252283.34
1964     48       308475.17
1964     49       400232.83
1964     50       451715.17
1964     51       458549.17
1964     52       452679.00
1964     53       449638.67
1964     54       460815.83
1964     55       461962.67
1965     12       379534.62
1965     13       378868.72
1965     14       382721.97
1965     15       387638.30
1965     16       384730.81
1965     17       360177.26
1965     18       356661.28
1965     19       300819.71
1965     20       338567.17
1965     21       393396.83
1965     22       392328.00
1965     23       429108.00
1965     24       489272.00
1965     25       504768.33
1965     26       487857.00
1965     27       460487.00
1965     28       446481.67
1965     29       441502.50
1965     30       425367.17
1965     31       376698.50
1965     32       343305.33
1965     33       354352.00
1965     34       375888.00
1965     35       388422.50
1965     36       391690.50
1965     37       392379.00
1965     38       398089.83
1965     39       418147.33
1965     40       424823.00
1965     41       422930.67
1965     42       435896.67
1965     43       460837.00
1965     44       476255.50
1965     45       423151.67
1965     46       308143.00
1965     47       243185.67
1965     48       251808.00
1965     49       307712.17
1965     50       399010.83
1965     51       450213.50
1965     52       456869.17
1965     53       450920.83
1965     54       447677.33
1965     55       458499.83
1966     12       383232.85
1966     13       380477.37
1966     14       380113.53
1966     15       384237.04
1966     16       389674.05
1966     17       387297.00
1966     18       364904.73
1966     19       362373.06
1966     20       305777.83
1966     21       342610.67
1966     22       397018.67
1966     23       395396.33
1966     24       431810.67
1966     25       491738.83
1966     26       506707.00
1966     27       489728.83
1966     28       462242.33
1966     29       448019.33
1966     30       443017.17
1966     31       426832.33
1966     32       377920.33
1966     33       344683.50
1966     34       355611.83
1966     35       377075.50
1966     36       389483.00
1966     37       392579.50
1966     38       393109.50
1966     39       398747.83
1966     40       418585.83
1966     41       425128.17
1966     42       423023.83
1966     43       435898.50
1966     44       460558.67
1966     45       475700.67
1966     46       422538.50
1966     47       307545.50
1966     48       242709.67
1966     49       251177.83
1966     50       306779.83
1966     51       397721.17
1966     52       448569.83
1966     53       455087.83
1966     54       448772.17
1966     55       445420.17
1967     12       388042.90
1967     13       383848.52
1967     14       381308.98
1967     15       381089.27
1967     16       385418.12
1967     17       391061.22
1967     18       390005.49
1967     19       367895.50
1967     20       364906.89
1967     21       307098.43
1967     22       343393.00
1967     23       397099.83
1967     24       395282.67
1967     25       431176.83
1967     26       490942.17
1967     27       505484.00
1967     28       488690.83
1967     29       461164.33
1967     30       446964.67
1967     31       442111.17
1967     32       425796.67
1967     33       377261.67
1967     34       344132.67
1967     35       355064.00
1967     36       376609.17
1967     37       389004.50
1967     38       392055.33
1967     39       392547.67
1967     40       398236.33
1967     41       417949.50
1967     42       424380.83
1967     43       422242.00
1967     44       435051.33
1967     45       459478.17
1967     46       474546.33
1967     47       421301.00
1967     48       306584.00
1967     49       241801.00
1967     50       250284.33
1967     51       305589.67
1967     52       396089.33
1967     53       446664.67
1967     54       452783.00
1967     55       446439.83
1968     12       398542.45
1968     13       388774.73
1968     14       384743.78
1968     15       382423.09
1968     16       382426.57
1968     17       387018.93
1968     18       394684.61
1968     19       393933.73
1968     20       371011.08
1968     21       366855.39
1968     22       308229.00
1968     23       343969.50
1968     24       397127.17
1968     25       394930.67
1968     26       430710.83
1968     27       489916.83
1968     28       504662.83
1968     29       487933.67
1968     30       460400.67
1968     31       446298.50
1968     32       441431.00
1968     33       425252.50
1968     34       376973.00
1968     35       343864.33
1968     36       354780.50
1968     37       376227.00
1968     38       388712.00
1968     39       391600.67
1968     40       392123.83
1968     41       397611.33
1968     42       417297.33
1968     43       423558.67
1968     44       421420.17
1968     45       434088.17
1968     46       458356.67
1968     47       473184.17
1968     48       420062.83
1968     49       305481.83
1968     50       240901.83
1968     51       249169.83
1968     52       304156.67
1968     53       394220.17
1968     54       444425.83
1968     55       450342.33
1969     12       415273.30
1969     13       399976.05
1969     14       390480.29
1969     15       386970.71
1969     16       385165.08
1969     17       386058.64
1969     18       394747.44
1969     19       404056.93
1969     20       402884.79
1969     21       378469.87
1969     22       373841.81
1969     23       313589.56
1969     24       348582.50
1969     25       401167.83
1969     26       398443.67
1969     27       433890.50
1969     28       492667.67
1969     29       507734.17
1969     30       490551.33
1969     31       462948.33
1969     32       448673.67
1969     33       443672.33
1969     34       427488.83
1969     35       379046.67
1969     36       345724.83
1969     37       356352.00
1969     38       377597.00
1969     39       389921.00
1969     40       392433.00
1969     41       392667.17
1969     42       397927.67
1969     43       417429.17
1969     44       423437.33
1969     45       421134.17
1969     46       433537.17
1969     47       457563.83
1969     48       472108.83
1969     49       418909.17
1969     50       304514.50
1969     51       240005.00
1969     52       248123.33
1969     53       302757.17
1969     54       392363.33
1969     55       442122.50
1970     12       425786.00
1970     13       415377.71
1970     14       399983.90
1970     15       391519.30
1970     16       390967.80
1970     17       388309.40
1970     18       392635.89
1970     19       401273.22
1970     20       408375.11
1970     21       405396.00
1970     22       380251.22
1970     23       375305.99
1970     24       313759.78
1970     25       348916.50
1970     26       400121.33
1970     27       397126.33
1970     28       434053.83
1970     29       493538.00
1970     30       510224.17
1970     31       492964.17
1970     32       465649.17
1970     33       451589.67
1970     34       445781.50
1970     35       429381.00
1970     36       380283.67
1970     37       346849.17
1970     38       357416.00
1970     39       377731.17
1970     40       389769.33
1970     41       391681.50
1970     42       391395.33
1970     43       397234.83
1970     44       415725.17
1970     45       421844.17
1970     46       419599.16
1970     47       431301.17
1970     48       454963.50
1970     49       469097.33
1970     50       416011.00
1970     51       301988.83
1970     52       238182.67
1970     53       246947.83
1970     54       300440.50
1970     55       389699.50
1971     12       442817.63
1971     13       426268.43
1971     14       415820.46
1971     15       401637.79
1971     16       395860.10
1971     17       394287.93
1971     18       394170.95
1971     19       398275.61
1971     20       404560.68
1971     21       410348.14
1971     22       406463.08
1971     23       381456.98
1971     24       375011.11
1971     25       313789.28
1971     26       347787.50
1971     27       398477.83
1971     28       397050.67
1971     29       434236.67
1971     30       495614.67
1971     31       512156.83
1971     32       495241.00
1971     33       468102.50
1971     34       453179.83
1971     35       447265.67
1971     36       430102.50
1971     37       380984.00
1971     38       347647.50
1971     39       357212.83
1971     40       377445.50
1971     41       388960.00
1971     42       390389.00
1971     43       390627.67
1971     44       395531.17
1971     45       414178.00
1971     46       420302.33
1971     47       417392.67
1971     48       428845.00
1971     49       452034.17
1971     50       466103.33
1971     51       413120.00
1971     52       300005.83
1971     53       237094.33
1971     54       244971.67
1971     55       298416.83
1972     12       459674.40
1972     13       445041.59
1972     14       428959.88
1972     15       419352.43
1972     16       405497.27
1972     17       400396.58
1972     18       401648.35
1972     19       403302.23
1972     20       407205.07
1972     21       412260.90
1972     22       417962.73
1972     23       413659.65
1972     24       387750.13
1972     25       380511.20
1972     26       318183.85
1972     27       351791.67
1972     28       401779.33
1972     29       400037.50
1972     30       436989.00
1972     31       497986.83
1972     32       514461.67
1972     33       497367.83
1972     34       469916.00
1972     35       454962.17
1972     36       448603.00
1972     37       431271.67
1972     38       382005.17
1972     39       348579.17
1972     40       357988.83
1972     41       377975.17
1972     42       389324.50
1972     43       390567.17
1972     44       390633.17
1972     45       395380.67
1972     46       413730.33
1972     47       419708.33
1972     48       416640.50
1972     49       427748.33
1972     50       450692.67
1972     51       464441.17
1972     52       411576.17
1972     53       298724.67
1972     54       236006.17
1972     55       243859.50
1973     12       475991.29
1973     13       461980.31
1973     14       447676.87
1973     15       432437.44
1973     16       422985.10
1973     17       410138.77
1973     18       408196.70
1973     19       411410.44
1973     20       413201.13
1973     21       415378.11
1973     22       419759.12
1973     23       425290.53
1973     24       420028.04
1973     25       392995.31
1973     26       385060.06
1973     27       321778.30
1973     28       355026.50
1973     29       404436.33
1973     30       402427.17
1973     31       439053.83
1973     32       499833.83
1973     33       516170.67
1973     34       498909.83
1973     35       471396.17
1973     36       455961.83
1973     37       449368.50
1973     38       431955.67
1973     39       382575.67
1973     40       349125.50
1973     41       358270.83
1973     42       378156.00
1973     43       389277.50
1973     44       390432.83
1973     45       390350.00
1973     46       394863.83
1973     47       413077.00
1973     48       418921.83
1973     49       415633.33
1973     50       426516.17
1973     51       449047.00
1973     52       462614.17
1973     53       409748.50
1973     54       297321.33
1973     55       234776.50
1974     12       486893.37
1974     13       477984.26
1974     14       464342.02
1974     15       450571.43
1974     16       435115.53
1974     17       426355.67
1974     18       415791.90
1974     19       415404.50
1974     20       418315.87
1974     21       418973.51
1974     22       420003.09
1974     23       424248.30
1974     24       429071.40
1974     25       423137.03
1974     26       395459.93
1974     27       386865.92
1974     28       323273.66
1974     29       356089.83
1974     30       405186.33
1974     31       403237.83
1974     32       439577.83
1974     33       500268.00
1974     34       516572.67
1974     35       499231.17
1974     36       471467.17
1974     37       455893.50
1974     38       449291.17
1974     39       431771.67
1974     40       382355.00
1974     41       348908.83
1974     42       357977.17
1974     43       377737.00
1974     44       388631.00
1974     45       389749.67
1974     46       389470.83
1974     47       393979.67
1974     48       411970.67
1974     49       417622.17
1974     50       414254.50
1974     51       424845.17
1974     52       447156.50
1974     53       460507.67
1974     54       407690.50
1974     55       295639.67
1975     12       500964.72
1975     13       487706.79
1975     14       479054.79
1975     15       465465.83
1975     16       451372.01
1975     17       435978.69
1975     18       427983.14
1975     19       417957.14
1975     20       417326.68
1975     21       419078.79
1975     22       419353.17
1975     23       419718.45
1975     24       423770.67
1975     25       427986.67
1975     26       421827.08
1975     27       393739.73
1975     28       385077.14
1975     29       321569.90
1975     30       354327.17
1975     31       403617.17
1975     32       401617.00
1975     33       437940.83
1975     34       498874.17
1975     35       514951.17
1975     36       497696.17
1975     37       469968.17
1975     38       454509.83
1975     39       447854.67
1975     40       430391.17
1975     41       381063.67
1975     42       347655.33
1975     43       356711.33
1975     44       376385.83
1975     45       387290.17
1975     46       388347.67
1975     47       388046.67
1975     48       392465.50
1975     49       410298.00
1975     50       415935.00
1975     51       412366.17
1975     52       422770.83
1975     53       444919.00
1975     54       458027.33
1975     55       405259.33
1976     12       511084.26
1976     13       501326.38
1976     14       488102.11
1976     15       479601.17
1976     16       465817.53
1976     17       451807.96
1976     18       436777.22
1976     19       428973.72
1976     20       419089.50
1976     21       417313.50
1976     22       418577.08
1976     23       418287.38
1976     24       418111.41
1976     25       421686.54
1976     26       425743.60
1976     27       419077.56
1976     28       391141.97
1976     29       382260.34
1976     30       319061.17
1976     31       352107.83
1976     32       401452.00
1976     33       399513.17
1976     34       436145.50
1976     35       496915.33
1976     36       513018.67
1976     37       495914.33
1976     38       468290.83
1976     39       452865.67
1976     40       446308.33
1976     41       428932.17
1976     42       379549.33
1976     43       346204.67
1976     44       355280.67
1976     45       374959.00
1976     46       385761.33
1976     47       386919.67
1976     48       386501.50
1976     49       390839.83
1976     50       408584.33
1976     51       413995.67
1976     52       410328.00
1976     53       420622.50
1976     54       442535.67
1976     55       455361.17
1977     12       509143.53
1977     13       511845.03
1977     14       502211.44
1977     15       489177.64
1977     16       480568.21
1977     17       467237.34
1977     18       453729.28
1977     19       438760.10
1977     20       431404.10
1977     21       420477.55
1977     22       418345.77
1977     23       418935.35
1977     24       418138.55
1977     25       417358.00
1977     26       420450.36
1977     27       424310.41
1977     28       417680.92
1977     29       389448.34
1977     30       380389.81
1977     31       317516.96
1977     32       350676.33
1977     33       400047.83
1977     34       398452.67
1977     35       434952.17
1977     36       495792.50
1977     37       511932.50
1977     38       494938.17
1977     39       467316.83
1977     40       451911.00
1977     41       445357.67
1977     42       427921.67
1977     43       378534.83
1977     44       345221.00
1977     45       354293.83
1977     46       373855.00
1977     47       384625.83
1977     48       385636.33
1977     49       385119.83
1977     50       389431.00
1977     51       406861.67
1977     52       412159.33
1977     53       408480.17
1977     54       418515.17
1977     55       440240.17
1978     12       504384.50
1978     13       510475.86
1978     14       513234.85
1978     15       503764.74
1978     16       490585.87
1978     17       482412.54
1978     18       470085.91
1978     19       456508.66
1978     20       441773.11
1978     21       433359.41
1978     22       422352.23
1978     23       419704.78
1978     24       419835.95
1978     25       418362.89
1978     26       416958.87
1978     27       420034.48
1978     28       423760.04
1978     29       416847.93
1978     30       388567.90
1978     31       379446.64
1978     32       316636.18
1978     33       349940.67
1978     34       399571.17
1978     35       397896.33
1978     36       434630.17
1978     37       495343.83
1978     38       511582.67
1978     39       494426.50
1978     40       466918.17
1978     41       451399.00
1978     42       444857.67
1978     43       427247.33
1978     44       377862.17
1978     45       344617.17
1978     46       353641.00
1978     47       372960.00
1978     48       383593.83
1978     49       384521.50
1978     50       383927.83
1978     51       388044.83
1978     52       405297.67
1978     53       410506.33
1978     54       406613.83
1978     55       416515.83
1979     12       499432.80
1979     13       506400.03
1979     14       512608.80
1979     15       515614.20
1979     16       506029.51
1979     17       493128.22
1979     18       485915.36
1979     19       473665.13
1979     20       459967.06
1979     21       444161.57
1979     22       435509.95
1979     23       424554.56
1979     24       421399.97
1979     25       420867.74
1979     26       418969.41
1979     27       417299.13
1979     28       420008.92
1979     29       423742.05
1979     30       416831.17
1979     31       388463.67
1979     32       379183.39
1979     33       316606.56
1979     34       350016.00
1979     35       399724.50
1979     36       398097.50
1979     37       434848.00
1979     38       495497.00
1979     39       511584.17
1979     40       494517.83
1979     41       466900.00
1979     42       451360.17
1979     43       444597.83
1979     44       426816.67
1979     45       377475.17
1979     46       344213.67
1979     47       353091.33
1979     48       372226.50
1979     49       382754.67
1979     50       383501.33
1979     51       382755.83
1979     52       386753.83
1979     53       403791.67
1979     54       408729.50
1979     55       404798.50
1980     12       486591.77
1980     13       501816.78
1980     14       509230.78
1980     15       515922.50
1980     16       519149.71
1980     17       509843.12
1980     18       497410.90
1980     19       490312.30
1980     20       478203.51
1980     21       463305.21
1980     22       446945.32
1980     23       438364.42
1980     24       427052.25
1980     25       423470.01
1980     26       422474.56
1980     27       420111.20
1980     28       418144.70
1980     29       420665.87
1980     30       424545.80
1980     31       417403.49
1980     32       388883.76
1980     33       379596.21
1980     34       317120.63
1980     35       350676.83
1980     36       400296.33
1980     37       398776.67
1980     38       435465.00
1980     39       495965.00
1980     40       512022.17
1980     41       494882.67
1980     42       467183.33
1980     43       451453.00
1980     44       444499.67
1980     45       426591.17
1980     46       377231.17
1980     47       343936.50
1980     48       352651.17
1980     49       371611.50
1980     50       382037.50
1980     51       382486.67
1980     52       381625.33
1980     53       385420.50
1980     54       402218.50
1980     55       407029.67
1981     12       461843.14
1981     13       488637.60
1981     14       504182.45
1981     15       512487.84
1981     16       519129.23
1981     17       522430.43
1981     18       513787.00
1981     19       501370.70
1981     20       494693.41
1981     21       481442.33
1981     22       466062.78
1981     23       449642.10
1981     24       440818.32
1981     25       429417.01
1981     26       425367.46
1981     27       424049.61
1981     28       421250.97
1981     29       419039.03
1981     30       421509.54
1981     31       425137.59
1981     32       417908.11
1981     33       389298.92
1981     34       380061.53
1981     35       317585.30
1981     36       351178.83
1981     37       400896.00
1981     38       399314.00
1981     39       435886.00
1981     40       496415.33
1981     41       512427.83
1981     42       495143.33
1981     43       467346.33
1981     44       451440.83
1981     45       444347.17
1981     46       426324.33
1981     47       376924.67
1981     48       343552.83
1981     49       352103.00
1981     50       370964.33
1981     51       381168.83
1981     52       381440.33
1981     53       380412.50
1981     54       384025.00
1981     55       400501.83
1982     12       417680.14
1982     13       462627.88
1982     14       489541.54
1982     15       505685.79
1982     16       513359.26
1982     17       520293.86
1982     18       524283.64
1982     19       515993.74
1982     20       503616.21
1982     21       495977.91
1982     22       482553.32
1982     23       467194.68
1982     24       450609.19
1982     25       441761.97
1982     26       430100.59
1982     27       425861.41
1982     28       424160.72
1982     29       421342.86
1982     30       418889.17
1982     31       421243.86
1982     32       424667.78
1982     33       417535.10
1982     34       388870.96
1982     35       379585.60
1982     36       317311.20
1982     37       351018.83
1982     38       400651.83
1982     39       399039.33
1982     40       435724.17
1982     41       496195.17
1982     42       512041.17
1982     43       494728.67
1982     44       466889.83
1982     45       450926.67
1982     46       443719.00
1982     47       425553.83
1982     48       376202.00
1982     49       342765.67
1982     50       351227.17
1982     51       369915.00
1982     52       379962.33
1982     53       380100.67
1982     54       378870.83
1982     55       382302.83
1983     12       388454.93
1983     13       417186.62
1983     14       462242.48
1983     15       489307.26
1983     16       504968.87
1983     17       512972.00
1983     18       520660.53
1983     19       524976.63
1983     20       516723.82
1983     21       503380.08
1983     22       495736.79
1983     23       482140.09
1983     24       466801.23
1983     25       450218.57
1983     26       441199.02
1983     27       429329.05
1983     28       425005.95
1983     29       423258.86
1983     30       420334.67
1983     31       417775.56
1983     32       420005.81
1983     33       423448.19
1983     34       416145.15
1983     35       387558.25
1983     36       378382.67
1983     37       316322.36
1983     38       350034.17
1983     39       399642.50
1983     40       398136.17
1983     41       434808.67
1983     42       495203.33
1983     43       510953.67
1983     44       493677.83
1983     45       465770.33
1983     46       449840.83
1983     47       442521.17
1983     48       424353.67
1983     49       374973.83
1983     50       341573.33
1983     51       349938.50
1983     52       368557.83
1983     53       378423.00
1983     54       378314.33
1983     55       377095.67
1984     12       357694.92
1984     13       387103.24
1984     14       415880.72
1984     15       461126.96
1984     16       487941.14
1984     17       504099.19
1984     18       513004.64
1984     19       521129.23
1984     20       525820.51
1984     21       516885.91
1984     22       503394.82
1984     23       495770.54
1984     24       482120.88
1984     25       466681.24
1984     26       449959.33
1984     27       440634.78
1984     28       428640.78
1984     29       424078.78
1984     30       422130.32
1984     31       418922.71
1984     32       416220.55
1984     33       418321.31
1984     34       421229.06
1984     35       413933.55
1984     36       385228.07
1984     37       376180.01
1984     38       314523.03
1984     39       348153.50
1984     40       398091.17
1984     41       396564.33
1984     42       433224.67
1984     43       493631.50
1984     44       509191.67
1984     45       491991.17
1984     46       464180.67
1984     47       448266.17
1984     48       440870.17
1984     49       422779.67
1984     50       373384.33
1984     51       340018.33
1984     52       348429.17
1984     53       366881.17
1984     54       376596.17
1984     55       376465.17
1985     12       317566.20
1985     13       357029.47
1985     14       386562.99
1985     15       415589.84
1985     16       460632.48
1985     17       487862.13
1985     18       504912.27
1985     19       514384.15
1985     20       523148.89
1985     21       527159.14
1985     22       518181.39
1985     23       504810.44
1985     24       496960.48
1985     25       483088.99
1985     26       467513.15
1985     27       450381.67
1985     28       440966.10
1985     29       428692.81
1985     30       423877.45
1985     31       421609.10
1985     32       418193.96
1985     33       415298.83
1985     34       416973.83
1985     35       419864.43
1985     36       412129.92
1985     37       383571.65
1985     38       374698.10
1985     39       313064.26
1985     40       346968.00
1985     41       396878.00
1985     42       395324.50
1985     43       432111.17
1985     44       492232.00
1985     45       507861.00
1985     46       490584.33
1985     47       462819.17
1985     48       446871.33
1985     49       439473.17
1985     50       421280.17
1985     51       371893.00
1985     52       338646.33
1985     53       346937.00
1985     54       365273.33
1985     55       374890.83
1986     12       298840.05
1986     13       318373.06
1986     14       357961.76
1986     15       387831.83
1986     16       416734.98
1986     17       461742.78
1986     18       489988.17
1986     19       507716.20
1986     20       517955.07
1986     21       525859.46
1986     22       530094.08
1986     23       520831.23
1986     24       507201.68
1986     25       499123.71
1986     26       485096.04
1986     27       469123.85
1986     28       451879.69
1986     29       442327.40
1986     30       429916.85
1986     31       424785.99
1986     32       422450.02
1986     33       418732.62
1986     34       415818.51
1986     35       417363.52
1986     36       420000.57
1986     37       412127.90
1986     38       383600.41
1986     39       374629.91
1986     40       312937.11
1986     41       346846.17
1986     42       396754.00
1986     43       395095.83
1986     44       431781.67
1986     45       491769.67
1986     46       507278.33
1986     47       489827.17
1986     48       462063.33
1986     49       445981.67
1986     50       438505.17
1986     51       420206.50
1986     52       370793.83
1986     53       337541.83
1986     54       345705.67
1986     55       363834.17
1987     12       288406.82
1987     13       297302.54
1987     14       316864.64
1987     15       358227.75
1987     16       387764.32
1987     17       419786.31
1987     18       465253.84
1987     19       494098.82
1987     20       512290.44
1987     21       520193.41
1987     22       526793.08
1987     23       530290.54
1987     24       520804.76
1987     25       508280.75
1987     26       499474.98
1987     27       484965.32
1987     28       469139.45
1987     29       452021.45
1987     30       443365.08
1987     31       430777.65
1987     32       425216.60
1987     33       419358.63
1987     34       418151.46
1987     35       416063.82
1987     36       419006.43
1987     37       422853.06
1987     38       415978.28
1987     39       386378.53
1987     40       377481.58
1987     41       314452.82
1987     42       347197.83
1987     43       397285.67
1987     44       395628.17
1987     45       432076.50
1987     46       492184.33
1987     47       506130.83
1987     48       489167.33
1987     49       461668.00
1987     50       445618.17
1987     51       437721.83
1987     52       418736.33
1987     53       370020.00
1987     54       336654.50
1987     55       344076.67
1988     12       284143.14
1988     13       287973.79
1988     14       296897.57
1988     15       318332.12
1988     16       359100.47
1988     17       391541.43
1988     18       424251.64
1988     19       470620.85
1988     20       499985.34
1988     21       516073.07
1988     22       522722.45
1988     23       529055.24
1988     24       532352.84
1988     25       523651.41
1988     26       510399.59
1988     27       501123.79
1988     28       486718.47
1988     29       471132.13
1988     30       454695.01
1988     31       445926.78
1988     32       432813.64
1988     33       423865.73
1988     34       420315.36
1988     35       419721.26
1988     36       418832.08
1988     37       422918.84
1988     38       427572.84
1988     39       419647.65
1988     40       389860.17
1988     41       379780.66
1988     42       315176.92
1988     43       348263.83
1988     44       398344.00
1988     45       396514.50
1988     46       433052.50
1988     47       491655.17
1988     48       506078.67
1988     49       489332.50
1988     50       461822.67
1988     51       445389.67
1988     52       436738.67
1988     53       418261.83
1988     54       369399.50
1988     55       335494.83
1989     12       288058.71
1989     13       288935.68
1989     14       292575.53
1989     15       301992.28
1989     16       322941.75
1989     17       363569.19
1989     18       398532.30
1989     19       433341.32
1989     20       481149.25
1989     21       510079.75
1989     22       526086.16
1989     23       533092.02
1989     24       539173.18
1989     25       541984.11
1989     26       533026.74
1989     27       519174.86
1989     28       509368.16
1989     29       494738.51
1989     30       478855.97
1989     31       461760.30
1989     32       452738.10
1989     33       439110.47
1989     34       429873.12
1989     35       425772.17
1989     36       424609.96
1989     37       423495.81
1989     38       427190.75
1989     39       431270.62
1989     40       422845.78
1989     41       392283.29
1989     42       381816.83
1989     43       316687.26
1989     44       349877.50
1989     45       400154.50
1989     46       398235.17
1989     47       434479.00
1989     48       493098.67
1989     49       507263.67
1989     50       490279.83
1989     51       462541.83
1989     52       445969.33
1989     53       436890.83
1989     54       418294.67
1989     55       369359.67
1990     12       283186.88
1990     13       286022.58
1990     14       286521.94
1990     15       290413.28
1990     16       299719.92
1990     17       320380.36
1990     18       363212.64
1990     19       400862.23
1990     20       435871.93
1990     21       480964.11
1990     22       507388.54
1990     23       521416.07
1990     24       526354.79
1990     25       531134.40
1990     26       533063.43
1990     27       523975.62
1990     28       510482.26
1990     29       500966.96
1990     30       486775.42
1990     31       471121.43
1990     32       454718.23
1990     33       445685.28
1990     34       431815.87
1990     35       422389.69
1990     36       417545.60
1990     37       415466.09
1990     38       413400.11
1990     39       415478.62
1990     40       418770.83
1990     41       410529.91
1990     42       380471.29
1990     43       371128.12
1990     44       306864.95
1990     45       337356.50
1990     46       385747.67
1990     47       383660.00
1990     48       419121.67
1990     49       476767.33
1990     50       491519.67
1990     51       475610.00
1990     52       448614.33
1990     53       432202.50
1990     54       423157.33
1990     55       404868.50
1991     12       287144.69
1991     13       288675.44
1991     14       291377.30
1991     15       292176.82
1991     16       297165.78
1991     17       307468.14
1991     18       330532.20
1991     19       377882.75
1991     20       416797.44
1991     21       449628.70
1991     22       493499.38
1991     23       519021.94
1991     24       531964.09
1991     25       536178.81
1991     26       540217.01
1991     27       541711.96
1991     28       532257.11
1991     29       518054.76
1991     30       508331.02
1991     31       493933.52
1991     32       477678.22
1991     33       460959.41
1991     34       451454.07
1991     35       437452.18
1991     36       427609.29
1991     37       422245.62
1991     38       419825.97
1991     39       417487.24
1991     40       419095.43
1991     41       422071.11
1991     42       413086.00
1991     43       382589.19
1991     44       372779.64
1991     45       308198.67
1991     46       338767.00
1991     47       387159.67
1991     48       384900.67
1991     49       420542.83
1991     50       477913.17
1991     51       492692.67
1991     52       476550.00
1991     53       449300.17
1991     54       432600.33
1991     55       423298.00
1992     12       304811.33
1992     13       291956.37
1992     14       293456.22
1992     15       296547.80
1992     16       298745.94
1992     17       305119.48
1992     18       317444.15
1992     19       344189.10
1992     20       392737.31
1992     21       429172.86
1992     22       460523.07
1992     23       503715.50
1992     24       528569.01
1992     25       540617.44
1992     26       543845.45
1992     27       547672.06
1992     28       548615.01
1992     29       538792.13
1992     30       524272.39
1992     31       514266.99
1992     32       499633.53
1992     33       483064.57
1992     34       465797.94
1992     35       456004.69
1992     36       441806.73
1992     37       431760.29
1992     38       426066.44
1992     39       423288.25
1992     40       420641.02
1992     41       421950.23
1992     42       424619.16
1992     43       415168.84
1992     44       384286.89
1992     45       374120.69
1992     46       309035.15
1992     47       339610.00
1992     48       387759.83
1992     49       385524.17
1992     50       421071.17
1992     51       478461.33
1992     52       493094.00
1992     53       476762.33
1992     54       449293.67
1992     55       432387.83
1993     12       319448.99
1993     13       308811.98
1993     14       295864.31
1993     15       297853.46
1993     16       302167.32
1993     17       305093.25
1993     18       313526.86
1993     19       328651.62
1993     20       356034.04
1993     21       402695.50
1993     22       437889.85
1993     23       468585.86
1993     24       511215.09
1993     25       535285.02
1993     26       546570.50
1993     27       549628.21
1993     28       553011.05
1993     29       553853.81
1993     30       543972.41
1993     31       529027.49
1993     32       519088.63
1993     33       504157.98
1993     34       487431.53
1993     35       469796.32
1993     36       459799.63
1993     37       445311.28
1993     38       435255.02
1993     39       429186.32
1993     40       426193.56
1993     41       423079.57
1993     42       424261.14
1993     43       426585.80
1993     44       416752.93
1993     45       385487.33
1993     46       374939.67
1993     47       309521.44
1993     48       339883.33
1993     49       387894.17
1993     50       385576.33
1993     51       421248.83
1993     52       478566.50
1993     53       493162.33
1993     54       476561.50
1993     55       449124.67
1994     12       321854.86
1994     13       322389.27
1994     14       311770.86
1994     15       299187.44
1994     16       302398.87
1994     17       307354.60
1994     18       311705.19
1994     19       322338.17
1994     20       337567.65
1994     21       363422.08
1994     22       408743.45
1994     23       443236.22
1994     24       472995.96
1994     25       514633.84
1994     26       538359.39
1994     27       549445.38
1994     28       552422.70
1994     29       555745.94
1994     30       556670.53
1994     31       546627.06
1994     32       531818.46
1994     33       521823.05
1994     34       507039.93
1994     35       490251.17
1994     36       472469.25
1994     37       462148.42
1994     38       447725.57
1994     39       437623.45
1994     40       431362.84
1994     41       427910.49
1994     42       424624.55
1994     43       425650.75
1994     44       427482.68
1994     45       417486.11
1994     46       385870.96
1994     47       374990.61
1994     48       309389.62
1994     49       339540.00
1994     50       387322.50
1994     51       384953.33
1994     52       420774.33
1994     53       478170.33
1994     54       492497.00
1994     55       476035.17
1995     12       321364.29
1995     13       324706.08
1995     14       325316.18
1995     15       314992.96
1995     16       303394.92
1995     17       307398.19
1995     18       313710.22
1995     19       320134.66
1995     20       330875.79
1995     21       344894.10
1995     22       369406.46
1995     23       413913.38
1995     24       447375.46
1995     25       476053.18
1995     26       517240.56
1995     27       540443.70
1995     28       551382.78
1995     29       554364.54
1995     30       557645.01
1995     31       558577.16
1995     32       548864.68
1995     33       534142.38
1995     34       524089.47
1995     35       509350.76
1995     36       492546.76
1995     37       474628.11
1995     38       464209.66
1995     39       449668.79
1995     40       439529.68
1995     41       432910.05
1995     42       429130.41
1995     43       425898.73
1995     44       426549.95
1995     45       428180.92
1995     46       417886.96
1995     47       385937.87
1995     48       374843.88
1995     49       309009.93
1995     50       338953.83
1995     51       386291.67
1995     52       384125.17
1995     53       419997.33
1995     54       477283.50
1995     55       491641.67
1996     12       315927.79
1996     13       323992.61
1996     14       327317.12
1996     15       328359.55
1996     16       318832.90
1996     17       307795.57
1996     18       313765.77
1996     19       322455.76
1996     20       328768.80
1996     21       338214.61
1996     22       351188.69
1996     23       374801.84
1996     24       418431.50
1996     25       450870.40
1996     26       478818.82
1996     27       519371.70
1996     28       542249.33
1996     29       553287.29
1996     30       556029.19
1996     31       559341.00
1996     32       560473.09
1996     33       550916.78
1996     34       536145.77
1996     35       525990.78
1996     36       511255.89
1996     37       494424.85
1996     38       476345.10
1996     39       465699.67
1996     40       451163.03
1996     41       440902.97
1996     42       433958.67
1996     43       430085.26
1996     44       426700.02
1996     45       427103.88
1996     46       428548.25
1996     47       417975.73
1996     48       385756.70
1996     49       374478.03
1996     50       308504.70
1996     51       338001.33
1996     52       385225.67
1996     53       383022.17
1996     54       418965.00
1996     55       476120.50
1997     12       320530.71
1997     13       317518.87
1997     14       325515.81
1997     15       329332.49
1997     16       331135.64
1997     17       322227.57
1997     18       313215.00
1997     19       321888.92
1997     20       330295.78
1997     21       335038.41
1997     22       343781.15
1997     23       355582.44
1997     24       378208.48
1997     25       420851.34
1997     26       452566.72
1997     27       480048.57
1997     28       520067.01
1997     29       542919.69
1997     30       553712.81
1997     31       556562.16
1997     32       560019.52
1997     33       561216.04
1997     34       551760.63
1997     35       536951.59
1997     36       526775.41
1997     37       512062.03
1997     38       495148.26
1997     39       476944.39
1997     40       466336.37
1997     41       451743.55
1997     42       441429.50
1997     43       434160.81
1997     44       430211.86
1997     45       426791.89
1997     46       427021.67
1997     47       428205.68
1997     48       417506.28
1997     49       385102.83
1997     50       373621.55
1997     51       307502.35
1997     52       336825.67
1997     53       383788.17
1997     54       381498.83
1997     55       417455.83
1998     12       327200.04
1998     13       321145.63
1998     14       318121.41
1998     15       326466.77
1998     16       331074.64
1998     17       333671.67
1998     18       326946.27
1998     19       320578.28
1998     20       329333.99
1998     21       336269.18
1998     22       340109.88
1998     23       347617.19
1998     24       358404.70
1998     25       379993.05
1998     26       421624.88
1998     27       453148.00
1998     28       480013.33
1998     29       519614.28
1998     30       542179.89
1998     31       553186.38
1998     32       556180.56
1998     33       559609.48
1998     34       560770.87
1998     35       551499.96
1998     36       536763.62
1998     37       526693.23
1998     38       511925.34
1998     39       495044.85
1998     40       476886.38
1998     41       466132.26
1998     42       451658.27
1998     43       441150.92
1998     44       433862.92
1998     45       429894.46
1998     46       426370.85
1998     47       426502.92
1998     48       427535.04
1998     49       416638.88
1998     50       384069.20
1998     51       372376.89
1998     52       306273.30
1998     53       335432.33
1998     54       382042.50
1998     55       379817.00
1999     12       341850.99
1999     13       328078.33
1999     14       322145.23
1999     15       319204.13
1999     16       328252.69
1999     17       333655.44
1999     18       338699.88
1999     19       334814.30
1999     20       328853.67
1999     21       336436.04
1999     22       342647.06
1999     23       345043.10
1999     24       351622.48
1999     25       361239.76
1999     26       381779.38
1999     27       423035.95
1999     28       454038.64
1999     29       480413.69
1999     30       519555.82
1999     31       542334.12
1999     32       553023.97
1999     33       556028.41
1999     34       559473.13
1999     35       560886.69
1999     36       551522.01
1999     37       537012.07
1999     38       526817.78
1999     39       512157.43
1999     40       495243.59
1999     41       476915.47
1999     42       466193.36
1999     43       451594.21
1999     44       441068.61
1999     45       433776.80
1999     46       429609.74
1999     47       426115.01
1999     48       426039.51
1999     49       426837.19
1999     50       415889.10
1999     51       383052.99
1999     52       371199.13
1999     53       305134.57
1999     54       334024.67
1999     55       380424.67
2000     12       352017.36
2000     13       343246.38
2000     14       329518.03
2000     15       323690.40
2000     16       321358.22
2000     17       331206.81
2000     18       339125.35
2000     19       347478.13
2000     20       344464.57
2000     21       337099.45
2000     22       344578.88
2000     23       349300.21
2000     24       350357.44
2000     25       355692.31
2000     26       364252.98
2000     27       384248.84
2000     28       424920.53
2000     29       455606.27
2000     30       481485.02
2000     31       520461.29
2000     32       542930.55
2000     33       553563.82
2000     34       556743.07
2000     35       560276.26
2000     36       561606.72
2000     37       552301.01
2000     38       537738.74
2000     39       527592.52
2000     40       512910.32
2000     41       495920.21
2000     42       477561.45
2000     43       466590.61
2000     44       451907.74
2000     45       441434.17
2000     46       433931.53
2000     47       429660.16
2000     48       425986.18
2000     49       425770.34
2000     50       426471.56
2000     51       415139.98
2000     52       382164.44
2000     53       370171.07
2000     54       304042.54
2000     55       332715.83
2001     12       356936.24
2001     13       353522.82
2001     14       344781.23
2001     15       331227.61
2001     16       326069.39
2001     17       324499.56
2001     18       336968.55
2001     19       348687.43
2001     20       358194.29
2001     21       354159.90
2001     22       346407.98
2001     23       353002.77
2001     24       356229.29
2001     25       355671.64
2001     26       359786.92
2001     27       367785.35
2001     28       386988.57
2001     29       427374.88
2001     30       457675.80
2001     31       483102.29
2001     32       521842.38
2001     33       544231.65
2001     34       554881.19
2001     35       558044.94
2001     36       561507.28
2001     37       562695.67
2001     38       553429.46
2001     39       538859.85
2001     40       528764.94
2001     41       513999.14
2001     42       497025.00
2001     43       478366.48
2001     44       467248.35
2001     45       452590.15
2001     46       441972.96
2001     47       434288.94
2001     48       429777.01
2001     49       426032.81
2001     50       425554.82
2001     51       426004.96
2001     52       414546.62
2001     53       381368.26
2001     54       369042.15
2001     55       302975.86
2002     12       361033.41
2002     13       358456.24
2002     14       355218.37
2002     15       346559.06
2002     16       333766.94
2002     17       329330.58
2002     18       330229.14
2002     19       346811.75
2002     20       359627.62
2002     21       368323.86
2002     22       363725.03
2002     23       355124.79
2002     24       360548.18
2002     25       362008.68
2002     26       360210.68
2002     27       363691.95
2002     28       371026.04
2002     29       389851.44
2002     30       429815.71
2002     31       459711.98
2002     32       484901.71
2002     33       523452.49
2002     34       545617.33
2002     35       556401.86
2002     36       559287.71
2002     37       562781.11
2002     38       564062.56
2002     39       554705.78
2002     40       540188.96
2002     41       529984.77
2002     42       515176.41
2002     43       497953.51
2002     44       479114.85
2002     45       467913.13
2002     46       453148.11
2002     47       442368.14
2002     48       434591.97
2002     49       429782.82
2002     50       425833.08
2002     51       425242.77
2002     52       425494.52
2002     53       413830.25
2002     54       380382.13
2002     55       367881.59
2003     12       366349.66
2003     13       362016.08
2003     14       359471.61
2003     15       356371.20
2003     16       348404.48
2003     17       336309.65
2003     18       334282.35
2003     19       338879.17
2003     20       356577.41
2003     21       368306.95
2003     22       376380.61
2003     23       371132.94
2003     24       361309.88
2003     25       365450.66
2003     26       365786.13
2003     27       363426.89
2003     28       366425.72
2003     29       373338.83
2003     30       391634.37
2003     31       431081.56
2003     32       461002.60
2003     33       485825.80
2003     34       524221.27
2003     35       546340.77
2003     36       556872.25
2003     37       560071.27
2003     38       563436.81
2003     39       564710.63
2003     40       555394.65
2003     41       540938.91
2003     42       530615.45
2003     43       515662.43
2003     44       498345.37
2003     45       479384.75
2003     46       468012.53
2003     47       453178.42
2003     48       442439.93
2003     49       434419.16
2003     50       429370.64
2003     51       425346.71
2003     52       424526.45
2003     53       424643.57
2003     54       412854.03
2003     55       379164.88
2004     12       354342.37
2004     13       366833.20
2004     14       362485.67
2004     15       360204.89
2004     16       357542.12
2004     17       350372.82
2004     18       340375.66
2004     19       342124.48
2004     20       347771.56
2004     21       364133.35
2004     22       375241.46
2004     23       383043.45
2004     24       376541.10
2004     25       365607.35
2004     26       368817.17
2004     27       368561.53
2004     28       365740.55
2004     29       368302.70
2004     30       374743.99
2004     31       392531.47
2004     32       431811.05
2004     33       461435.88
2004     34       486233.92
2004     35       524399.70
2004     36       546140.93
2004     37       557030.44
2004     38       560187.20
2004     39       563635.96
2004     40       564873.79
2004     41       555745.45
2004     42       541239.52
2004     43       530863.16
2004     44       515708.91
2004     45       498432.10
2004     46       479263.98
2004     47       467749.92
2004     48       452930.18
2004     49       442100.10
2004     50       433892.10
2004     51       428675.91
2004     52       424526.45
2004     53       423551.30
2004     54       423496.12
2004     55       411540.73
2005     12       349985.25
2005     13       354408.11
2005     14       366984.97
2005     15       362872.86
2005     16       360953.68
2005     17       358955.26
2005     18       353822.06
2005     19       347470.64
2005     20       350352.41
2005     21       354568.48
2005     22       370574.10
2005     23       381397.48
2005     24       387981.27
2005     25       380442.01
2005     26       368519.93
2005     27       371193.67
2005     28       370535.94
2005     29       367354.37
2005     30       369493.67
2005     31       375488.07
2005     32       392977.74
2005     33       432070.40
2005     34       461527.49
2005     35       486164.69
2005     36       523896.42
2005     37       545812.78
2005     38       556859.47
2005     39       560163.28
2005     40       563481.32
2005     41       564916.65
2005     42       555735.71
2005     43       541271.40
2005     44       530682.12
2005     45       515542.90
2005     46       498229.09
2005     47       478862.53
2005     48       467288.89
2005     49       452427.82
2005     50       441460.25
2005     51       433097.36
2005     52       427731.60
2005     53       423430.43
2005     54       422278.28
2005     55       422071.90
2006     12       339727.55
2006     13       349788.92
2006     14       354146.85
2006     15       366898.59
2006     16       363224.50
2006     17       361800.79
2006     18       361657.52
2006     19       359873.71
2006     20       354445.01
2006     21       356399.57
2006     22       360066.35
2006     23       375573.09
2006     24       385386.25
2006     25       390962.24
2006     26       382535.65
2006     27       370165.05
2006     28       372416.87
2006     29       371490.75
2006     30       367968.19
2006     31       369652.96
2006     32       375542.57
2006     33       392934.90
2006     34       431741.59
2006     35       461071.45
2006     36       485459.99
2006     37       523174.56
2006     38       545115.14
2006     39       556317.92
2006     40       559584.32
2006     41       563071.51
2006     42       564456.15
2006     43       555321.07
2006     44       540767.35
2006     45       530144.77
2006     46       514951.01
2006     47       497669.03
2006     48       478185.66
2006     49       466527.08
2006     50       451496.49
2006     51       440472.67
2006     52       431992.50
2006     53       426449.09
2006     54       421999.15
2006     55       420669.73
2007     12       329241.83
2007     13       339662.18
2007     14       349506.73
2007     15       353918.14
2007     16       367106.54
2007     17       363858.13
2007     18       364067.52
2007     19       367043.17
2007     20       366325.54
2007     21       359714.91
2007     22       361156.21
2007     23       364095.60
2007     24       378939.62
2007     25       387764.30
2007     26       392549.93
2007     27       383653.92
2007     28       370937.85
2007     29       372963.71
2007     30       371755.49
2007     31       367845.38
2007     32       369599.10
2007     33       375530.64
2007     34       392533.56
2007     35       431263.57
2007     36       460480.38
2007     37       484810.15
2007     38       522420.86
2007     39       544357.58
2007     40       555701.19
2007     41       559068.37
2007     42       562517.61
2007     43       563992.28
2007     44       554676.96
2007     45       540135.92
2007     46       529433.04
2007     47       514267.75
2007     48       496918.48
2007     49       477333.31
2007     50       465517.72
2007     51       450439.70
2007     52       439322.10
2007     53       430720.95
2007     54       424994.96
2007     55       420396.00
2008     12       329812.28
2008     13       329338.67
2008     14       339612.47
2008     15       349402.46
2008     16       354093.93
2008     17       367487.16
2008     18       365956.62
2008     19       368753.28
2008     20       372839.27
2008     21       371054.55
2008     22       363817.14
2008     23       364565.85
2008     24       366997.46
2008     25       381097.28
2008     26       389260.52
2008     27       393406.88
2008     28       384341.83
2008     29       371458.85
2008     30       373132.16
2008     31       371776.14
2008     32       367845.08
2008     33       369663.65
2008     34       375366.21
2008     35       392337.00
2008     36       430871.54
2008     37       459980.58
2008     38       484277.64
2008     39       521769.77
2008     40       543849.45
2008     41       555273.40
2008     42       558472.87
2008     43       561994.32
2008     44       563460.94
2008     45       554075.16
2008     46       539533.93
2008     47       528734.40
2008     48       513453.76
2008     49       496191.93
2008     50       476360.77
2008     51       464586.23
2008     52       449302.34
2008     53       438126.43
2008     54       429382.13
2008     55       423523.30
2009     12       341912.59
2009     13       329942.19
2009     14       329411.91
2009     15       339718.88
2009     16       349765.05
2009     17       354305.15
2009     18       369289.41
2009     19       369795.17
2009     20       373366.18
2009     21       376868.18
2009     22       374646.94
2009     23       366751.35
2009     24       367065.68
2009     25       368949.72
2009     26       382471.41
2009     27       390069.50
2009     28       393957.31
2009     29       384662.80
2009     30       371581.88
2009     31       373223.76
2009     32       371792.57
2009     33       367782.08
2009     34       369638.34
2009     35       375327.09
2009     36       392138.12
2009     37       430375.19
2009     38       459448.41
2009     39       483703.80
2009     40       521232.29
2009     41       543417.17
2009     42       554623.94
2009     43       557843.68
2009     44       561444.37
2009     45       562821.63
2009     46       553493.56
2009     47       538835.26
2009     48       527920.44
2009     49       512580.52
2009     50       495291.74
2009     51       475388.62
2009     52       463406.05
2009     53       448136.50
2009     54       436724.39
2009     55       427929.90
2010     12       332076.04
2010     13       342271.55
2010     14       330188.56
2010     15       329796.54
2010     16       340434.98
2010     17       350210.41
2010     18       355921.30
2010     19       372532.32
2010     20       373782.27
2010     21       377267.16
2010     22       380487.26
2010     23       377955.01
2010     24       369641.53
2010     25       369346.44
2010     26       370728.78
2010     27       383756.80
2010     28       390995.24
2010     29       394504.68
2010     30       385206.05
2010     31       371917.07
2010     32       373683.86
2010     33       372058.12
2010     34       368081.58
2010     35       369923.68
2010     36       375452.36
2010     37       392027.29
2010     38       430082.38
2010     39       459293.60
2010     40       483394.37
2010     41       521016.12
2010     42       542973.16
2010     43       554340.19
2010     44       557475.33
2010     45       560983.18
2010     46       562470.11
2010     47       552818.91
2010     48       538259.70
2010     49       527038.82
2010     50       511704.23
2010     51       494300.30
2010     52       474315.49
2010     53       462171.02
2010     54       446674.34
2010     55       435262.55
2011     12       322587.88
2011     13       332631.60
2011     14       342865.13
2011     15       330833.05
2011     16       330775.94
2011     17       341259.49
2011     18       352111.50
2011     19       358901.29
2011     20       376552.12
2011     21       378313.83
2011     22       381684.23
2011     23       385098.28
2011     24       382097.16
2011     25       373036.42
2011     26       372341.50
2011     27       373065.10
2011     28       385779.95
2011     29       392634.24
2011     30       395902.52
2011     31       386313.49
2011     32       373050.59
2011     33       374693.73
2011     34       373015.15
2011     35       369031.59
2011     36       370638.87
2011     37       376157.25
2011     38       392503.46
2011     39       430579.52
2011     40       459670.13
2011     41       483665.08
2011     42       521217.97
2011     43       543192.17
2011     44       554435.18
2011     45       557494.75
2011     46       560944.19
2011     47       562126.67
2011     48       552556.29
2011     49       537875.98
2011     50       526353.21
2011     51       510907.42
2011     52       493492.29
2011     53       473226.23
2011     54       460982.26
2011     55       445286.49
2012     12       316745.64
2012     13       323527.40
2012     14       333610.36
2012     15       343851.82
2012     16       332158.82
2012     17       332034.07
2012     18       343731.76
2012     19       355853.54
2012     20       363328.21
2012     21       381969.96
2012     22       384222.58
2012     23       388003.61
2012     24       390667.93
2012     25       387267.51
2012     26       377584.51
2012     27       376271.07
2012     28       376448.41
2012     29       388911.47
2012     30       395330.60
2012     31       398391.55
2012     32       388705.03
2012     33       375208.37
2012     34       376684.62
2012     35       374950.09
2012     36       370772.38
2012     37       372406.54
2012     38       377653.42
2012     39       393979.82
2012     40       432006.82
2012     41       460761.11
2012     42       484817.72
2012     43       522085.62
2012     44       544051.43
2012     45       555190.22
2012     46       557960.72
2012     47       561150.56
2012     48       562306.50
2012     49       552604.05
2012     50       537682.41
2012     51       525935.85
2012     52       510412.60
2012     53       492756.09
2012     54       472450.12
2012     55       459915.96
2013     12       308298.99
2013     13       318193.26
2013     14       324889.04
2013     15       335026.94
2013     16       345622.58
2013     17       333786.33
2013     18       335114.86
2013     19       348491.60
2013     20       361485.16
2013     21       369408.54
2013     22       388799.53
2013     23       391590.38
2013     24       394669.96
2013     25       396976.37
2013     26       392898.97
2013     27       382523.80
2013     28       380688.33
2013     29       380592.86
2013     30       392546.25
2013     31       398859.89
2013     32       401619.86
2013     33       391725.92
2013     34       378043.10
2013     35       379411.78
2013     36       377448.30
2013     37       373143.66
2013     38       374657.17
2013     39       379947.10
2013     40       396016.80
2013     41       433838.55
2013     42       462459.32
2013     43       486287.55
2013     44       523647.43
2013     45       545363.90
2013     46       556152.90
2013     47       558518.51
2013     48       561664.24
2013     49       562591.87
2013     50       552807.18
2013     51       537550.66
2013     52       525606.19
2013     53       509911.61
2013     54       492125.25
2013     55       471660.95
2014     12       298613.64
2014     13       310372.01
2014     14       320234.78
2014     15       326885.31
2014     16       337293.72
2014     17       347853.38
2014     18       337597.09
2014     19       340916.50
2014     20       355499.37
2014     21       368303.57
2014     22       376415.11
2014     23       396639.34
2014     24       398963.36
2014     25       401571.93
2014     26       403102.59
2014     27       398585.26
2014     28       387465.56
2014     29       385497.47
2014     30       384870.58
2014     31       396693.01
2014     32       402519.59
2014     33       405140.98
2014     34       395201.67
2014     35       381442.96
2014     36       382508.74
2014     37       380322.63
2014     38       375908.66
2014     39       377470.63
2014     40       382407.70
2014     41       398328.84
2014     42       435958.21
2014     43       464405.62
2014     44       488198.98
2014     45       525270.78
2014     46       546723.60
2014     47       557116.72
2014     48       559239.26
2014     49       562219.55
2014     50       562966.83
2014     51       552824.15
2014     52       537412.72
2014     53       525241.97
2014     54       509387.89
2014     55       491427.06
2015     12       295457.75
2015     13       302207.72
2015     14       313833.97
2015     15       323835.92
2015     16       330758.86
2015     17       341191.31
2015     18       353843.75
2015     19       346109.03
2015     20       350727.72
2015     21       364564.69
2015     22       377314.94
2015     23       386027.39
2015     24       406244.22
2015     25       408152.94
2015     26       409935.27
2015     27       411024.49
2015     28       405668.22
2015     29       394037.24
2015     30       392106.03
2015     31       390890.25
2015     32       402263.17
2015     33       407704.07
2015     34       410045.59
2015     35       400323.10
2015     36       386063.21
2015     37       386790.37
2015     38       384448.13
2015     39       379751.64
2015     40       381202.98
2015     41       385910.45
2015     42       401615.21
2015     43       438875.05
2015     44       467089.47
2015     45       490634.44
2015     46       527465.65
2015     47       548680.63
2015     48       558536.90
2015     49       560279.69
2015     50       563039.88
2015     51       563375.20
2015     52       553120.43
2015     53       537354.41
2015     54       524971.14
2015     55       508978.29
2016     12       295041.80
2016     13       299281.44
2016     14       305769.86
2016     15       317751.35
2016     16       328165.32
2016     17       335007.19
2016     18       347493.43
2016     19       363199.47
2016     20       356163.90
2016     21       359664.97
2016     22       372880.57
2016     23       386223.24
2016     24       394781.89
2016     25       414907.47
2016     26       416172.85
2016     27       417478.46
2016     28       417555.42
2016     29       411870.19
2016     30       400321.75
2016     31       397991.32
2016     32       396121.55
2016     33       407308.95
2016     34       412233.57
2016     35       414673.37
2016     36       404817.85
2016     37       389924.71
2016     38       390684.79
2016     39       387833.46
2016     40       383232.43
2016     41       384367.04
2016     42       388906.75
2016     43       404301.80
2016     44       441168.93
2016     45       469218.00
2016     46       492470.07
2016     47       529085.27
2016     48       549906.49
2016     49       559293.85
2016     50       560802.23
2016     51       563172.03
2016     52       563315.03
2016     53       552783.90
2016     54       536731.12
2016     55       524104.12
2017     12       294997.50
2017     13       297651.54
2017     14       301728.92
2017     15       308426.06
2017     16       320767.44
2017     17       331031.73
2017     18       339720.56
2017     19       354909.70
2017     20       371397.11
2017     21       363297.00
2017     22       365798.67
2017     23       379658.39
2017     24       392591.71
2017     25       400702.74
2017     26       420510.99
2017     27       421181.06
2017     28       421862.63
2017     29       421780.68
2017     30       415917.69
2017     31       404079.32
2017     32       401499.28
2017     33       399485.65
2017     34       410434.08
2017     35       415088.36
2017     36       417657.87
2017     37       407597.12
2017     38       392426.69
2017     39       393056.95
2017     40       390145.14
2017     41       385393.68
2017     42       386446.85
2017     43       390902.18
2017     44       405959.59
2017     45       442540.24
2017     46       470470.19
2017     47       493407.29
2017     48       529731.48
2017     49       550302.59
2017     50       559378.27
2017     51       560596.63
2017     52       562701.28
2017     53       562592.12
2017     54       551749.64
2017     55       535378.91
