East Germany, Period fertility rates by calendar year and age (Lexis squares, age in completed years (ACY))
Last modified: 04/02/2019
Year    Age        ASFR
1956     12-    0.00000
1956     13     0.00000
1956     14     0.00005
1956     15     0.00144
1956     16     0.00739
1956     17     0.02807
1956     18     0.06794
1956     19     0.11090
1956     20     0.14308
1956     21     0.16552
1956     22     0.17443
1956     23     0.17205
1956     24     0.16469
1956     25     0.15302
1956     26     0.13988
1956     27     0.12910
1956     28     0.11682
1956     29     0.10495
1956     30     0.09226
1956     31     0.08280
1956     32     0.07513
1956     33     0.06600
1956     34     0.05852
1956     35     0.05040
1956     36     0.04344
1956     37     0.03737
1956     38     0.03071
1956     39     0.02371
1956     40     0.01788
1956     41     0.01364
1956     42     0.00995
1956     43     0.00624
1956     44     0.00364
1956     45     0.00147
1956     46     0.00049
1956     47     0.00025
1956     48     0.00012
1956     49     0.00006
1956     50     0.00003
1956     51     0.00002
1956     52     0.00001
1956     53     0.00000
1956     54     0.00000
1956     55+    0.00000
1957     12-    0.00000
1957     13     0.00000
1957     14     0.00006
1957     15     0.00154
1957     16     0.00731
1957     17     0.02786
1957     18     0.06616
1957     19     0.11131
1957     20     0.14385
1957     21     0.16092
1957     22     0.16903
1957     23     0.16881
1957     24     0.16277
1957     25     0.15402
1957     26     0.13982
1957     27     0.12715
1957     28     0.11442
1957     29     0.10120
1957     30     0.09098
1957     31     0.08018
1957     32     0.07047
1957     33     0.06295
1957     34     0.05496
1957     35     0.04810
1957     36     0.04160
1957     37     0.03512
1957     38     0.02846
1957     39     0.02188
1957     40     0.01725
1957     41     0.01245
1957     42     0.00878
1957     43     0.00588
1957     44     0.00346
1957     45     0.00162
1957     46     0.00067
1957     47     0.00034
1957     48     0.00017
1957     49     0.00008
1957     50     0.00004
1957     51     0.00002
1957     52     0.00001
1957     53     0.00001
1957     54     0.00000
1957     55+    0.00000
1958     12-    0.00000
1958     13     0.00000
1958     14     0.00005
1958     15     0.00141
1958     16     0.00758
1958     17     0.02834
1958     18     0.06730
1958     19     0.11059
1958     20     0.14321
1958     21     0.16003
1958     22     0.16684
1958     23     0.16563
1958     24     0.16047
1958     25     0.15140
1958     26     0.14010
1958     27     0.12638
1958     28     0.11385
1958     29     0.10219
1958     30     0.09055
1958     31     0.08045
1958     32     0.06953
1958     33     0.06066
1958     34     0.05437
1958     35     0.04670
1958     36     0.04024
1958     37     0.03406
1958     38     0.02809
1958     39     0.02294
1958     40     0.01709
1958     41     0.01211
1958     42     0.00767
1958     43     0.00493
1958     44     0.00313
1958     45     0.00149
1958     46     0.00067
1958     47     0.00034
1958     48     0.00017
1958     49     0.00009
1958     50     0.00004
1958     51     0.00002
1958     52     0.00001
1958     53     0.00001
1958     54     0.00000
1958     55+    0.00000
1959     12-    0.00000
1959     13     0.00000
1959     14     0.00010
1959     15     0.00200
1959     16     0.00851
1959     17     0.03268
1959     18     0.07483
1959     19     0.12259
1959     20     0.15444
1959     21     0.17275
1959     22     0.17750
1959     23     0.17480
1959     24     0.17018
1959     25     0.16149
1959     26     0.14935
1959     27     0.13678
1959     28     0.12071
1959     29     0.10558
1959     30     0.09418
1959     31     0.08327
1959     32     0.07267
1959     33     0.06322
1959     34     0.05510
1959     35     0.04824
1959     36     0.04117
1959     37     0.03477
1959     38     0.02866
1959     39     0.02354
1959     40     0.01749
1959     41     0.01190
1959     42     0.00854
1959     43     0.00509
1959     44     0.00301
1959     45     0.00148
1959     46     0.00066
1959     47     0.00034
1959     48     0.00017
1959     49     0.00009
1959     50     0.00004
1959     51     0.00002
1959     52     0.00001
1959     53     0.00001
1959     54     0.00000
1959     55+    0.00000
1960     12-    0.00000
1960     13     0.00000
1960     14     0.00010
1960     15     0.00247
1960     16     0.00998
1960     17     0.03526
1960     18     0.08180
1960     19     0.12744
1960     20     0.15761
1960     21     0.17070
1960     22     0.17617
1960     23     0.17470
1960     24     0.16624
1960     25     0.15677
1960     26     0.14691
1960     27     0.13376
1960     28     0.11973
1960     29     0.10633
1960     30     0.09260
1960     31     0.08210
1960     32     0.07200
1960     33     0.06224
1960     34     0.05385
1960     35     0.04682
1960     36     0.04110
1960     37     0.03422
1960     38     0.02745
1960     39     0.02152
1960     40     0.01736
1960     41     0.01301
1960     42     0.00825
1960     43     0.00501
1960     44     0.00271
1960     45     0.00126
1960     46     0.00059
1960     47     0.00031
1960     48     0.00016
1960     49     0.00008
1960     50     0.00004
1960     51     0.00002
1960     52     0.00001
1960     53     0.00001
1960     54     0.00000
1960     55+    0.00000
1961     12-    0.00000
1961     13     0.00000
1961     14     0.00012
1961     15     0.00326
1961     16     0.01274
1961     17     0.03914
1961     18     0.08517
1961     19     0.13667
1961     20     0.16865
1961     21     0.18221
1961     22     0.18488
1961     23     0.18213
1961     24     0.17192
1961     25     0.16131
1961     26     0.14816
1961     27     0.13284
1961     28     0.12048
1961     29     0.10851
1961     30     0.09465
1961     31     0.08251
1961     32     0.07215
1961     33     0.06256
1961     34     0.05497
1961     35     0.04703
1961     36     0.04002
1961     37     0.03405
1961     38     0.02812
1961     39     0.02214
1961     40     0.01641
1961     41     0.01238
1961     42     0.00894
1961     43     0.00496
1961     44     0.00262
1961     45     0.00119
1961     46     0.00051
1961     47     0.00026
1961     48     0.00013
1961     49     0.00007
1961     50     0.00004
1961     51     0.00002
1961     52     0.00001
1961     53     0.00001
1961     54     0.00000
1961     55+    0.00000
1962     12-    0.00000
1962     13     0.00000
1962     14     0.00012
1962     15     0.00295
1962     16     0.01286
1962     17     0.04380
1962     18     0.09068
1962     19     0.13742
1962     20     0.17050
1962     21     0.18503
1962     22     0.18753
1962     23     0.18212
1962     24     0.17377
1962     25     0.16201
1962     26     0.14512
1962     27     0.13017
1962     28     0.11794
1962     29     0.10631
1962     30     0.09446
1962     31     0.08126
1962     32     0.07109
1962     33     0.06155
1962     34     0.05284
1962     35     0.04547
1962     36     0.03873
1962     37     0.03268
1962     38     0.02749
1962     39     0.02175
1962     40     0.01604
1962     41     0.01159
1962     42     0.00826
1962     43     0.00551
1962     44     0.00255
1962     45     0.00097
1962     46     0.00049
1962     47     0.00026
1962     48     0.00014
1962     49     0.00007
1962     50     0.00004
1962     51     0.00002
1962     52     0.00001
1962     53     0.00001
1962     54     0.00000
1962     55+    0.00000
1963     12-    0.00000
1963     13     0.00000
1963     14     0.00012
1963     15     0.00319
1963     16     0.01314
1963     17     0.04666
1963     18     0.09823
1963     19     0.14597
1963     20     0.17339
1963     21     0.18795
1963     22     0.18927
1963     23     0.18343
1963     24     0.17543
1963     25     0.16273
1963     26     0.14876
1963     27     0.13362
1963     28     0.12032
1963     29     0.10816
1963     30     0.09592
1963     31     0.08394
1963     32     0.07335
1963     33     0.06304
1963     34     0.05425
1963     35     0.04758
1963     36     0.03965
1963     37     0.03299
1963     38     0.02745
1963     39     0.02185
1963     40     0.01641
1963     41     0.01170
1963     42     0.00820
1963     43     0.00563
1963     44     0.00314
1963     45     0.00107
1963     46     0.00036
1963     47     0.00018
1963     48     0.00009
1963     49     0.00005
1963     50     0.00003
1963     51     0.00002
1963     52     0.00001
1963     53     0.00001
1963     54     0.00000
1963     55+    0.00000
1964     12-    0.00000
1964     13     0.00000
1964     14     0.00009
1964     15     0.00273
1964     16     0.01343
1964     17     0.04445
1964     18     0.10143
1964     19     0.15689
1964     20     0.18296
1964     21     0.18684
1964     22     0.18444
1964     23     0.18048
1964     24     0.17021
1964     25     0.15910
1964     26     0.14705
1964     27     0.13298
1964     28     0.11908
1964     29     0.10690
1964     30     0.09710
1964     31     0.08567
1964     32     0.07436
1964     33     0.06422
1964     34     0.05522
1964     35     0.04713
1964     36     0.04013
1964     37     0.03335
1964     38     0.02710
1964     39     0.02146
1964     40     0.01627
1964     41     0.01184
1964     42     0.00813
1964     43     0.00525
1964     44     0.00330
1964     45     0.00147
1964     46     0.00047
1964     47     0.00022
1964     48     0.00011
1964     49     0.00006
1964     50     0.00003
1964     51     0.00002
1964     52     0.00001
1964     53     0.00001
1964     54     0.00000
1964     55+    0.00000
1965     12-    0.00000
1965     13     0.00000
1965     14     0.00010
1965     15     0.00286
1965     16     0.01357
1965     17     0.04795
1965     18     0.10180
1965     19     0.16184
1965     20     0.18895
1965     21     0.19296
1965     22     0.18699
1965     23     0.17792
1965     24     0.17009
1965     25     0.15932
1965     26     0.14582
1965     27     0.13185
1965     28     0.11818
1965     29     0.10485
1965     30     0.09411
1965     31     0.08452
1965     32     0.07339
1965     33     0.06371
1965     34     0.05498
1965     35     0.04630
1965     36     0.03855
1965     37     0.03234
1965     38     0.02629
1965     39     0.02109
1965     40     0.01615
1965     41     0.01125
1965     42     0.00756
1965     43     0.00463
1965     44     0.00264
1965     45     0.00127
1965     46     0.00050
1965     47     0.00024
1965     48     0.00012
1965     49     0.00006
1965     50     0.00003
1965     51     0.00002
1965     52     0.00001
1965     53     0.00001
1965     54     0.00000
1965     55+    0.00000
1966     12-    0.00000
1966     13     0.00000
1966     14     0.00008
1966     15     0.00236
1966     16     0.01158
1966     17     0.04330
1966     18     0.10007
1966     19     0.15809
1966     20     0.18971
1966     21     0.19290
1966     22     0.18816
1966     23     0.17937
1966     24     0.16654
1966     25     0.15548
1966     26     0.14430
1966     27     0.12990
1966     28     0.11407
1966     29     0.10171
1966     30     0.09057
1966     31     0.07944
1966     32     0.07053
1966     33     0.06169
1966     34     0.05345
1966     35     0.04509
1966     36     0.03711
1966     37     0.03038
1966     38     0.02419
1966     39     0.01866
1966     40     0.01328
1966     41     0.00867
1966     42     0.00549
1966     43     0.00328
1966     44     0.00178
1966     45     0.00079
1966     46     0.00038
1966     47     0.00021
1966     48     0.00011
1966     49     0.00006
1966     50     0.00003
1966     51     0.00002
1966     52     0.00001
1966     53     0.00000
1966     54     0.00000
1966     55+    0.00000
1967     12-    0.00000
1967     13     0.00000
1967     14     0.00009
1967     15     0.00215
1967     16     0.01019
1967     17     0.03997
1967     18     0.09533
1967     19     0.15645
1967     20     0.18983
1967     21     0.19775
1967     22     0.18769
1967     23     0.17651
1967     24     0.16353
1967     25     0.14859
1967     26     0.13541
1967     27     0.12189
1967     28     0.10916
1967     29     0.09714
1967     30     0.08532
1967     31     0.07396
1967     32     0.06453
1967     33     0.05705
1967     34     0.04977
1967     35     0.04122
1967     36     0.03396
1967     37     0.02856
1967     38     0.02257
1967     39     0.01635
1967     40     0.01135
1967     41     0.00752
1967     42     0.00476
1967     43     0.00287
1967     44     0.00161
1967     45     0.00073
1967     46     0.00031
1967     47     0.00018
1967     48     0.00010
1967     49     0.00005
1967     50     0.00003
1967     51     0.00001
1967     52     0.00001
1967     53     0.00000
1967     54     0.00000
1967     55+    0.00000
1968     12-    0.00000
1968     13     0.00000
1968     14     0.00008
1968     15     0.00201
1968     16     0.00966
1968     17     0.03788
1968     18     0.09023
1968     19     0.15268
1968     20     0.19399
1968     21     0.20418
1968     22     0.19247
1968     23     0.17624
1968     24     0.16143
1968     25     0.14485
1968     26     0.13082
1968     27     0.11741
1968     28     0.10369
1968     29     0.09183
1968     30     0.08082
1968     31     0.07164
1968     32     0.06236
1968     33     0.05422
1968     34     0.04806
1968     35     0.04137
1968     36     0.03385
1968     37     0.02691
1968     38     0.02201
1968     39     0.01599
1968     40     0.00998
1968     41     0.00632
1968     42     0.00413
1968     43     0.00250
1968     44     0.00147
1968     45     0.00058
1968     46     0.00020
1968     47     0.00011
1968     48     0.00006
1968     49     0.00003
1968     50     0.00002
1968     51     0.00001
1968     52     0.00001
1968     53     0.00000
1968     54     0.00000
1968     55+    0.00000
1969     12-    0.00000
1969     13     0.00000
1969     14     0.00008
1969     15     0.00200
1969     16     0.00955
1969     17     0.03797
1969     18     0.09120
1969     19     0.15341
1969     20     0.19275
1969     21     0.20236
1969     22     0.19326
1969     23     0.17318
1969     24     0.15624
1969     25     0.14331
1969     26     0.12680
1969     27     0.11151
1969     28     0.09902
1969     29     0.08731
1969     30     0.07728
1969     31     0.06718
1969     32     0.05837
1969     33     0.05039
1969     34     0.04413
1969     35     0.03881
1969     36     0.03230
1969     37     0.02638
1969     38     0.02044
1969     39     0.01434
1969     40     0.00888
1969     41     0.00569
1969     42     0.00355
1969     43     0.00196
1969     44     0.00122
1969     45     0.00059
1969     46     0.00023
1969     47     0.00013
1969     48     0.00007
1969     49     0.00004
1969     50     0.00002
1969     51     0.00001
1969     52     0.00001
1969     53     0.00000
1969     54     0.00000
1969     55+    0.00000
1970     12-    0.00000
1970     13     0.00000
1970     14     0.00007
1970     15     0.00188
1970     16     0.00961
1970     17     0.03810
1970     18     0.09332
1970     19     0.15660
1970     20     0.19203
1970     21     0.20150
1970     22     0.19070
1970     23     0.17406
1970     24     0.15535
1970     25     0.13620
1970     26     0.12159
1970     27     0.10673
1970     28     0.09369
1970     29     0.08357
1970     30     0.07380
1970     31     0.06484
1970     32     0.05606
1970     33     0.04889
1970     34     0.04245
1970     35     0.03588
1970     36     0.03092
1970     37     0.02557
1970     38     0.01974
1970     39     0.01357
1970     40     0.00861
1970     41     0.00529
1970     42     0.00328
1970     43     0.00204
1970     44     0.00128
1970     45     0.00060
1970     46     0.00022
1970     47     0.00012
1970     48     0.00007
1970     49     0.00004
1970     50     0.00002
1970     51     0.00001
1970     52     0.00001
1970     53     0.00000
1970     54     0.00000
1970     55+    0.00000
1971     12-    0.00000
1971     13     0.00000
1971     14     0.00009
1971     15     0.00219
1971     16     0.01000
1971     17     0.04006
1971     18     0.09635
1971     19     0.15724
1971     20     0.19073
1971     21     0.19667
1971     22     0.18539
1971     23     0.16826
1971     24     0.15093
1971     25     0.13213
1971     26     0.11589
1971     27     0.10180
1971     28     0.08894
1971     29     0.07869
1971     30     0.07000
1971     31     0.06073
1971     32     0.05334
1971     33     0.04677
1971     34     0.03985
1971     35     0.03411
1971     36     0.02921
1971     37     0.02480
1971     38     0.01976
1971     39     0.01385
1971     40     0.00846
1971     41     0.00536
1971     42     0.00358
1971     43     0.00207
1971     44     0.00108
1971     45     0.00050
1971     46     0.00022
1971     47     0.00013
1971     48     0.00007
1971     49     0.00004
1971     50     0.00002
1971     51     0.00001
1971     52     0.00001
1971     53     0.00000
1971     54     0.00000
1971     55+    0.00000
1972     12-    0.00000
1972     13     0.00000
1972     14     0.00007
1972     15     0.00192
1972     16     0.00901
1972     17     0.03556
1972     18     0.08623
1972     19     0.14080
1972     20     0.16825
1972     21     0.16883
1972     22     0.15962
1972     23     0.14601
1972     24     0.12953
1972     25     0.11239
1972     26     0.09586
1972     27     0.08147
1972     28     0.07214
1972     29     0.06293
1972     30     0.05300
1972     31     0.04609
1972     32     0.03986
1972     33     0.03483
1972     34     0.03048
1972     35     0.02601
1972     36     0.02173
1972     37     0.01753
1972     38     0.01436
1972     39     0.01088
1972     40     0.00732
1972     41     0.00492
1972     42     0.00306
1972     43     0.00173
1972     44     0.00095
1972     45     0.00044
1972     46     0.00021
1972     47     0.00012
1972     48     0.00007
1972     49     0.00004
1972     50     0.00002
1972     51     0.00001
1972     52     0.00001
1972     53     0.00000
1972     54     0.00000
1972     55+    0.00000
1973     12-    0.00000
1973     13     0.00000
1973     14     0.00003
1973     15     0.00118
1973     16     0.00692
1973     17     0.03021
1973     18     0.08067
1973     19     0.13459
1973     20     0.15815
1973     21     0.15804
1973     22     0.14676
1973     23     0.13536
1973     24     0.12004
1973     25     0.10170
1973     26     0.08417
1973     27     0.06730
1973     28     0.06181
1973     29     0.05155
1973     30     0.04344
1973     31     0.03691
1973     32     0.02933
1973     33     0.02564
1973     34     0.02215
1973     35     0.01804
1973     36     0.01528
1973     37     0.01233
1973     38     0.00979
1973     39     0.00763
1973     40     0.00519
1973     41     0.00364
1973     42     0.00242
1973     43     0.00127
1973     44     0.00081
1973     45     0.00044
1973     46     0.00018
1973     47     0.00010
1973     48     0.00006
1973     49     0.00003
1973     50     0.00002
1973     51     0.00001
1973     52     0.00001
1973     53     0.00000
1973     54     0.00000
1973     55+    0.00000
1974     12-    0.00000
1974     13     0.00000
1974     14     0.00008
1974     15     0.00098
1974     16     0.00728
1974     17     0.02943
1974     18     0.07725
1974     19     0.13207
1974     20     0.15323
1974     21     0.15192
1974     22     0.14495
1974     23     0.13412
1974     24     0.12130
1974     25     0.10197
1974     26     0.08567
1974     27     0.06894
1974     28     0.05670
1974     29     0.05132
1974     30     0.04116
1974     31     0.03551
1974     32     0.02941
1974     33     0.02401
1974     34     0.02023
1974     35     0.01669
1974     36     0.01337
1974     37     0.01084
1974     38     0.00872
1974     39     0.00667
1974     40     0.00483
1974     41     0.00382
1974     42     0.00229
1974     43     0.00130
1974     44     0.00074
1974     45     0.00030
1974     46     0.00011
1974     47     0.00006
1974     48     0.00003
1974     49     0.00002
1974     50     0.00001
1974     51     0.00001
1974     52     0.00000
1974     53     0.00000
1974     54     0.00000
1974     55+    0.00000
1975     12-    0.00000
1975     13     0.00000
1975     14     0.00014
1975     15     0.00100
1975     16     0.00680
1975     17     0.02850
1975     18     0.07445
1975     19     0.12723
1975     20     0.14783
1975     21     0.15260
1975     22     0.14890
1975     23     0.14093
1975     24     0.12696
1975     25     0.10881
1975     26     0.08834
1975     27     0.07325
1975     28     0.05962
1975     29     0.04773
1975     30     0.04212
1975     31     0.03367
1975     32     0.02704
1975     33     0.02367
1975     34     0.01753
1975     35     0.01497
1975     36     0.01210
1975     37     0.00984
1975     38     0.00756
1975     39     0.00601
1975     40     0.00453
1975     41     0.00302
1975     42     0.00213
1975     43     0.00145
1975     44     0.00063
1975     45     0.00026
1975     46     0.00014
1975     47     0.00008
1975     48     0.00005
1975     49     0.00003
1975     50     0.00002
1975     51     0.00001
1975     52     0.00001
1975     53     0.00000
1975     54     0.00000
1975     55+    0.00000
1976     12-    0.00000
1976     13     0.00000
1976     14     0.00013
1976     15     0.00112
1976     16     0.00718
1976     17     0.02807
1976     18     0.07306
1976     19     0.12726
1976     20     0.15233
1976     21     0.16194
1976     22     0.16059
1976     23     0.15543
1976     24     0.14034
1976     25     0.12041
1976     26     0.09995
1976     27     0.08147
1976     28     0.06527
1976     29     0.05197
1976     30     0.04098
1976     31     0.03566
1976     32     0.02971
1976     33     0.02321
1976     34     0.01891
1976     35     0.01447
1976     36     0.01225
1976     37     0.00927
1976     38     0.00728
1976     39     0.00581
1976     40     0.00386
1976     41     0.00294
1976     42     0.00230
1976     43     0.00125
1976     44     0.00068
1976     45     0.00027
1976     46     0.00012
1976     47     0.00007
1976     48     0.00004
1976     49     0.00002
1976     50     0.00001
1976     51     0.00001
1976     52     0.00000
1976     53     0.00000
1976     54     0.00000
1976     55+    0.00000
1977     12-    0.00000
1977     13     0.00000
1977     14     0.00011
1977     15     0.00129
1977     16     0.00782
1977     17     0.02930
1977     18     0.07306
1977     19     0.13131
1977     20     0.16378
1977     21     0.17740
1977     22     0.18002
1977     23     0.17931
1977     24     0.16427
1977     25     0.14232
1977     26     0.11956
1977     27     0.09986
1977     28     0.07891
1977     29     0.06452
1977     30     0.05152
1977     31     0.04003
1977     32     0.03231
1977     33     0.02710
1977     34     0.02048
1977     35     0.01675
1977     36     0.01258
1977     37     0.01047
1977     38     0.00797
1977     39     0.00576
1977     40     0.00425
1977     41     0.00295
1977     42     0.00192
1977     43     0.00131
1977     44     0.00087
1977     45     0.00029
1977     46     0.00015
1977     47     0.00009
1977     48     0.00005
1977     49     0.00003
1977     50     0.00002
1977     51     0.00001
1977     52     0.00001
1977     53     0.00000
1977     54     0.00000
1977     55+    0.00000
1978     12-    0.00000
1978     13     0.00000
1978     14     0.00009
1978     15     0.00154
1978     16     0.00875
1978     17     0.03004
1978     18     0.07551
1978     19     0.13532
1978     20     0.17180
1978     21     0.18447
1978     22     0.18582
1978     23     0.18082
1978     24     0.16493
1978     25     0.14531
1978     26     0.12653
1978     27     0.10059
1978     28     0.08266
1978     29     0.06661
1978     30     0.05316
1978     31     0.04233
1978     32     0.03259
1978     33     0.02683
1978     34     0.02158
1978     35     0.01637
1978     36     0.01244
1978     37     0.00915
1978     38     0.00707
1978     39     0.00559
1978     40     0.00374
1978     41     0.00287
1978     42     0.00149
1978     43     0.00101
1978     44     0.00062
1978     45     0.00028
1978     46     0.00020
1978     47     0.00012
1978     48     0.00007
1978     49     0.00004
1978     50     0.00002
1978     51     0.00001
1978     52     0.00001
1978     53     0.00000
1978     54     0.00000
1978     55+    0.00000
1979     12-    0.00000
1979     13     0.00000
1979     14     0.00013
1979     15     0.00158
1979     16     0.00789
1979     17     0.02895
1979     18     0.07516
1979     19     0.13954
1979     20     0.17508
1979     21     0.18865
1979     22     0.18457
1979     23     0.18243
1979     24     0.16265
1979     25     0.14402
1979     26     0.12066
1979     27     0.10148
1979     28     0.08192
1979     29     0.06702
1979     30     0.05257
1979     31     0.04220
1979     32     0.03388
1979     33     0.02533
1979     34     0.02017
1979     35     0.01627
1979     36     0.01241
1979     37     0.00918
1979     38     0.00631
1979     39     0.00505
1979     40     0.00357
1979     41     0.00248
1979     42     0.00163
1979     43     0.00100
1979     44     0.00064
1979     45     0.00033
1979     46     0.00019
1979     47     0.00011
1979     48     0.00006
1979     49     0.00004
1979     50     0.00002
1979     51     0.00001
1979     52     0.00001
1979     53     0.00000
1979     54     0.00000
1979     55+    0.00000
1980     12-    0.00000
1980     13     0.00000
1980     14     0.00018
1980     15     0.00168
1980     16     0.00855
1980     17     0.02874
1980     18     0.07943
1980     19     0.14874
1980     20     0.18512
1980     21     0.19665
1980     22     0.19203
1980     23     0.18328
1980     24     0.16553
1980     25     0.14547
1980     26     0.12254
1980     27     0.10260
1980     28     0.08207
1980     29     0.06660
1980     30     0.05342
1980     31     0.04245
1980     32     0.03426
1980     33     0.02650
1980     34     0.01878
1980     35     0.01632
1980     36     0.01176
1980     37     0.00868
1980     38     0.00665
1980     39     0.00438
1980     40     0.00329
1980     41     0.00247
1980     42     0.00160
1980     43     0.00088
1980     44     0.00061
1980     45     0.00025
1980     46     0.00021
1980     47     0.00013
1980     48     0.00008
1980     49     0.00005
1980     50     0.00003
1980     51     0.00001
1980     52     0.00001
1980     53     0.00000
1980     54     0.00000
1980     55+    0.00000
1981     12-    0.00000
1981     13     0.00000
1981     14     0.00015
1981     15     0.00170
1981     16     0.00817
1981     17     0.02638
1981     18     0.07170
1981     19     0.14132
1981     20     0.17741
1981     21     0.18508
1981     22     0.18393
1981     23     0.17361
1981     24     0.15946
1981     25     0.14288
1981     26     0.12040
1981     27     0.09809
1981     28     0.07927
1981     29     0.06423
1981     30     0.05180
1981     31     0.04079
1981     32     0.03278
1981     33     0.02590
1981     34     0.01969
1981     35     0.01475
1981     36     0.01115
1981     37     0.00824
1981     38     0.00630
1981     39     0.00463
1981     40     0.00291
1981     41     0.00215
1981     42     0.00145
1981     43     0.00089
1981     44     0.00049
1981     45     0.00024
1981     46     0.00014
1981     47     0.00009
1981     48     0.00006
1981     49     0.00003
1981     50     0.00002
1981     51     0.00001
1981     52     0.00001
1981     53     0.00000
1981     54     0.00000
1981     55+    0.00000
1982     12-    0.00000
1982     13     0.00000
1982     14     0.00022
1982     15     0.00170
1982     16     0.00793
1982     17     0.02633
1982     18     0.06985
1982     19     0.13714
1982     20     0.17464
1982     21     0.18453
1982     22     0.18397
1982     23     0.17477
1982     24     0.15940
1982     25     0.14092
1982     26     0.12054
1982     27     0.09939
1982     28     0.08097
1982     29     0.06532
1982     30     0.05204
1982     31     0.04161
1982     32     0.03436
1982     33     0.02665
1982     34     0.02141
1982     35     0.01599
1982     36     0.01230
1982     37     0.00900
1982     38     0.00614
1982     39     0.00441
1982     40     0.00285
1982     41     0.00194
1982     42     0.00122
1982     43     0.00072
1982     44     0.00039
1982     45     0.00020
1982     46     0.00006
1982     47     0.00003
1982     48     0.00002
1982     49     0.00001
1982     50     0.00001
1982     51     0.00000
1982     52     0.00000
1982     53     0.00000
1982     54     0.00000
1982     55+    0.00000
1983     12-    0.00000
1983     13     0.00000
1983     14     0.00010
1983     15     0.00157
1983     16     0.00725
1983     17     0.02330
1983     18     0.06594
1983     19     0.13011
1983     20     0.16407
1983     21     0.17526
1983     22     0.17564
1983     23     0.17112
1983     24     0.15855
1983     25     0.14032
1983     26     0.11690
1983     27     0.09513
1983     28     0.07815
1983     29     0.06282
1983     30     0.05067
1983     31     0.04062
1983     32     0.03280
1983     33     0.02618
1983     34     0.02044
1983     35     0.01583
1983     36     0.01139
1983     37     0.00894
1983     38     0.00594
1983     39     0.00420
1983     40     0.00302
1983     41     0.00164
1983     42     0.00107
1983     43     0.00077
1983     44     0.00043
1983     45     0.00017
1983     46     0.00006
1983     47     0.00004
1983     48     0.00002
1983     49     0.00001
1983     50     0.00001
1983     51     0.00000
1983     52     0.00000
1983     53     0.00000
1983     54     0.00000
1983     55+    0.00000
1984     12-    0.00000
1984     13     0.00000
1984     14     0.00015
1984     15     0.00150
1984     16     0.00760
1984     17     0.02286
1984     18     0.06231
1984     19     0.12436
1984     20     0.15855
1984     21     0.16980
1984     22     0.17125
1984     23     0.16479
1984     24     0.15241
1984     25     0.13599
1984     26     0.11467
1984     27     0.09305
1984     28     0.07705
1984     29     0.06143
1984     30     0.05053
1984     31     0.03931
1984     32     0.03208
1984     33     0.02494
1984     34     0.01963
1984     35     0.01562
1984     36     0.01182
1984     37     0.00922
1984     38     0.00583
1984     39     0.00450
1984     40     0.00263
1984     41     0.00184
1984     42     0.00115
1984     43     0.00068
1984     44     0.00044
1984     45     0.00015
1984     46     0.00005
1984     47     0.00003
1984     48     0.00002
1984     49     0.00001
1984     50     0.00001
1984     51     0.00000
1984     52     0.00000
1984     53     0.00000
1984     54     0.00000
1984     55+    0.00000
1985     12-    0.00000
1985     13     0.00000
1985     14     0.00016
1985     15     0.00171
1985     16     0.00729
1985     17     0.02154
1985     18     0.06008
1985     19     0.11662
1985     20     0.15080
1985     21     0.16479
1985     22     0.17018
1985     23     0.16335
1985     24     0.15344
1985     25     0.13902
1985     26     0.11974
1985     27     0.09856
1985     28     0.07814
1985     29     0.06235
1985     30     0.05247
1985     31     0.04022
1985     32     0.03309
1985     33     0.02682
1985     34     0.02015
1985     35     0.01622
1985     36     0.01264
1985     37     0.00909
1985     38     0.00641
1985     39     0.00378
1985     40     0.00280
1985     41     0.00188
1985     42     0.00105
1985     43     0.00076
1985     44     0.00034
1985     45     0.00014
1985     46     0.00005
1985     47     0.00003
1985     48     0.00002
1985     49     0.00001
1985     50     0.00001
1985     51     0.00000
1985     52     0.00000
1985     53     0.00000
1985     54     0.00000
1985     55+    0.00000
1986     12-    0.00000
1986     13     0.00000
1986     14     0.00010
1986     15     0.00143
1986     16     0.00635
1986     17     0.02015
1986     18     0.05648
1986     19     0.11296
1986     20     0.14323
1986     21     0.15953
1986     22     0.16399
1986     23     0.16247
1986     24     0.15343
1986     25     0.13646
1986     26     0.11734
1986     27     0.09653
1986     28     0.07859
1986     29     0.06288
1986     30     0.05155
1986     31     0.04208
1986     32     0.03217
1986     33     0.02659
1986     34     0.02046
1986     35     0.01612
1986     36     0.01249
1986     37     0.00944
1986     38     0.00633
1986     39     0.00437
1986     40     0.00267
1986     41     0.00174
1986     42     0.00134
1986     43     0.00061
1986     44     0.00040
1986     45     0.00011
1986     46     0.00004
1986     47     0.00002
1986     48     0.00001
1986     49     0.00001
1986     50     0.00001
1986     51     0.00000
1986     52     0.00000
1986     53     0.00000
1986     54     0.00000
1986     55+    0.00000
1987     12-    0.00000
1987     13     0.00000
1987     14     0.00015
1987     15     0.00148
1987     16     0.00566
1987     17     0.01790
1987     18     0.05109
1987     19     0.10651
1987     20     0.14114
1987     21     0.15497
1987     22     0.16377
1987     23     0.16645
1987     24     0.16008
1987     25     0.14157
1987     26     0.12204
1987     27     0.10271
1987     28     0.08475
1987     29     0.06826
1987     30     0.05545
1987     31     0.04458
1987     32     0.03545
1987     33     0.02848
1987     34     0.02333
1987     35     0.01818
1987     36     0.01307
1987     37     0.01058
1987     38     0.00694
1987     39     0.00472
1987     40     0.00308
1987     41     0.00189
1987     42     0.00119
1987     43     0.00069
1987     44     0.00036
1987     45     0.00013
1987     46     0.00004
1987     47     0.00002
1987     48     0.00001
1987     49     0.00001
1987     50     0.00001
1987     51     0.00000
1987     52     0.00000
1987     53     0.00000
1987     54     0.00000
1987     55+    0.00000
1988     12-    0.00000
1988     13     0.00000
1988     14     0.00018
1988     15     0.00142
1988     16     0.00571
1988     17     0.01602
1988     18     0.04624
1988     19     0.09812
1988     20     0.13262
1988     21     0.14850
1988     22     0.15698
1988     23     0.15845
1988     24     0.15512
1988     25     0.14146
1988     26     0.12108
1988     27     0.09910
1988     28     0.08095
1988     29     0.06689
1988     30     0.05404
1988     31     0.04318
1988     32     0.03463
1988     33     0.02794
1988     34     0.02232
1988     35     0.01714
1988     36     0.01280
1988     37     0.00990
1988     38     0.00679
1988     39     0.00468
1988     40     0.00330
1988     41     0.00209
1988     42     0.00106
1988     43     0.00057
1988     44     0.00034
1988     45     0.00012
1988     46     0.00003
1988     47     0.00002
1988     48     0.00001
1988     49     0.00001
1988     50     0.00000
1988     51     0.00000
1988     52     0.00000
1988     53     0.00000
1988     54     0.00000
1988     55+    0.00000
1989     12-    0.00000
1989     13     0.00000
1989     14     0.00016
1989     15     0.00158
1989     16     0.00535
1989     17     0.01538
1989     18     0.04222
1989     19     0.08683
1989     20     0.11996
1989     21     0.13720
1989     22     0.14903
1989     23     0.15212
1989     24     0.15017
1989     25     0.13640
1989     26     0.11531
1989     27     0.09681
1989     28     0.07772
1989     29     0.06261
1989     30     0.05169
1989     31     0.04172
1989     32     0.03302
1989     33     0.02607
1989     34     0.02128
1989     35     0.01694
1989     36     0.01253
1989     37     0.00939
1989     38     0.00691
1989     39     0.00455
1989     40     0.00289
1989     41     0.00196
1989     42     0.00116
1989     43     0.00068
1989     44     0.00019
1989     45     0.00011
1989     46     0.00004
1989     47     0.00003
1989     48     0.00002
1989     49     0.00001
1989     50     0.00001
1989     51     0.00000
1989     52     0.00000
1989     53     0.00000
1989     54     0.00000
1989     55+    0.00000
1990     12-    0.00000
1990     13     0.00018
1990     14     0.00075
1990     15     0.00172
1990     16     0.00609
1990     17     0.01740
1990     18     0.04443
1990     19     0.08484
1990     20     0.11893
1990     21     0.13573
1990     22     0.14518
1990     23     0.14892
1990     24     0.14290
1990     25     0.12892
1990     26     0.10866
1990     27     0.08930
1990     28     0.07196
1990     29     0.05732
1990     30     0.04714
1990     31     0.03721
1990     32     0.02950
1990     33     0.02393
1990     34     0.01879
1990     35     0.01449
1990     36     0.01098
1990     37     0.00871
1990     38     0.00625
1990     39     0.00447
1990     40     0.00305
1990     41     0.00188
1990     42     0.00115
1990     43     0.00077
1990     44     0.00038
1990     45     0.00010
1990     46     0.00004
1990     47     0.00003
1990     48     0.00002
1990     49     0.00001
1990     50     0.00000
1990     51     0.00000
1990     52     0.00000
1990     53     0.00000
1990     54     0.00000
1990     55+    0.00000
1991     12-    0.00000
1991     13     0.00020
1991     14     0.00097
1991     15     0.00216
1991     16     0.00682
1991     17     0.01592
1991     18     0.03563
1991     19     0.06531
1991     20     0.08556
1991     21     0.09588
1991     22     0.09743
1991     23     0.09563
1991     24     0.09032
1991     25     0.08001
1991     26     0.06604
1991     27     0.05192
1991     28     0.04106
1991     29     0.03288
1991     30     0.02700
1991     31     0.02193
1991     32     0.01800
1991     33     0.01450
1991     34     0.01157
1991     35     0.00973
1991     36     0.00786
1991     37     0.00618
1991     38     0.00486
1991     39     0.00364
1991     40     0.00260
1991     41     0.00176
1991     42     0.00101
1991     43     0.00058
1991     44     0.00037
1991     45     0.00020
1991     46     0.00008
1991     47     0.00003
1991     48     0.00003
1991     49     0.00002
1991     50     0.00001
1991     51     0.00000
1991     52     0.00000
1991     53     0.00000
1991     54     0.00000
1991     55+    0.00000
1992     12-    0.00000
1992     13     0.00012
1992     14     0.00061
1992     15     0.00166
1992     16     0.00532
1992     17     0.01293
1992     18     0.02684
1992     19     0.04456
1992     20     0.06320
1992     21     0.07277
1992     22     0.07725
1992     23     0.07972
1992     24     0.07646
1992     25     0.06965
1992     26     0.06055
1992     27     0.05019
1992     28     0.03999
1992     29     0.03239
1992     30     0.02643
1992     31     0.02212
1992     32     0.01798
1992     33     0.01440
1992     34     0.01217
1992     35     0.00964
1992     36     0.00731
1992     37     0.00581
1992     38     0.00473
1992     39     0.00361
1992     40     0.00244
1992     41     0.00151
1992     42     0.00098
1992     43     0.00061
1992     44     0.00030
1992     45     0.00017
1992     46     0.00007
1992     47     0.00002
1992     48     0.00003
1992     49     0.00002
1992     50     0.00000
1992     51     0.00000
1992     52     0.00000
1992     53     0.00000
1992     54     0.00000
1992     55+    0.00000
1993     12-    0.00000
1993     13     0.00008
1993     14     0.00057
1993     15     0.00145
1993     16     0.00398
1993     17     0.00962
1993     18     0.01871
1993     19     0.03169
1993     20     0.04762
1993     21     0.06057
1993     22     0.06718
1993     23     0.07057
1993     24     0.07233
1993     25     0.07031
1993     26     0.06282
1993     27     0.05368
1993     28     0.04373
1993     29     0.03481
1993     30     0.02846
1993     31     0.02298
1993     32     0.01808
1993     33     0.01516
1993     34     0.01268
1993     35     0.00984
1993     36     0.00747
1993     37     0.00569
1993     38     0.00435
1993     39     0.00324
1993     40     0.00242
1993     41     0.00170
1993     42     0.00101
1993     43     0.00060
1993     44     0.00035
1993     45     0.00015
1993     46     0.00007
1993     47     0.00003
1993     48     0.00001
1993     49     0.00000
1993     50     0.00000
1993     51     0.00000
1993     52     0.00000
1993     53     0.00000
1993     54     0.00000
1993     55+    0.00000
1994     12-    0.00000
1994     13     0.00008
1994     14     0.00054
1994     15     0.00152
1994     16     0.00423
1994     17     0.00835
1994     18     0.01559
1994     19     0.02680
1994     20     0.03944
1994     21     0.05318
1994     22     0.06227
1994     23     0.06660
1994     24     0.07050
1994     25     0.07094
1994     26     0.06593
1994     27     0.05888
1994     28     0.04911
1994     29     0.03944
1994     30     0.03161
1994     31     0.02496
1994     32     0.01976
1994     33     0.01606
1994     34     0.01321
1994     35     0.01038
1994     36     0.00853
1994     37     0.00678
1994     38     0.00474
1994     39     0.00375
1994     40     0.00282
1994     41     0.00186
1994     42     0.00112
1994     43     0.00068
1994     44     0.00037
1994     45     0.00017
1994     46     0.00012
1994     47     0.00007
1994     48     0.00001
1994     49     0.00000
1994     50     0.00000
1994     51     0.00000
1994     52     0.00000
1994     53     0.00000
1994     54     0.00000
1994     55+    0.00000
1995     12-    0.00000
1995     13     0.00008
1995     14     0.00053
1995     15     0.00153
1995     16     0.00411
1995     17     0.00817
1995     18     0.01471
1995     19     0.02507
1995     20     0.03780
1995     21     0.05073
1995     22     0.06163
1995     23     0.06987
1995     24     0.07443
1995     25     0.07620
1995     26     0.07427
1995     27     0.06801
1995     28     0.05965
1995     29     0.04879
1995     30     0.03840
1995     31     0.03071
1995     32     0.02451
1995     33     0.01842
1995     34     0.01463
1995     35     0.01262
1995     36     0.00996
1995     37     0.00722
1995     38     0.00547
1995     39     0.00373
1995     40     0.00244
1995     41     0.00186
1995     42     0.00130
1995     43     0.00074
1995     44     0.00042
1995     45     0.00023
1995     46     0.00008
1995     47     0.00002
1995     48     0.00003
1995     49     0.00001
1995     50     0.00000
1995     51     0.00000
1995     52     0.00000
1995     53     0.00000
1995     54     0.00000
1995     55+    0.00000
1996     12-    0.00000
1996     13     0.00010
1996     14     0.00069
1996     15     0.00196
1996     16     0.00455
1996     17     0.00862
1996     18     0.01533
1996     19     0.02412
1996     20     0.03596
1996     21     0.05068
1996     22     0.06514
1996     23     0.07594
1996     24     0.08263
1996     25     0.08609
1996     26     0.08524
1996     27     0.07983
1996     28     0.07335
1996     29     0.06219
1996     30     0.04934
1996     31     0.03933
1996     32     0.02994
1996     33     0.02288
1996     34     0.01859
1996     35     0.01483
1996     36     0.01138
1996     37     0.00855
1996     38     0.00641
1996     39     0.00505
1996     40     0.00344
1996     41     0.00214
1996     42     0.00124
1996     43     0.00076
1996     44     0.00050
1996     45     0.00015
1996     46     0.00009
1996     47     0.00004
1996     48     0.00001
1996     49     0.00001
1996     50     0.00000
1996     51     0.00000
1996     52     0.00000
1996     53     0.00000
1996     54     0.00000
1996     55+    0.00000
1997     12-    0.00000
1997     13     0.00007
1997     14     0.00052
1997     15     0.00165
1997     16     0.00465
1997     17     0.00906
1997     18     0.01583
1997     19     0.02526
1997     20     0.03609
1997     21     0.04953
1997     22     0.06274
1997     23     0.07660
1997     24     0.08800
1997     25     0.09352
1997     26     0.09296
1997     27     0.09037
1997     28     0.08349
1997     29     0.07144
1997     30     0.05964
1997     31     0.04802
1997     32     0.03692
1997     33     0.02855
1997     34     0.02239
1997     35     0.01759
1997     36     0.01345
1997     37     0.01030
1997     38     0.00778
1997     39     0.00541
1997     40     0.00365
1997     41     0.00232
1997     42     0.00153
1997     43     0.00079
1997     44     0.00039
1997     45     0.00021
1997     46     0.00008
1997     47     0.00001
1997     48     0.00000
1997     49     0.00000
1997     50     0.00000
1997     51     0.00000
1997     52     0.00000
1997     53     0.00000
1997     54     0.00000
1997     55+    0.00000
1998     12-    0.00000
1998     13     0.00007
1998     14     0.00056
1998     15     0.00175
1998     16     0.00461
1998     17     0.00974
1998     18     0.01687
1998     19     0.02664
1998     20     0.03789
1998     21     0.04882
1998     22     0.06036
1998     23     0.07414
1998     24     0.08740
1998     25     0.09531
1998     26     0.09727
1998     27     0.09349
1998     28     0.08705
1998     29     0.07891
1998     30     0.06776
1998     31     0.05418
1998     32     0.04256
1998     33     0.03335
1998     34     0.02568
1998     35     0.01950
1998     36     0.01508
1998     37     0.01147
1998     38     0.00810
1998     39     0.00580
1998     40     0.00412
1998     41     0.00268
1998     42     0.00159
1998     43     0.00083
1998     44     0.00043
1998     45     0.00026
1998     46     0.00011
1998     47     0.00004
1998     48     0.00003
1998     49     0.00001
1998     50     0.00000
1998     51     0.00000
1998     52     0.00000
1998     53     0.00000
1998     54     0.00000
1998     55+    0.00000
1999     12-    0.00000
1999     13     0.00007
1999     14     0.00057
1999     15     0.00190
1999     16     0.00499
1999     17     0.01001
1999     18     0.01811
1999     19     0.02819
1999     20     0.03903
1999     21     0.04984
1999     22     0.05929
1999     23     0.07043
1999     24     0.08451
1999     25     0.09880
1999     26     0.10337
1999     27     0.09833
1999     28     0.09305
1999     29     0.08454
1999     30     0.07303
1999     31     0.06130
1999     32     0.04904
1999     33     0.03828
1999     34     0.02998
1999     35     0.02280
1999     36     0.01722
1999     37     0.01293
1999     38     0.00943
1999     39     0.00680
1999     40     0.00482
1999     41     0.00316
1999     42     0.00194
1999     43     0.00101
1999     44     0.00045
1999     45     0.00019
1999     46     0.00010
1999     47     0.00006
1999     48     0.00003
1999     49     0.00000
1999     50     0.00000
1999     51     0.00000
1999     52     0.00000
1999     53     0.00000
1999     54     0.00000
1999     55+    0.00000
2000     12-    0.00000
2000     13     0.00007
2000     14     0.00073
2000     15     0.00223
2000     16     0.00513
2000     17     0.01066
2000     18     0.01934
2000     19     0.02936
2000     20     0.03985
2000     21     0.05050
2000     22     0.05987
2000     23     0.07114
2000     24     0.08474
2000     25     0.09712
2000     26     0.10459
2000     27     0.10488
2000     28     0.10075
2000     29     0.09317
2000     30     0.08156
2000     31     0.06932
2000     32     0.05610
2000     33     0.04405
2000     34     0.03563
2000     35     0.02708
2000     36     0.02007
2000     37     0.01471
2000     38     0.01050
2000     39     0.00777
2000     40     0.00527
2000     41     0.00350
2000     42     0.00217
2000     43     0.00117
2000     44     0.00059
2000     45     0.00027
2000     46     0.00011
2000     47     0.00004
2000     48     0.00002
2000     49     0.00002
2000     50     0.00000
2000     51     0.00000
2000     52     0.00000
2000     53     0.00000
2000     54     0.00000
2000     55+    0.00000
2001     12-    0.00000
2001     13     0.00010
2001     14     0.00078
2001     15     0.00241
2001     16     0.00578
2001     17     0.01138
2001     18     0.02033
2001     19     0.02974
2001     20     0.03950
2001     21     0.04920
2001     22     0.05725
2001     23     0.06796
2001     24     0.07976
2001     25     0.09127
2001     26     0.09933
2001     27     0.10195
2001     28     0.10025
2001     29     0.09320
2001     30     0.08230
2001     31     0.07012
2001     32     0.05864
2001     33     0.04782
2001     34     0.03735
2001     35     0.02822
2001     36     0.02107
2001     37     0.01552
2001     38     0.01131
2001     39     0.00829
2001     40     0.00559
2001     41     0.00342
2001     42     0.00213
2001     43     0.00121
2001     44     0.00067
2001     45     0.00028
2001     46     0.00015
2001     47     0.00006
2001     48     0.00001
2001     49     0.00000
2001     50     0.00000
2001     51     0.00000
2001     52     0.00000
2001     53     0.00000
2001     54     0.00000
2001     55+    0.00000
2002     12-    0.00000
2002     13     0.00013
2002     14     0.00091
2002     15     0.00249
2002     16     0.00644
2002     17     0.01176
2002     18     0.01941
2002     19     0.02902
2002     20     0.03779
2002     21     0.04688
2002     22     0.05558
2002     23     0.06580
2002     24     0.07534
2002     25     0.08570
2002     26     0.09565
2002     27     0.10145
2002     28     0.10099
2002     29     0.09534
2002     30     0.08785
2002     31     0.07561
2002     32     0.06147
2002     33     0.05044
2002     34     0.04087
2002     35     0.03084
2002     36     0.02328
2002     37     0.01736
2002     38     0.01198
2002     39     0.00844
2002     40     0.00565
2002     41     0.00351
2002     42     0.00202
2002     43     0.00128
2002     44     0.00068
2002     45     0.00025
2002     46     0.00010
2002     47     0.00004
2002     48     0.00002
2002     49     0.00000
2002     50     0.00000
2002     51     0.00000
2002     52     0.00000
2002     53     0.00000
2002     54     0.00000
2002     55+    0.00000
2003     12-    0.00000
2003     13     0.00011
2003     14     0.00080
2003     15     0.00233
2003     16     0.00592
2003     17     0.01155
2003     18     0.01918
2003     19     0.02795
2003     20     0.03763
2003     21     0.04720
2003     22     0.05556
2003     23     0.06426
2003     24     0.07440
2003     25     0.08533
2003     26     0.09418
2003     27     0.10064
2003     28     0.10354
2003     29     0.09900
2003     30     0.09003
2003     31     0.07806
2003     32     0.06619
2003     33     0.05458
2003     34     0.04411
2003     35     0.03502
2003     36     0.02588
2003     37     0.01859
2003     38     0.01334
2003     39     0.00915
2003     40     0.00652
2003     41     0.00422
2003     42     0.00222
2003     43     0.00127
2003     44     0.00073
2003     45     0.00035
2003     46     0.00014
2003     47     0.00007
2003     48     0.00002
2003     49     0.00000
2003     50     0.00001
2003     51     0.00000
2003     52     0.00000
2003     53     0.00000
2003     54     0.00000
2003     55+    0.00000
2004     12-    0.00000
2004     13     0.00013
2004     14     0.00085
2004     15     0.00239
2004     16     0.00582
2004     17     0.01119
2004     18     0.01853
2004     19     0.02729
2004     20     0.03753
2004     21     0.04651
2004     22     0.05410
2004     23     0.06443
2004     24     0.07684
2004     25     0.08705
2004     26     0.09468
2004     27     0.10112
2004     28     0.10583
2004     29     0.10257
2004     30     0.09376
2004     31     0.08502
2004     32     0.07291
2004     33     0.06010
2004     34     0.04864
2004     35     0.03856
2004     36     0.02921
2004     37     0.02101
2004     38     0.01525
2004     39     0.01057
2004     40     0.00657
2004     41     0.00441
2004     42     0.00282
2004     43     0.00145
2004     44     0.00080
2004     45     0.00038
2004     46     0.00016
2004     47     0.00004
2004     48     0.00000
2004     49     0.00000
2004     50     0.00000
2004     51     0.00000
2004     52     0.00000
2004     53     0.00000
2004     54     0.00000
2004     55+    0.00000
2005     12-    0.00000
2005     13     0.00013
2005     14     0.00091
2005     15     0.00224
2005     16     0.00573
2005     17     0.01069
2005     18     0.01762
2005     19     0.02830
2005     20     0.03825
2005     21     0.04603
2005     22     0.05310
2005     23     0.06129
2005     24     0.07183
2005     25     0.08339
2005     26     0.09131
2005     27     0.09599
2005     28     0.09922
2005     29     0.09939
2005     30     0.09487
2005     31     0.08661
2005     32     0.07514
2005     33     0.06253
2005     34     0.05137
2005     35     0.04036
2005     36     0.02988
2005     37     0.02235
2005     38     0.01644
2005     39     0.01152
2005     40     0.00748
2005     41     0.00445
2005     42     0.00266
2005     43     0.00155
2005     44     0.00072
2005     45     0.00033
2005     46     0.00015
2005     47     0.00006
2005     48     0.00004
2005     49     0.00001
2005     50     0.00000
2005     51     0.00000
2005     52     0.00000
2005     53     0.00000
2005     54     0.00000
2005     55+    0.00000
2006     12-    0.00000
2006     13     0.00012
2006     14     0.00111
2006     15     0.00305
2006     16     0.00603
2006     17     0.01066
2006     18     0.01773
2006     19     0.02817
2006     20     0.03716
2006     21     0.04425
2006     22     0.05220
2006     23     0.06060
2006     24     0.06981
2006     25     0.08095
2006     26     0.09025
2006     27     0.09469
2006     28     0.09800
2006     29     0.09847
2006     30     0.09571
2006     31     0.08881
2006     32     0.07709
2006     33     0.06396
2006     34     0.05276
2006     35     0.04305
2006     36     0.03326
2006     37     0.02505
2006     38     0.01813
2006     39     0.01259
2006     40     0.00862
2006     41     0.00533
2006     42     0.00291
2006     43     0.00168
2006     44     0.00097
2006     45     0.00045
2006     46     0.00019
2006     47     0.00007
2006     48     0.00002
2006     49     0.00002
2006     50     0.00002
2006     51     0.00001
2006     52     0.00001
2006     53     0.00001
2006     54     0.00000
2006     55+    0.00000
2007     12-    0.00000
2007     13     0.00021
2007     14     0.00147
2007     15     0.00338
2007     16     0.00643
2007     17     0.01054
2007     18     0.01799
2007     19     0.02753
2007     20     0.03618
2007     21     0.04403
2007     22     0.05167
2007     23     0.05962
2007     24     0.07030
2007     25     0.08155
2007     26     0.09054
2007     27     0.09737
2007     28     0.10213
2007     29     0.10297
2007     30     0.10052
2007     31     0.09339
2007     32     0.08377
2007     33     0.07375
2007     34     0.06120
2007     35     0.04976
2007     36     0.03881
2007     37     0.02848
2007     38     0.02082
2007     39     0.01458
2007     40     0.00955
2007     41     0.00589
2007     42     0.00330
2007     43     0.00175
2007     44     0.00089
2007     45     0.00045
2007     46     0.00018
2007     47     0.00007
2007     48     0.00004
2007     49     0.00001
2007     50     0.00000
2007     51     0.00001
2007     52     0.00001
2007     53     0.00001
2007     54     0.00000
2007     55+    0.00000
2008     12-    0.00000
2008     13     0.00014
2008     14     0.00128
2008     15     0.00365
2008     16     0.00815
2008     17     0.01306
2008     18     0.01772
2008     19     0.02691
2008     20     0.03554
2008     21     0.04233
2008     22     0.05023
2008     23     0.05824
2008     24     0.06923
2008     25     0.08073
2008     26     0.09009
2008     27     0.09816
2008     28     0.10310
2008     29     0.10459
2008     30     0.10328
2008     31     0.09838
2008     32     0.08887
2008     33     0.07807
2008     34     0.06714
2008     35     0.05519
2008     36     0.04250
2008     37     0.03177
2008     38     0.02390
2008     39     0.01693
2008     40     0.01128
2008     41     0.00680
2008     42     0.00363
2008     43     0.00196
2008     44     0.00108
2008     45     0.00055
2008     46     0.00020
2008     47     0.00005
2008     48     0.00002
2008     49     0.00004
2008     50     0.00002
2008     51     0.00000
2008     52     0.00000
2008     53     0.00000
2008     54     0.00000
2008     55+    0.00000
2009     12-    0.00000
2009     13     0.00010
2009     14     0.00100
2009     15     0.00334
2009     16     0.00768
2009     17     0.01434
2009     18     0.02090
2009     19     0.02527
2009     20     0.03254
2009     21     0.04036
2009     22     0.04832
2009     23     0.05712
2009     24     0.06716
2009     25     0.07851
2009     26     0.08911
2009     27     0.09640
2009     28     0.10021
2009     29     0.10255
2009     30     0.10108
2009     31     0.09670
2009     32     0.08938
2009     33     0.08017
2009     34     0.06866
2009     35     0.05791
2009     36     0.04535
2009     37     0.03354
2009     38     0.02545
2009     39     0.01787
2009     40     0.01219
2009     41     0.00780
2009     42     0.00445
2009     43     0.00244
2009     44     0.00124
2009     45     0.00057
2009     46     0.00022
2009     47     0.00007
2009     48     0.00004
2009     49     0.00004
2009     50     0.00002
2009     51     0.00001
2009     52     0.00001
2009     53     0.00000
2009     54     0.00000
2009     55+    0.00000
2010     12-    0.00000
2010     13     0.00011
2010     14     0.00086
2010     15     0.00315
2010     16     0.00839
2010     17     0.01555
2010     18     0.02441
2010     19     0.02862
2010     20     0.03299
2010     21     0.04026
2010     22     0.04687
2010     23     0.05606
2010     24     0.06882
2010     25     0.08216
2010     26     0.09193
2010     27     0.09926
2010     28     0.10364
2010     29     0.10515
2010     30     0.10430
2010     31     0.09987
2010     32     0.09163
2010     33     0.08306
2010     34     0.07315
2010     35     0.06137
2010     36     0.05009
2010     37     0.03695
2010     38     0.02628
2010     39     0.01985
2010     40     0.01383
2010     41     0.00834
2010     42     0.00477
2010     43     0.00258
2010     44     0.00130
2010     45     0.00058
2010     46     0.00025
2010     47     0.00009
2010     48     0.00006
2010     49     0.00006
2010     50     0.00002
2010     51     0.00001
2010     52     0.00001
2010     53     0.00000
2010     54     0.00000
2010     55+    0.00000
2011     12-    0.00000
2011     13     0.00008
2011     14     0.00083
2011     15     0.00311
2011     16     0.00756
2011     17     0.01401
2011     18     0.02371
2011     19     0.03251
2011     20     0.03555
2011     21     0.03801
2011     22     0.04467
2011     23     0.05317
2011     24     0.06520
2011     25     0.07844
2011     26     0.08743
2011     27     0.09613
2011     28     0.10137
2011     29     0.10324
2011     30     0.10211
2011     31     0.09726
2011     32     0.08999
2011     33     0.08117
2011     34     0.07197
2011     35     0.06149
2011     36     0.05060
2011     37     0.03877
2011     38     0.02925
2011     39     0.02117
2011     40     0.01380
2011     41     0.00858
2011     42     0.00509
2011     43     0.00273
2011     44     0.00147
2011     45     0.00066
2011     46     0.00026
2011     47     0.00012
2011     48     0.00006
2011     49     0.00003
2011     50     0.00001
2011     51     0.00001
2011     52     0.00000
2011     53     0.00000
2011     54     0.00000
2011     55+    0.00000
2012     12-    0.00000
2012     13     0.00010
2012     14     0.00081
2012     15     0.00270
2012     16     0.00678
2012     17     0.01294
2012     18     0.02175
2012     19     0.03266
2012     20     0.04025
2012     21     0.04017
2012     22     0.04333
2012     23     0.05267
2012     24     0.06444
2012     25     0.07849
2012     26     0.09088
2012     27     0.09761
2012     28     0.10156
2012     29     0.10415
2012     30     0.10379
2012     31     0.09924
2012     32     0.09140
2012     33     0.08223
2012     34     0.07204
2012     35     0.06322
2012     36     0.05377
2012     37     0.04119
2012     38     0.03072
2012     39     0.02262
2012     40     0.01506
2012     41     0.00946
2012     42     0.00571
2012     43     0.00334
2012     44     0.00166
2012     45     0.00067
2012     46     0.00029
2012     47     0.00018
2012     48     0.00009
2012     49     0.00002
2012     50     0.00002
2012     51     0.00003
2012     52     0.00002
2012     53     0.00001
2012     54     0.00000
2012     55+    0.00000
2013     12-    0.00000
2013     13     0.00008
2013     14     0.00082
2013     15     0.00242
2013     16     0.00556
2013     17     0.01246
2013     18     0.02213
2013     19     0.03021
2013     20     0.03768
2013     21     0.04290
2013     22     0.04536
2013     23     0.05154
2013     24     0.06429
2013     25     0.07768
2013     26     0.08901
2013     27     0.09754
2013     28     0.10324
2013     29     0.10527
2013     30     0.10429
2013     31     0.09985
2013     32     0.09156
2013     33     0.08149
2013     34     0.07268
2013     35     0.06495
2013     36     0.05384
2013     37     0.04276
2013     38     0.03183
2013     39     0.02358
2013     40     0.01675
2013     41     0.00983
2013     42     0.00566
2013     43     0.00336
2013     44     0.00185
2013     45     0.00081
2013     46     0.00035
2013     47     0.00018
2013     48     0.00010
2013     49     0.00005
2013     50     0.00002
2013     51     0.00001
2013     52     0.00001
2013     53     0.00000
2013     54     0.00000
2013     55+    0.00000
2014     12-    0.00000
2014     13     0.00011
2014     14     0.00089
2014     15     0.00264
2014     16     0.00653
2014     17     0.01209
2014     18     0.02013
2014     19     0.02929
2014     20     0.03555
2014     21     0.04259
2014     22     0.04893
2014     23     0.05455
2014     24     0.06402
2014     25     0.07824
2014     26     0.09089
2014     27     0.09977
2014     28     0.10625
2014     29     0.10899
2014     30     0.10771
2014     31     0.10464
2014     32     0.09714
2014     33     0.08619
2014     34     0.07644
2014     35     0.06667
2014     36     0.05581
2014     37     0.04493
2014     38     0.03587
2014     39     0.02681
2014     40     0.01760
2014     41     0.01108
2014     42     0.00662
2014     43     0.00343
2014     44     0.00170
2014     45     0.00079
2014     46     0.00038
2014     47     0.00016
2014     48     0.00007
2014     49     0.00005
2014     50     0.00003
2014     51     0.00001
2014     52     0.00001
2014     53     0.00000
2014     54     0.00000
2014     55+    0.00000
2015     12-    0.00000
2015     13     0.00006
2015     14     0.00067
2015     15     0.00245
2015     16     0.00619
2015     17     0.01182
2015     18     0.01962
2015     19     0.02855
2015     20     0.03539
2015     21     0.04083
2015     22     0.04874
2015     23     0.05686
2015     24     0.06549
2015     25     0.07854
2015     26     0.09149
2015     27     0.10020
2015     28     0.10824
2015     29     0.11117
2015     30     0.10856
2015     31     0.10456
2015     32     0.09749
2015     33     0.08785
2015     34     0.07899
2015     35     0.06879
2015     36     0.05618
2015     37     0.04498
2015     38     0.03600
2015     39     0.02757
2015     40     0.01902
2015     41     0.01215
2015     42     0.00668
2015     43     0.00345
2015     44     0.00197
2015     45     0.00103
2015     46     0.00044
2015     47     0.00018
2015     48     0.00012
2015     49     0.00006
2015     50     0.00003
2015     51     0.00002
2015     52     0.00001
2015     53     0.00001
2015     54     0.00000
2015     55+    0.00000
2016     12-    0.00000
2016     13     0.00013
2016     14     0.00102
2016     15     0.00275
2016     16     0.00650
2016     17     0.01255
2016     18     0.02060
2016     19     0.03068
2016     20     0.03915
2016     21     0.04550
2016     22     0.05174
2016     23     0.06101
2016     24     0.07292
2016     25     0.08269
2016     26     0.09314
2016     27     0.10538
2016     28     0.11255
2016     29     0.11465
2016     30     0.11324
2016     31     0.10758
2016     32     0.10018
2016     33     0.09198
2016     34     0.08257
2016     35     0.07175
2016     36     0.06000
2016     37     0.04837
2016     38     0.03752
2016     39     0.02906
2016     40     0.02113
2016     41     0.01334
2016     42     0.00809
2016     43     0.00439
2016     44     0.00206
2016     45     0.00108
2016     46     0.00052
2016     47     0.00021
2016     48     0.00006
2016     49     0.00007
2016     50     0.00007
2016     51     0.00002
2016     52     0.00001
2016     53     0.00001
2016     54     0.00000
2016     55+    0.00000
2017     12-    0.00000
2017     13     0.00008
2017     14     0.00078
2017     15     0.00257
2017     16     0.00551
2017     17     0.01010
2017     18     0.01844
2017     19     0.02658
2017     20     0.03304
2017     21     0.04069
2017     22     0.04796
2017     23     0.05713
2017     24     0.06903
2017     25     0.08172
2017     26     0.09453
2017     27     0.10387
2017     28     0.11201
2017     29     0.11487
2017     30     0.11450
2017     31     0.10932
2017     32     0.10090
2017     33     0.09150
2017     34     0.08055
2017     35     0.07071
2017     36     0.05938
2017     37     0.04858
2017     38     0.03910
2017     39     0.02980
2017     40     0.02098
2017     41     0.01407
2017     42     0.00833
2017     43     0.00449
2017     44     0.00260
2017     45     0.00124
2017     46     0.00062
2017     47     0.00022
2017     48     0.00010
2017     49     0.00012
2017     50     0.00005
2017     51     0.00001
2017     52     0.00001
2017     53     0.00000
2017     54     0.00000
2017     55+    0.00000
