West Germany, Period fertility rates by calendar year, age, birth cohort and birth order (Lexis triangles)
Last modified: 04/02/2019
Year   Age   Cohort      ASFR       ASFR1       ASFR2       ASFR3       ASFR4      ASFR5p
2009   12-       .    0.00000     0.00000     0.00000     0.00000     0.00000     0.00000
2009   13     1996    0.00000     0.00000     0.00000     0.00000     0.00000     0.00000
2009   13     1995    0.00006     0.00006     0.00000     0.00000     0.00000     0.00000
2009   14     1995    0.00015     0.00015     0.00000     0.00000     0.00000     0.00000
2009   14     1994    0.00038     0.00038     0.00000     0.00000     0.00000     0.00000
2009   15     1994    0.00057     0.00055     0.00002     0.00000     0.00000     0.00000
2009   15     1993    0.00153     0.00150     0.00003     0.00000     0.00000     0.00000
2009   16     1993    0.00226     0.00222     0.00004     0.00000     0.00000     0.00000
2009   16     1992    0.00406     0.00395     0.00011     0.00000     0.00000     0.00000
2009   17     1992    0.00516     0.00498     0.00018     0.00000     0.00000     0.00000
2009   17     1991    0.00739     0.00690     0.00045     0.00003     0.00001     0.00000
2009   18     1991    0.00891     0.00817     0.00068     0.00005     0.00001     0.00000
2009   18     1990    0.01383     0.01241     0.00132     0.00009     0.00000     0.00000
2009   19     1990    0.01646     0.01455     0.00177     0.00013     0.00001     0.00000
2009   19     1989    0.02128     0.01803     0.00292     0.00031     0.00002     0.00000
2009   20     1989    0.02372     0.01961     0.00364     0.00043     0.00003     0.00000
2009   20     1988    0.02801     0.02179     0.00543     0.00070     0.00007     0.00000
2009   21     1988    0.03016     0.02278     0.00636     0.00088     0.00010     0.00003
2009   21     1987    0.03436     0.02476     0.00808     0.00133     0.00016     0.00004
2009   22     1987    0.03648     0.02567     0.00898     0.00159     0.00020     0.00005
2009   22     1986    0.04080     0.02734     0.01084     0.00219     0.00037     0.00008
2009   23     1986    0.04319     0.02831     0.01181     0.00251     0.00047     0.00010
2009   23     1985    0.04865     0.03072     0.01392     0.00318     0.00065     0.00017
2009   24     1985    0.05150     0.03204     0.01498     0.00352     0.00076     0.00020
2009   24     1984    0.05762     0.03514     0.01706     0.00421     0.00098     0.00023
2009   25     1984    0.06069     0.03662     0.01815     0.00456     0.00109     0.00027
2009   25     1983    0.06676     0.03941     0.02040     0.00526     0.00128     0.00042
2009   26     1983    0.06978     0.04065     0.02159     0.00567     0.00138     0.00050
2009   26     1982    0.07556     0.04256     0.02413     0.00671     0.00155     0.00060
2009   27     1982    0.07843     0.04359     0.02535     0.00715     0.00167     0.00067
2009   27     1981    0.08401     0.04574     0.02769     0.00775     0.00198     0.00086
2009   28     1981    0.08657     0.04662     0.02877     0.00811     0.00212     0.00094
2009   28     1980    0.09094     0.04791     0.03061     0.00898     0.00237     0.00107
2009   29     1980    0.09298     0.04846     0.03153     0.00937     0.00250     0.00112
2009   29     1979    0.09667     0.04934     0.03330     0.01004     0.00278     0.00121
2009   30     1979    0.09790     0.04931     0.03406     0.01038     0.00289     0.00126
2009   30     1978    0.09903     0.04840     0.03523     0.01105     0.00297     0.00139
2009   31     1978    0.09891     0.04744     0.03569     0.01129     0.00304     0.00145
2009   31     1977    0.09701     0.04445     0.03625     0.01146     0.00324     0.00161
2009   32     1977    0.09577     0.04292     0.03628     0.01162     0.00332     0.00164
2009   32     1976    0.09249     0.03971     0.03575     0.01209     0.00339     0.00155
2009   33     1976    0.09051     0.03788     0.03537     0.01220     0.00349     0.00159
2009   33     1975    0.08598     0.03384     0.03437     0.01209     0.00385     0.00183
2009   34     1975    0.08303     0.03193     0.03334     0.01205     0.00382     0.00189
2009   34     1974    0.07593     0.02828     0.03046     0.01197     0.00336     0.00186
2009   35     1974    0.07246     0.02650     0.02900     0.01182     0.00329     0.00186
2009   35     1973    0.06559     0.02308     0.02594     0.01134     0.00337     0.00187
2009   36     1973    0.06176     0.02139     0.02434     0.01089     0.00328     0.00185
2009   36     1972    0.05375     0.01819     0.02117     0.00969     0.00295     0.00176
2009   37     1972    0.04978     0.01665     0.01956     0.00905     0.00280     0.00171
2009   37     1971    0.04194     0.01373     0.01640     0.00766     0.00253     0.00162
2009   38     1971    0.03843     0.01241     0.01493     0.00714     0.00239     0.00155
2009   38     1970    0.03200     0.00996     0.01220     0.00637     0.00211     0.00136
2009   39     1970    0.02897     0.00898     0.01093     0.00579     0.00198     0.00129
2009   39     1969    0.02339     0.00735     0.00861     0.00449     0.00175     0.00119
2009   40     1969    0.02070     0.00650     0.00751     0.00397     0.00159     0.00113
2009   40     1968    0.01585     0.00496     0.00553     0.00310     0.00123     0.00103
2009   41     1968    0.01353     0.00418     0.00468     0.00267     0.00108     0.00092
2009   41     1967    0.00942     0.00278     0.00327     0.00190     0.00083     0.00064
2009   42     1967    0.00788     0.00232     0.00269     0.00158     0.00071     0.00058
2009   42     1966    0.00546     0.00162     0.00178     0.00104     0.00052     0.00050
2009   43     1966    0.00450     0.00133     0.00140     0.00087     0.00045     0.00046
2009   43     1965    0.00303     0.00085     0.00081     0.00061     0.00035     0.00041
2009   44     1965    0.00241     0.00068     0.00063     0.00049     0.00027     0.00034
2009   44     1964    0.00148     0.00045     0.00038     0.00030     0.00013     0.00021
2009   45     1964    0.00114     0.00035     0.00029     0.00023     0.00010     0.00016
2009   45     1963    0.00067     0.00020     0.00016     0.00013     0.00007     0.00010
2009   46     1963    0.00051     0.00016     0.00012     0.00010     0.00005     0.00008
2009   46     1962    0.00030     0.00010     0.00007     0.00005     0.00003     0.00005
2009   47     1962    0.00024     0.00009     0.00006     0.00004     0.00002     0.00003
2009   47     1961    0.00018     0.00007     0.00005     0.00003     0.00002     0.00001
2009   48     1961    0.00015     0.00006     0.00004     0.00003     0.00002     0.00001
2009   48     1960    0.00009     0.00003     0.00002     0.00002     0.00001     0.00001
2009   49     1960    0.00008     0.00003     0.00002     0.00001     0.00001     0.00001
2009   49     1959    0.00006     0.00002     0.00001     0.00001     0.00001     0.00001
2009   50     1959    0.00005     0.00002     0.00001     0.00001     0.00000     0.00001
2009   50     1958    0.00004     0.00002     0.00001     0.00000     0.00000     0.00001
2009   51     1958    0.00003     0.00002     0.00001     0.00000     0.00000     0.00001
2009   51     1957    0.00002     0.00001     0.00001     0.00000     0.00000     0.00000
2009   52     1957    0.00002     0.00001     0.00000     0.00000     0.00000     0.00000
2009   52     1956    0.00001     0.00001     0.00000     0.00000     0.00000     0.00000
2009   53     1956    0.00001     0.00001     0.00000     0.00000     0.00000     0.00000
2009   53     1955    0.00001     0.00000     0.00000     0.00000     0.00000     0.00000
2009   54     1955    0.00000     0.00000     0.00000     0.00000     0.00000     0.00000
2009   54     1954    0.00000     0.00000     0.00000     0.00000     0.00000     0.00000
2009   55+       .    0.00000     0.00000     0.00000     0.00000     0.00000     0.00000
2010   12-       .    0.00000     0.00000     0.00000     0.00000     0.00000     0.00000
2010   13     1997    0.00000     0.00000     0.00000     0.00000     0.00000     0.00000
2010   13     1996    0.00006     0.00006     0.00000     0.00000     0.00000     0.00000
2010   14     1996    0.00015     0.00015     0.00000     0.00000     0.00000     0.00000
2010   14     1995    0.00040     0.00040     0.00000     0.00000     0.00000     0.00000
2010   15     1995    0.00059     0.00059     0.00000     0.00000     0.00000     0.00000
2010   15     1994    0.00146     0.00145     0.00001     0.00000     0.00000     0.00000
2010   16     1994    0.00211     0.00204     0.00008     0.00000     0.00000     0.00000
2010   16     1993    0.00383     0.00371     0.00012     0.00000     0.00000     0.00000
2010   17     1993    0.00492     0.00476     0.00015     0.00001     0.00000     0.00000
2010   17     1992    0.00733     0.00686     0.00044     0.00002     0.00000     0.00000
2010   18     1992    0.00890     0.00819     0.00067     0.00003     0.00000     0.00000
2010   18     1991    0.01357     0.01209     0.00139     0.00008     0.00001     0.00000
2010   19     1991    0.01601     0.01401     0.00186     0.00012     0.00001     0.00001
2010   19     1990    0.02030     0.01723     0.00274     0.00028     0.00004     0.00001
2010   20     1990    0.02250     0.01871     0.00332     0.00041     0.00006     0.00001
2010   20     1989    0.02666     0.02086     0.00501     0.00067     0.00010     0.00001
2010   21     1989    0.02882     0.02188     0.00595     0.00084     0.00013     0.00002
2010   21     1988    0.03340     0.02394     0.00791     0.00132     0.00021     0.00002
2010   22     1988    0.03563     0.02486     0.00889     0.00160     0.00026     0.00003
2010   22     1987    0.03987     0.02659     0.01065     0.00218     0.00041     0.00005
2010   23     1987    0.04222     0.02761     0.01156     0.00250     0.00048     0.00006
2010   23     1986    0.04745     0.03014     0.01343     0.00318     0.00057     0.00013
2010   24     1986    0.05036     0.03153     0.01444     0.00356     0.00065     0.00017
2010   24     1985    0.05716     0.03471     0.01671     0.00448     0.00101     0.00024
2010   25     1985    0.06042     0.03625     0.01785     0.00487     0.00116     0.00029
2010   25     1984    0.06648     0.03930     0.02020     0.00535     0.00125     0.00039
2010   26     1984    0.06958     0.04071     0.02143     0.00565     0.00133     0.00045
2010   26     1983    0.07559     0.04300     0.02400     0.00640     0.00156     0.00063
2010   27     1983    0.07867     0.04420     0.02528     0.00680     0.00167     0.00071
2010   27     1982    0.08488     0.04658     0.02781     0.00776     0.00196     0.00078
2010   28     1982    0.08776     0.04763     0.02901     0.00820     0.00209     0.00083
2010   28     1981    0.09291     0.04937     0.03116     0.00901     0.00237     0.00100
2010   29     1981    0.09517     0.04999     0.03217     0.00943     0.00249     0.00109
2010   29     1980    0.09872     0.05061     0.03389     0.01026     0.00266     0.00130
2010   30     1980    0.10019     0.05066     0.03471     0.01066     0.00277     0.00140
2010   30     1979    0.10247     0.05030     0.03613     0.01145     0.00305     0.00154
2010   31     1979    0.10256     0.04935     0.03676     0.01172     0.00314     0.00159
2010   31     1978    0.10038     0.04593     0.03780     0.01184     0.00322     0.00160
2010   32     1978    0.09922     0.04433     0.03794     0.01203     0.00327     0.00166
2010   32     1977    0.09653     0.04117     0.03737     0.01265     0.00340     0.00194
2010   33     1977    0.09438     0.03929     0.03689     0.01278     0.00344     0.00198
2010   33     1976    0.08854     0.03510     0.03549     0.01269     0.00345     0.00181
2010   34     1976    0.08578     0.03322     0.03455     0.01270     0.00350     0.00181
2010   34     1975    0.08046     0.02977     0.03227     0.01275     0.00373     0.00193
2010   35     1975    0.07705     0.02791     0.03083     0.01260     0.00374     0.00197
2010   35     1974    0.06924     0.02411     0.02748     0.01205     0.00356     0.00204
2010   36     1974    0.06524     0.02228     0.02585     0.01160     0.00348     0.00203
2010   36     1973    0.05717     0.01876     0.02272     0.01043     0.00334     0.00192
2010   37     1973    0.05303     0.01718     0.02099     0.00981     0.00319     0.00186
2010   37     1972    0.04475     0.01432     0.01741     0.00851     0.00275     0.00175
2010   38     1972    0.04105     0.01301     0.01591     0.00790     0.00258     0.00165
2010   38     1971    0.03426     0.01058     0.01330     0.00671     0.00227     0.00140
2010   39     1971    0.03110     0.00954     0.01192     0.00617     0.00215     0.00132
2010   39     1970    0.02532     0.00768     0.00924     0.00523     0.00195     0.00121
2010   40     1970    0.02236     0.00683     0.00803     0.00460     0.00177     0.00114
2010   40     1969    0.01685     0.00535     0.00591     0.00329     0.00136     0.00095
2010   41     1969    0.01440     0.00454     0.00500     0.00281     0.00117     0.00088
2010   41     1968    0.01021     0.00307     0.00350     0.00205     0.00083     0.00077
2010   42     1968    0.00851     0.00254     0.00287     0.00171     0.00072     0.00067
2010   42     1967    0.00579     0.00176     0.00189     0.00115     0.00055     0.00043
2010   43     1967    0.00471     0.00140     0.00152     0.00093     0.00047     0.00038
2010   43     1966    0.00301     0.00082     0.00094     0.00059     0.00032     0.00033
2010   44     1966    0.00246     0.00067     0.00076     0.00048     0.00026     0.00029
2010   44     1965    0.00170     0.00050     0.00051     0.00031     0.00016     0.00021
2010   45     1965    0.00133     0.00038     0.00040     0.00025     0.00013     0.00017
2010   45     1964    0.00076     0.00019     0.00023     0.00018     0.00008     0.00009
2010   46     1964    0.00059     0.00015     0.00017     0.00013     0.00006     0.00008
2010   46     1963    0.00036     0.00011     0.00009     0.00007     0.00003     0.00006
2010   47     1963    0.00028     0.00009     0.00007     0.00004     0.00003     0.00005
2010   47     1962    0.00014     0.00005     0.00005     0.00001     0.00002     0.00002
2010   48     1962    0.00012     0.00004     0.00004     0.00001     0.00001     0.00001
2010   48     1961    0.00009     0.00004     0.00002     0.00001     0.00000     0.00003
2010   49     1961    0.00008     0.00003     0.00002     0.00001     0.00000     0.00002
2010   49     1960    0.00006     0.00002     0.00002     0.00001     0.00000     0.00000
2010   50     1960    0.00006     0.00002     0.00002     0.00001     0.00000     0.00000
2010   50     1959    0.00005     0.00002     0.00002     0.00001     0.00000     0.00001
2010   51     1959    0.00004     0.00001     0.00001     0.00001     0.00000     0.00001
2010   51     1958    0.00003     0.00001     0.00001     0.00000     0.00000     0.00001
2010   52     1958    0.00003     0.00001     0.00001     0.00000     0.00000     0.00001
2010   52     1957    0.00002     0.00001     0.00001     0.00000     0.00000     0.00000
2010   53     1957    0.00001     0.00000     0.00000     0.00000     0.00000     0.00000
2010   53     1956    0.00001     0.00000     0.00000     0.00000     0.00000     0.00000
2010   54     1956    0.00001     0.00000     0.00000     0.00000     0.00000     0.00000
2010   54     1955    0.00000     0.00000     0.00000     0.00000     0.00000     0.00000
2010   55+       .    0.00000     0.00000     0.00000     0.00000     0.00000     0.00000
2011   12-       .    0.00000     0.00000     0.00000     0.00000     0.00000     0.00000
2011   13     1998    0.00000     0.00000     0.00000     0.00000     0.00000     0.00000
2011   13     1997    0.00005     0.00005     0.00000     0.00000     0.00000     0.00000
2011   14     1997    0.00013     0.00013     0.00000     0.00000     0.00000     0.00000
2011   14     1996    0.00044     0.00043     0.00000     0.00000     0.00000     0.00000
2011   15     1996    0.00068     0.00066     0.00002     0.00000     0.00000     0.00000
2011   15     1995    0.00140     0.00139     0.00002     0.00000     0.00000     0.00000
2011   16     1995    0.00191     0.00189     0.00002     0.00000     0.00000     0.00000
2011   16     1994    0.00348     0.00339     0.00009     0.00000     0.00000     0.00000
2011   17     1994    0.00447     0.00431     0.00015     0.00000     0.00000     0.00000
2011   17     1993    0.00666     0.00624     0.00041     0.00002     0.00000     0.00000
2011   18     1993    0.00815     0.00750     0.00062     0.00003     0.00000     0.00000
2011   18     1992    0.01273     0.01143     0.00121     0.00008     0.00000     0.00000
2011   19     1992    0.01507     0.01332     0.00160     0.00012     0.00002     0.00000
2011   19     1991    0.01864     0.01588     0.00243     0.00029     0.00003     0.00001
2011   20     1991    0.02064     0.01722     0.00298     0.00040     0.00004     0.00001
2011   20     1990    0.02517     0.01993     0.00462     0.00055     0.00006     0.00001
2011   21     1990    0.02724     0.02100     0.00548     0.00066     0.00008     0.00002
2011   21     1989    0.03067     0.02245     0.00699     0.00104     0.00016     0.00003
2011   22     1989    0.03257     0.02323     0.00782     0.00127     0.00021     0.00004
2011   22     1988    0.03680     0.02496     0.00962     0.00182     0.00034     0.00006
2011   23     1988    0.03913     0.02597     0.01054     0.00213     0.00042     0.00008
2011   23     1987    0.04455     0.02862     0.01239     0.00273     0.00063     0.00017
2011   24     1987    0.04742     0.03003     0.01339     0.00305     0.00073     0.00022
2011   24     1986    0.05363     0.03324     0.01560     0.00373     0.00084     0.00022
2011   25     1986    0.05686     0.03486     0.01671     0.00413     0.00092     0.00025
2011   25     1985    0.06360     0.03803     0.01886     0.00516     0.00115     0.00040
2011   26     1985    0.06680     0.03949     0.01999     0.00557     0.00127     0.00047
2011   26     1984    0.07240     0.04194     0.02231     0.00600     0.00157     0.00058
2011   27     1984    0.07549     0.04326     0.02359     0.00630     0.00170     0.00064
2011   27     1983    0.08223     0.04602     0.02648     0.00709     0.00185     0.00079
2011   28     1983    0.08532     0.04714     0.02788     0.00749     0.00194     0.00086
2011   28     1982    0.09077     0.04870     0.03056     0.00839     0.00213     0.00099
2011   29     1982    0.09315     0.04943     0.03166     0.00878     0.00223     0.00105
2011   29     1981    0.09679     0.05073     0.03314     0.00936     0.00244     0.00113
2011   30     1981    0.09840     0.05086     0.03400     0.00979     0.00257     0.00119
2011   30     1980    0.10106     0.05000     0.03575     0.01101     0.00294     0.00137
2011   31     1980    0.10151     0.04918     0.03641     0.01144     0.00305     0.00143
2011   31     1979    0.10064     0.04693     0.03725     0.01188     0.00307     0.00150
2011   32     1979    0.09940     0.04512     0.03755     0.01207     0.00311     0.00155
2011   32     1978    0.09501     0.04008     0.03779     0.01226     0.00321     0.00167
2011   33     1978    0.09297     0.03821     0.03746     0.01231     0.00327     0.00171
2011   33     1977    0.08888     0.03537     0.03597     0.01231     0.00343     0.00179
2011   34     1977    0.08633     0.03368     0.03505     0.01230     0.00347     0.00183
2011   34     1976    0.08044     0.03007     0.03284     0.01220     0.00346     0.00187
2011   35     1976    0.07718     0.02826     0.03147     0.01209     0.00345     0.00191
2011   35     1975    0.07018     0.02468     0.02827     0.01178     0.00345     0.00200
2011   36     1975    0.06630     0.02281     0.02662     0.01146     0.00340     0.00200
2011   36     1974    0.05812     0.01907     0.02331     0.01061     0.00323     0.00190
2011   37     1974    0.05388     0.01738     0.02153     0.00999     0.00314     0.00185
2011   37     1973    0.04526     0.01423     0.01791     0.00845     0.00294     0.00174
2011   38     1973    0.04156     0.01297     0.01630     0.00786     0.00277     0.00165
2011   38     1972    0.03495     0.01087     0.01335     0.00692     0.00236     0.00145
2011   39     1972    0.03176     0.00987     0.01206     0.00629     0.00217     0.00137
2011   39     1971    0.02583     0.00805     0.00982     0.00491     0.00180     0.00124
2011   40     1971    0.02292     0.00710     0.00862     0.00437     0.00166     0.00116
2011   40     1970    0.01759     0.00529     0.00636     0.00348     0.00143     0.00102
2011   41     1970    0.01500     0.00447     0.00535     0.00300     0.00128     0.00090
2011   41     1969    0.01039     0.00306     0.00365     0.00209     0.00096     0.00063
2011   42     1969    0.00867     0.00254     0.00301     0.00175     0.00082     0.00055
2011   42     1968    0.00601     0.00173     0.00204     0.00120     0.00058     0.00046
2011   43     1968    0.00490     0.00140     0.00165     0.00098     0.00047     0.00040
2011   43     1967    0.00316     0.00088     0.00104     0.00065     0.00029     0.00030
2011   44     1967    0.00254     0.00071     0.00080     0.00054     0.00024     0.00026
2011   44     1966    0.00164     0.00045     0.00044     0.00038     0.00018     0.00019
2011   45     1966    0.00128     0.00035     0.00033     0.00029     0.00015     0.00015
2011   45     1965    0.00075     0.00022     0.00018     0.00015     0.00009     0.00011
2011   46     1965    0.00057     0.00017     0.00014     0.00011     0.00007     0.00008
2011   46     1964    0.00032     0.00010     0.00009     0.00005     0.00004     0.00003
2011   47     1964    0.00025     0.00008     0.00007     0.00004     0.00003     0.00003
2011   47     1963    0.00017     0.00006     0.00004     0.00003     0.00002     0.00004
2011   48     1963    0.00015     0.00005     0.00003     0.00002     0.00001     0.00003
2011   48     1962    0.00011     0.00003     0.00004     0.00002     0.00001     0.00001
2011   49     1962    0.00009     0.00003     0.00003     0.00001     0.00001     0.00001
2011   49     1961    0.00007     0.00003     0.00001     0.00001     0.00001     0.00001
2011   50     1961    0.00006     0.00003     0.00001     0.00001     0.00001     0.00001
2011   50     1960    0.00006     0.00003     0.00001     0.00001     0.00001     0.00001
2011   51     1960    0.00005     0.00002     0.00001     0.00000     0.00000     0.00001
2011   51     1959    0.00004     0.00002     0.00001     0.00000     0.00000     0.00000
2011   52     1959    0.00003     0.00002     0.00001     0.00000     0.00000     0.00000
2011   52     1958    0.00002     0.00001     0.00001     0.00000     0.00000     0.00000
2011   53     1958    0.00002     0.00001     0.00000     0.00000     0.00000     0.00000
2011   53     1957    0.00001     0.00000     0.00000     0.00000     0.00000     0.00000
2011   54     1957    0.00001     0.00000     0.00000     0.00000     0.00000     0.00000
2011   54     1956    0.00000     0.00000     0.00000     0.00000     0.00000     0.00000
2011   55+       .    0.00000     0.00000     0.00000     0.00000     0.00000     0.00000
2012   12-       .    0.00000     0.00000     0.00000     0.00000     0.00000     0.00000
2012   13     1999    0.00000     0.00000     0.00000     0.00000     0.00000     0.00000
2012   13     1998    0.00005     0.00005     0.00000     0.00000     0.00000     0.00000
2012   14     1998    0.00014     0.00014     0.00000     0.00000     0.00000     0.00000
2012   14     1997    0.00041     0.00041     0.00000     0.00000     0.00000     0.00000
2012   15     1997    0.00063     0.00062     0.00000     0.00000     0.00000     0.00000
2012   15     1996    0.00138     0.00135     0.00002     0.00000     0.00000     0.00000
2012   16     1996    0.00192     0.00187     0.00004     0.00000     0.00000     0.00000
2012   16     1995    0.00361     0.00349     0.00011     0.00000     0.00000     0.00000
2012   17     1995    0.00465     0.00447     0.00018     0.00000     0.00000     0.00000
2012   17     1994    0.00666     0.00621     0.00043     0.00003     0.00000     0.00000
2012   18     1994    0.00801     0.00733     0.00062     0.00006     0.00000     0.00000
2012   18     1993    0.01214     0.01082     0.00123     0.00009     0.00000     0.00000
2012   19     1993    0.01439     0.01261     0.00164     0.00012     0.00001     0.00000
2012   19     1992    0.01885     0.01585     0.00266     0.00031     0.00003     0.00000
2012   20     1992    0.02103     0.01727     0.00328     0.00044     0.00003     0.00000
2012   20     1991    0.02458     0.01909     0.00478     0.00063     0.00008     0.00000
2012   21     1991    0.02640     0.01998     0.00555     0.00076     0.00010     0.00001
2012   21     1990    0.03006     0.02184     0.00688     0.00114     0.00018     0.00002
2012   22     1990    0.03199     0.02274     0.00764     0.00136     0.00023     0.00003
2012   22     1989    0.03615     0.02452     0.00941     0.00184     0.00032     0.00006
2012   23     1989    0.03844     0.02554     0.01032     0.00212     0.00037     0.00008
2012   23     1988    0.04368     0.02797     0.01225     0.00282     0.00054     0.00010
2012   24     1988    0.04645     0.02932     0.01323     0.00315     0.00064     0.00012
2012   24     1987    0.05228     0.03248     0.01513     0.00360     0.00085     0.00022
2012   25     1987    0.05558     0.03412     0.01627     0.00393     0.00097     0.00028
2012   25     1986    0.06334     0.03763     0.01913     0.00494     0.00127     0.00036
2012   26     1986    0.06685     0.03923     0.02044     0.00536     0.00140     0.00042
2012   26     1985    0.07257     0.04200     0.02264     0.00581     0.00156     0.00056
2012   27     1985    0.07578     0.04341     0.02390     0.00619     0.00165     0.00063
2012   27     1984    0.08281     0.04617     0.02669     0.00736     0.00183     0.00076
2012   28     1984    0.08577     0.04725     0.02795     0.00782     0.00193     0.00082
2012   28     1983    0.08998     0.04849     0.03002     0.00838     0.00216     0.00092
2012   29     1983    0.09265     0.04944     0.03121     0.00874     0.00227     0.00098
2012   29     1982    0.09930     0.05219     0.03392     0.00960     0.00249     0.00111
2012   30     1982    0.10140     0.05254     0.03506     0.01001     0.00261     0.00118
2012   30     1981    0.10310     0.05120     0.03686     0.01081     0.00289     0.00134
2012   31     1981    0.10331     0.05027     0.03747     0.01116     0.00301     0.00140
2012   31     1980    0.10192     0.04773     0.03781     0.01171     0.00321     0.00147
2012   32     1980    0.10092     0.04606     0.03811     0.01196     0.00326     0.00152
2012   32     1979    0.09809     0.04194     0.03887     0.01237     0.00324     0.00165
2012   33     1979    0.09612     0.03994     0.03868     0.01251     0.00328     0.00170
2012   33     1978    0.09109     0.03599     0.03728     0.01266     0.00342     0.00175
2012   34     1978    0.08832     0.03408     0.03639     0.01259     0.00346     0.00179
2012   34     1977    0.08216     0.03041     0.03419     0.01213     0.00351     0.00192
2012   35     1977    0.07889     0.02865     0.03282     0.01196     0.00354     0.00193
2012   35     1976    0.07213     0.02537     0.02967     0.01168     0.00360     0.00181
2012   36     1976    0.06818     0.02343     0.02794     0.01143     0.00358     0.00180
2012   36     1975    0.05955     0.01927     0.02426     0.01073     0.00344     0.00186
2012   37     1975    0.05543     0.01754     0.02244     0.01030     0.00334     0.00181
2012   37     1974    0.04743     0.01451     0.01892     0.00932     0.00311     0.00157
2012   38     1974    0.04367     0.01322     0.01725     0.00872     0.00297     0.00152
2012   38     1973    0.03656     0.01092     0.01409     0.00741     0.00265     0.00150
2012   39     1973    0.03328     0.00998     0.01268     0.00674     0.00244     0.00145
2012   39     1972    0.02742     0.00846     0.01023     0.00544     0.00199     0.00130
2012   40     1972    0.02415     0.00746     0.00892     0.00477     0.00179     0.00121
2012   40     1971    0.01779     0.00542     0.00645     0.00347     0.00142     0.00102
2012   41     1971    0.01529     0.00462     0.00549     0.00298     0.00127     0.00094
2012   41     1970    0.01123     0.00333     0.00393     0.00219     0.00101     0.00077
2012   42     1970    0.00939     0.00277     0.00325     0.00184     0.00086     0.00068
2012   42     1969    0.00634     0.00186     0.00215     0.00124     0.00059     0.00050
2012   43     1969    0.00514     0.00150     0.00172     0.00100     0.00048     0.00043
2012   43     1968    0.00328     0.00096     0.00107     0.00064     0.00031     0.00030
2012   44     1968    0.00262     0.00076     0.00084     0.00050     0.00025     0.00027
2012   44     1967    0.00167     0.00047     0.00050     0.00031     0.00017     0.00022
2012   45     1967    0.00134     0.00038     0.00039     0.00025     0.00014     0.00019
2012   45     1966    0.00089     0.00025     0.00024     0.00018     0.00010     0.00012
2012   46     1966    0.00069     0.00021     0.00019     0.00013     0.00008     0.00009
2012   46     1965    0.00037     0.00014     0.00010     0.00005     0.00003     0.00004
2012   47     1965    0.00030     0.00012     0.00008     0.00004     0.00003     0.00003
2012   47     1964    0.00022     0.00009     0.00007     0.00002     0.00003     0.00002
2012   48     1964    0.00018     0.00007     0.00006     0.00002     0.00002     0.00001
2012   48     1963    0.00013     0.00006     0.00005     0.00001     0.00001     0.00000
2012   49     1963    0.00010     0.00004     0.00004     0.00001     0.00001     0.00000
2012   49     1962    0.00004     0.00001     0.00002     0.00001     0.00000     0.00000
2012   50     1962    0.00004     0.00001     0.00002     0.00001     0.00000     0.00000
2012   50     1961    0.00005     0.00002     0.00001     0.00001     0.00000     0.00001
2012   51     1961    0.00005     0.00002     0.00001     0.00001     0.00000     0.00001
2012   51     1960    0.00004     0.00002     0.00001     0.00001     0.00000     0.00001
2012   52     1960    0.00003     0.00001     0.00001     0.00001     0.00000     0.00000
2012   52     1959    0.00002     0.00001     0.00000     0.00000     0.00000     0.00000
2012   53     1959    0.00002     0.00001     0.00000     0.00000     0.00000     0.00000
2012   53     1958    0.00001     0.00000     0.00000     0.00000     0.00000     0.00000
2012   54     1958    0.00001     0.00000     0.00000     0.00000     0.00000     0.00000
2012   54     1957    0.00000     0.00000     0.00000     0.00000     0.00000     0.00000
2012   55+       .    0.00000     0.00000     0.00000     0.00000     0.00000     0.00000
2013   12-       .    0.00000     0.00000     0.00000     0.00000     0.00000     0.00000
2013   13     2000    0.00000     0.00000     0.00000     0.00000     0.00000     0.00000
2013   13     1999    0.00005     0.00005     0.00000     0.00000     0.00000     0.00000
2013   14     1999    0.00013     0.00013     0.00000     0.00000     0.00000     0.00000
2013   14     1998    0.00044     0.00044     0.00000     0.00000     0.00000     0.00000
2013   15     1998    0.00069     0.00068     0.00002     0.00000     0.00000     0.00000
2013   15     1997    0.00141     0.00137     0.00004     0.00000     0.00000     0.00000
2013   16     1997    0.00190     0.00184     0.00006     0.00000     0.00000     0.00000
2013   16     1996    0.00332     0.00318     0.00014     0.00000     0.00000     0.00000
2013   17     1996    0.00425     0.00404     0.00021     0.00001     0.00000     0.00000
2013   17     1995    0.00684     0.00632     0.00047     0.00005     0.00000     0.00000
2013   18     1995    0.00840     0.00766     0.00067     0.00007     0.00001     0.00000
2013   18     1994    0.01196     0.01070     0.00114     0.00011     0.00001     0.00000
2013   19     1994    0.01388     0.01224     0.00149     0.00014     0.00001     0.00000
2013   19     1993    0.01763     0.01472     0.00259     0.00029     0.00003     0.00000
2013   20     1993    0.01956     0.01587     0.00322     0.00040     0.00005     0.00001
2013   20     1992    0.02332     0.01800     0.00451     0.00068     0.00010     0.00002
2013   21     1992    0.02516     0.01898     0.00518     0.00085     0.00012     0.00003
2013   21     1991    0.02860     0.02088     0.00637     0.00116     0.00015     0.00004
2013   22     1991    0.03054     0.02186     0.00711     0.00136     0.00017     0.00004
2013   22     1990    0.03518     0.02384     0.00906     0.00190     0.00033     0.00006
2013   23     1990    0.03749     0.02483     0.01001     0.00217     0.00041     0.00007
2013   23     1989    0.04194     0.02687     0.01177     0.00269     0.00049     0.00013
2013   24     1989    0.04467     0.02821     0.01275     0.00298     0.00057     0.00016
2013   24     1988    0.05146     0.03180     0.01493     0.00365     0.00088     0.00021
2013   25     1988    0.05491     0.03366     0.01604     0.00398     0.00100     0.00025
2013   25     1987    0.06206     0.03781     0.01827     0.00459     0.00102     0.00036
2013   26     1987    0.06546     0.03954     0.01944     0.00496     0.00110     0.00043
2013   26     1986    0.07137     0.04175     0.02177     0.00584     0.00149     0.00052
2013   27     1986    0.07471     0.04308     0.02312     0.00625     0.00167     0.00059
2013   27     1985    0.08210     0.04607     0.02638     0.00694     0.00194     0.00078
2013   28     1985    0.08547     0.04740     0.02780     0.00735     0.00207     0.00085
2013   28     1984    0.09134     0.04970     0.03009     0.00841     0.00224     0.00090
2013   29     1984    0.09397     0.05070     0.03118     0.00881     0.00232     0.00095
2013   29     1983    0.09807     0.05234     0.03293     0.00922     0.00245     0.00113
2013   30     1983    0.10013     0.05274     0.03407     0.00959     0.00253     0.00120
2013   30     1982    0.10428     0.05258     0.03696     0.01075     0.00272     0.00126
2013   31     1982    0.10517     0.05193     0.03793     0.01117     0.00283     0.00131
2013   31     1981    0.10458     0.04957     0.03879     0.01166     0.00310     0.00146
2013   32     1981    0.10358     0.04786     0.03907     0.01190     0.00321     0.00155
2013   32     1980    0.09966     0.04329     0.03897     0.01225     0.00336     0.00180
2013   33     1980    0.09784     0.04132     0.03884     0.01237     0.00345     0.00186
2013   33     1979    0.09426     0.03776     0.03849     0.01250     0.00369     0.00182
2013   34     1979    0.09168     0.03588     0.03773     0.01255     0.00372     0.00180
2013   34     1978    0.08535     0.03223     0.03528     0.01258     0.00354     0.00171
2013   35     1978    0.08170     0.03015     0.03377     0.01256     0.00351     0.00172
2013   35     1977    0.07351     0.02566     0.03010     0.01242     0.00350     0.00183
2013   36     1977    0.06958     0.02375     0.02844     0.01209     0.00347     0.00184
2013   36     1976    0.06189     0.02040     0.02534     0.01094     0.00339     0.00181
2013   37     1976    0.05796     0.01876     0.02367     0.01044     0.00329     0.00180
2013   37     1975    0.05015     0.01562     0.02029     0.00949     0.00300     0.00175
2013   38     1975    0.04626     0.01426     0.01853     0.00889     0.00287     0.00171
2013   38     1974    0.03861     0.01181     0.01501     0.00755     0.00264     0.00160
2013   39     1974    0.03509     0.01072     0.01345     0.00690     0.00248     0.00154
2013   39     1973    0.02869     0.00883     0.01069     0.00568     0.00209     0.00140
2013   40     1973    0.02533     0.00778     0.00938     0.00501     0.00188     0.00128
2013   40     1972    0.01896     0.00576     0.00703     0.00373     0.00144     0.00100
2013   41     1972    0.01626     0.00490     0.00599     0.00320     0.00128     0.00089
2013   41     1971    0.01169     0.00341     0.00422     0.00236     0.00102     0.00068
2013   42     1971    0.00981     0.00288     0.00348     0.00195     0.00089     0.00061
2013   42     1970    0.00676     0.00208     0.00230     0.00122     0.00063     0.00053
2013   43     1970    0.00552     0.00170     0.00183     0.00101     0.00052     0.00046
2013   43     1969    0.00360     0.00106     0.00111     0.00074     0.00034     0.00034
2013   44     1969    0.00285     0.00086     0.00087     0.00058     0.00027     0.00028
2013   44     1968    0.00172     0.00059     0.00052     0.00029     0.00015     0.00018
2013   45     1968    0.00135     0.00046     0.00040     0.00023     0.00012     0.00014
2013   45     1967    0.00083     0.00026     0.00024     0.00017     0.00007     0.00008
2013   46     1967    0.00067     0.00021     0.00019     0.00013     0.00005     0.00008
2013   46     1966    0.00046     0.00014     0.00013     0.00007     0.00004     0.00008
2013   47     1966    0.00035     0.00012     0.00010     0.00005     0.00003     0.00006
2013   47     1965    0.00018     0.00008     0.00005     0.00003     0.00001     0.00002
2013   48     1965    0.00014     0.00006     0.00004     0.00002     0.00001     0.00001
2013   48     1964    0.00011     0.00004     0.00003     0.00002     0.00001     0.00001
2013   49     1964    0.00009     0.00004     0.00002     0.00001     0.00001     0.00001
2013   49     1963    0.00008     0.00003     0.00001     0.00001     0.00001     0.00001
2013   50     1963    0.00007     0.00003     0.00001     0.00001     0.00001     0.00001
2013   50     1962    0.00005     0.00002     0.00001     0.00001     0.00001     0.00001
2013   51     1962    0.00005     0.00002     0.00001     0.00001     0.00000     0.00001
2013   51     1961    0.00003     0.00001     0.00001     0.00001     0.00000     0.00000
2013   52     1961    0.00003     0.00001     0.00001     0.00000     0.00000     0.00000
2013   52     1960    0.00002     0.00001     0.00001     0.00000     0.00000     0.00000
2013   53     1960    0.00001     0.00001     0.00000     0.00000     0.00000     0.00000
2013   53     1959    0.00001     0.00000     0.00000     0.00000     0.00000     0.00000
2013   54     1959    0.00001     0.00000     0.00000     0.00000     0.00000     0.00000
2013   54     1958    0.00000     0.00000     0.00000     0.00000     0.00000     0.00000
2013   55+       .    0.00000     0.00000     0.00000     0.00000     0.00000     0.00000
2014   12-       .    0.00000     0.00000     0.00000     0.00000     0.00000     0.00000
2014   13     2001    0.00000     0.00000     0.00000     0.00000     0.00000     0.00000
2014   13     2000    0.00007     0.00007     0.00000     0.00000     0.00000     0.00000
2014   14     2000    0.00019     0.00018     0.00000     0.00000     0.00000     0.00000
2014   14     1999    0.00050     0.00049     0.00001     0.00000     0.00000     0.00000
2014   15     1999    0.00072     0.00071     0.00001     0.00000     0.00000     0.00000
2014   15     1998    0.00146     0.00143     0.00003     0.00000     0.00000     0.00000
2014   16     1998    0.00197     0.00192     0.00005     0.00001     0.00000     0.00000
2014   16     1997    0.00350     0.00338     0.00012     0.00001     0.00000     0.00000
2014   17     1997    0.00446     0.00427     0.00018     0.00001     0.00000     0.00000
2014   17     1996    0.00667     0.00610     0.00054     0.00003     0.00000     0.00000
2014   18     1996    0.00808     0.00720     0.00082     0.00006     0.00000     0.00000
2014   18     1995    0.01191     0.01041     0.00137     0.00012     0.00000     0.00000
2014   19     1995    0.01395     0.01203     0.00173     0.00017     0.00003     0.00000
2014   19     1994    0.01778     0.01482     0.00256     0.00036     0.00003     0.00000
2014   20     1994    0.01967     0.01604     0.00310     0.00048     0.00004     0.00001
2014   20     1993    0.02290     0.01743     0.00462     0.00072     0.00011     0.00002
2014   21     1993    0.02469     0.01824     0.00541     0.00087     0.00015     0.00003
2014   21     1992    0.02881     0.02047     0.00689     0.00119     0.00022     0.00003
2014   22     1992    0.03085     0.02148     0.00768     0.00139     0.00027     0.00004
2014   22     1991    0.03490     0.02330     0.00927     0.00189     0.00039     0.00006
2014   23     1991    0.03716     0.02437     0.01010     0.00216     0.00045     0.00008
2014   23     1990    0.04222     0.02688     0.01185     0.00273     0.00064     0.00012
2014   24     1990    0.04506     0.02840     0.01276     0.00303     0.00072     0.00014
2014   24     1989    0.05161     0.03229     0.01461     0.00361     0.00085     0.00024
2014   25     1989    0.05510     0.03424     0.01567     0.00397     0.00093     0.00029
2014   25     1988    0.06273     0.03816     0.01811     0.00490     0.00117     0.00039
2014   26     1988    0.06639     0.03996     0.01938     0.00530     0.00130     0.00045
2014   26     1987    0.07292     0.04282     0.02204     0.00583     0.00160     0.00063
2014   27     1987    0.07651     0.04451     0.02335     0.00621     0.00173     0.00070
2014   27     1986    0.08421     0.04844     0.02577     0.00731     0.00195     0.00074
2014   28     1986    0.08790     0.05008     0.02718     0.00778     0.00207     0.00080
2014   28     1985    0.09477     0.05246     0.03050     0.00850     0.00231     0.00100
2014   29     1985    0.09799     0.05359     0.03192     0.00893     0.00244     0.00110
2014   29     1984    0.10363     0.05558     0.03406     0.00991     0.00276     0.00134
2014   30     1984    0.10596     0.05613     0.03523     0.01035     0.00285     0.00140
2014   30     1983    0.10937     0.05646     0.03765     0.01107     0.00288     0.00131
2014   31     1983    0.11022     0.05578     0.03869     0.01146     0.00295     0.00134
2014   31     1982    0.10999     0.05270     0.04032     0.01226     0.00319     0.00153
2014   32     1982    0.10914     0.05093     0.04074     0.01259     0.00328     0.00160
2014   32     1981    0.10574     0.04689     0.04066     0.01304     0.00340     0.00175
2014   33     1981    0.10363     0.04468     0.04046     0.01321     0.00348     0.00179
2014   33     1980    0.09835     0.03989     0.03958     0.01341     0.00368     0.00178
2014   34     1980    0.09561     0.03770     0.03889     0.01347     0.00374     0.00181
2014   34     1979    0.08999     0.03357     0.03722     0.01352     0.00379     0.00189
2014   35     1979    0.08637     0.03160     0.03567     0.01337     0.00378     0.00194
2014   35     1978    0.07794     0.02801     0.03144     0.01277     0.00366     0.00205
2014   36     1978    0.07369     0.02598     0.02963     0.01239     0.00363     0.00205
2014   36     1977    0.06502     0.02171     0.02628     0.01146     0.00363     0.00194
2014   37     1977    0.06084     0.01988     0.02461     0.01094     0.00353     0.00188
2014   37     1976    0.05270     0.01660     0.02141     0.00980     0.00317     0.00172
2014   38     1976    0.04881     0.01518     0.01966     0.00924     0.00303     0.00170
2014   38     1975    0.04135     0.01263     0.01604     0.00812     0.00279     0.00178
2014   39     1975    0.03774     0.01150     0.01446     0.00742     0.00262     0.00173
2014   39     1974    0.03099     0.00957     0.01174     0.00595     0.00224     0.00150
2014   40     1974    0.02744     0.00841     0.01027     0.00529     0.00207     0.00139
2014   40     1973    0.02063     0.00611     0.00744     0.00411     0.00180     0.00116
2014   41     1973    0.01777     0.00522     0.00637     0.00358     0.00155     0.00105
2014   41     1972    0.01299     0.00378     0.00466     0.00269     0.00102     0.00085
2014   42     1972    0.01087     0.00320     0.00386     0.00221     0.00086     0.00075
2014   42     1971    0.00735     0.00229     0.00251     0.00135     0.00064     0.00055
2014   43     1971    0.00596     0.00183     0.00200     0.00110     0.00054     0.00049
2014   43     1970    0.00384     0.00106     0.00123     0.00075     0.00039     0.00041
2014   44     1970    0.00304     0.00085     0.00095     0.00059     0.00031     0.00033
2014   44     1969    0.00183     0.00058     0.00055     0.00034     0.00018     0.00017
2014   45     1969    0.00146     0.00049     0.00043     0.00027     0.00014     0.00014
2014   45     1968    0.00098     0.00036     0.00027     0.00017     0.00009     0.00010
2014   46     1968    0.00077     0.00028     0.00021     0.00013     0.00006     0.00008
2014   46     1967    0.00043     0.00015     0.00012     0.00009     0.00003     0.00005
2014   47     1967    0.00035     0.00012     0.00010     0.00007     0.00002     0.00004
2014   47     1966    0.00027     0.00011     0.00009     0.00004     0.00001     0.00002
2014   48     1966    0.00021     0.00009     0.00007     0.00003     0.00001     0.00002
2014   48     1965    0.00010     0.00004     0.00003     0.00002     0.00001     0.00001
2014   49     1965    0.00009     0.00004     0.00002     0.00001     0.00001     0.00001
2014   49     1964    0.00007     0.00003     0.00002     0.00001     0.00001     0.00001
2014   50     1964    0.00006     0.00003     0.00002     0.00001     0.00001     0.00001
2014   50     1963    0.00006     0.00002     0.00002     0.00001     0.00000     0.00001
2014   51     1963    0.00005     0.00002     0.00002     0.00001     0.00000     0.00001
2014   51     1962    0.00004     0.00002     0.00001     0.00000     0.00000     0.00000
2014   52     1962    0.00003     0.00001     0.00001     0.00000     0.00000     0.00000
2014   52     1961    0.00002     0.00001     0.00001     0.00000     0.00000     0.00000
2014   53     1961    0.00002     0.00001     0.00001     0.00000     0.00000     0.00000
2014   53     1960    0.00001     0.00000     0.00000     0.00000     0.00000     0.00000
2014   54     1960    0.00001     0.00000     0.00000     0.00000     0.00000     0.00000
2014   54     1959    0.00000     0.00000     0.00000     0.00000     0.00000     0.00000
2014   55+       .    0.00000     0.00000     0.00000     0.00000     0.00000     0.00000
2015   12-       .    0.00000     0.00000     0.00000     0.00000     0.00000     0.00000
2015   13     2002    0.00001     0.00000     0.00000     0.00000     0.00000     0.00000
2015   13     2001    0.00010     0.00010     0.00000     0.00000     0.00000     0.00000
2015   14     2001    0.00025     0.00025     0.00001     0.00000     0.00000     0.00000
2015   14     2000    0.00059     0.00058     0.00001     0.00000     0.00000     0.00000
2015   15     2000    0.00081     0.00079     0.00001     0.00001     0.00000     0.00000
2015   15     1999    0.00159     0.00154     0.00004     0.00000     0.00000     0.00000
2015   16     1999    0.00209     0.00202     0.00007     0.00000     0.00000     0.00000
2015   16     1998    0.00349     0.00330     0.00018     0.00001     0.00000     0.00000
2015   17     1998    0.00437     0.00408     0.00027     0.00001     0.00001     0.00000
2015   17     1997    0.00648     0.00585     0.00058     0.00005     0.00001     0.00000
2015   18     1997    0.00787     0.00697     0.00082     0.00007     0.00001     0.00000
2015   18     1996    0.01187     0.01014     0.00155     0.00016     0.00001     0.00000
2015   19     1996    0.01402     0.01175     0.00202     0.00023     0.00001     0.00000
2015   19     1995    0.01806     0.01459     0.00305     0.00037     0.00004     0.00000
2015   20     1995    0.02008     0.01587     0.00366     0.00047     0.00006     0.00001
2015   20     1994    0.02351     0.01763     0.00502     0.00074     0.00012     0.00001
2015   21     1994    0.02531     0.01848     0.00575     0.00091     0.00016     0.00001
2015   21     1993    0.02899     0.02009     0.00733     0.00131     0.00023     0.00003
2015   22     1993    0.03094     0.02095     0.00811     0.00155     0.00027     0.00005
2015   22     1992    0.03517     0.02299     0.00958     0.00213     0.00037     0.00009
2015   23     1992    0.03748     0.02414     0.01033     0.00244     0.00045     0.00012
2015   23     1991    0.04267     0.02684     0.01191     0.00303     0.00072     0.00016
2015   24     1991    0.04550     0.02843     0.01273     0.00330     0.00084     0.00019
2015   24     1990    0.05175     0.03248     0.01436     0.00371     0.00093     0.00027
2015   25     1990    0.05515     0.03439     0.01545     0.00400     0.00100     0.00031
2015   25     1989    0.06269     0.03771     0.01848     0.00485     0.00124     0.00041
2015   26     1989    0.06652     0.03950     0.01988     0.00529     0.00136     0.00047
2015   26     1988    0.07410     0.04324     0.02233     0.00628     0.00163     0.00061
2015   27     1988    0.07804     0.04514     0.02371     0.00674     0.00176     0.00068
2015   27     1987    0.08606     0.04894     0.02680     0.00753     0.00198     0.00080
2015   28     1987    0.08981     0.05067     0.02823     0.00793     0.00211     0.00086
2015   28     1986    0.09638     0.05367     0.03069     0.00862     0.00243     0.00097
2015   29     1986    0.09960     0.05488     0.03204     0.00907     0.00255     0.00106
2015   29     1985    0.10558     0.05646     0.03488     0.01025     0.00266     0.00133
2015   30     1985    0.10806     0.05695     0.03614     0.01074     0.00280     0.00143
2015   30     1984    0.11186     0.05733     0.03816     0.01145     0.00335     0.00158
2015   31     1984    0.11272     0.05676     0.03914     0.01174     0.00347     0.00162
2015   31     1983    0.11194     0.05422     0.04084     0.01197     0.00331     0.00160
2015   32     1983    0.11134     0.05246     0.04157     0.01232     0.00337     0.00162
2015   32     1982    0.10955     0.04779     0.04270     0.01358     0.00378     0.00171
2015   33     1982    0.10760     0.04549     0.04265     0.01384     0.00387     0.00175
2015   33     1981    0.10171     0.04097     0.04145     0.01361     0.00383     0.00184
2015   34     1981    0.09862     0.03879     0.04051     0.01359     0.00382     0.00191
2015   34     1980    0.09187     0.03462     0.03785     0.01355     0.00373     0.00211
2015   35     1980    0.08833     0.03251     0.03641     0.01352     0.00375     0.00215
2015   35     1979    0.08119     0.02840     0.03327     0.01348     0.00393     0.00211
2015   36     1979    0.07677     0.02621     0.03143     0.01311     0.00391     0.00211
2015   36     1978    0.06684     0.02171     0.02750     0.01176     0.00370     0.00217
2015   37     1978    0.06232     0.01997     0.02542     0.01121     0.00361     0.00211
2015   37     1977    0.05376     0.01714     0.02114     0.01023     0.00342     0.00184
2015   38     1977    0.04976     0.01569     0.01945     0.00960     0.00324     0.00178
2015   38     1976    0.04216     0.01280     0.01665     0.00817     0.00273     0.00181
2015   39     1976    0.03864     0.01167     0.01511     0.00754     0.00259     0.00173
2015   39     1975    0.03214     0.00979     0.01207     0.00639     0.00244     0.00145
2015   40     1975    0.02874     0.00875     0.01066     0.00571     0.00224     0.00137
2015   40     1974    0.02235     0.00679     0.00816     0.00437     0.00175     0.00128
2015   41     1974    0.01904     0.00572     0.00689     0.00372     0.00154     0.00117
2015   41     1973    0.01303     0.00374     0.00464     0.00257     0.00119     0.00089
2015   42     1973    0.01082     0.00312     0.00379     0.00212     0.00102     0.00078
2015   42     1972    0.00743     0.00223     0.00249     0.00140     0.00072     0.00059
2015   43     1972    0.00610     0.00186     0.00201     0.00116     0.00057     0.00050
2015   43     1971    0.00407     0.00127     0.00130     0.00082     0.00031     0.00036
2015   44     1971    0.00328     0.00103     0.00102     0.00066     0.00025     0.00031
2015   44     1970    0.00208     0.00067     0.00059     0.00040     0.00018     0.00024
2015   45     1970    0.00163     0.00053     0.00047     0.00030     0.00014     0.00019
2015   45     1969    0.00097     0.00032     0.00030     0.00017     0.00008     0.00010
2015   46     1969    0.00077     0.00027     0.00024     0.00012     0.00006     0.00008
2015   46     1968    0.00052     0.00020     0.00016     0.00005     0.00005     0.00006
2015   47     1968    0.00041     0.00016     0.00012     0.00004     0.00004     0.00004
2015   47     1967    0.00024     0.00011     0.00006     0.00003     0.00002     0.00002
2015   48     1967    0.00019     0.00009     0.00004     0.00002     0.00002     0.00002
2015   48     1966    0.00014     0.00007     0.00003     0.00002     0.00002     0.00001
2015   49     1966    0.00012     0.00006     0.00003     0.00001     0.00001     0.00001
2015   49     1965    0.00008     0.00004     0.00002     0.00001     0.00001     0.00001
2015   50     1965    0.00007     0.00004     0.00002     0.00000     0.00000     0.00001
2015   50     1964    0.00006     0.00003     0.00001     0.00000     0.00000     0.00001
2015   51     1964    0.00005     0.00002     0.00001     0.00000     0.00000     0.00000
2015   51     1963    0.00004     0.00002     0.00001     0.00000     0.00000     0.00000
2015   52     1963    0.00003     0.00001     0.00001     0.00000     0.00000     0.00000
2015   52     1962    0.00002     0.00001     0.00000     0.00000     0.00000     0.00000
2015   53     1962    0.00001     0.00001     0.00000     0.00000     0.00000     0.00000
2015   53     1961    0.00001     0.00000     0.00000     0.00000     0.00000     0.00000
2015   54     1961    0.00001     0.00000     0.00000     0.00000     0.00000     0.00000
2015   54     1960    0.00000     0.00000     0.00000     0.00000     0.00000     0.00000
2015   55+       .    0.00000     0.00000     0.00000     0.00000     0.00000     0.00000
2016   12-       .    0.00000     0.00000     0.00000     0.00000     0.00000     0.00000
2016   13     2003    0.00000     0.00000     0.00000     0.00000     0.00000     0.00000
2016   13     2002    0.00009     0.00009     0.00000     0.00000     0.00000     0.00000
2016   14     2002    0.00022     0.00022     0.00000     0.00000     0.00000     0.00000
2016   14     2001    0.00057     0.00057     0.00000     0.00000     0.00000     0.00000
2016   15     2001    0.00083     0.00083     0.00000     0.00000     0.00000     0.00000
2016   15     2000    0.00177     0.00173     0.00004     0.00000     0.00000     0.00000
2016   16     2000    0.00241     0.00231     0.00009     0.00001     0.00000     0.00000
2016   16     1999    0.00407     0.00376     0.00029     0.00002     0.00000     0.00000
2016   17     1999    0.00513     0.00465     0.00045     0.00003     0.00000     0.00000
2016   17     1998    0.00781     0.00690     0.00082     0.00009     0.00000     0.00000
2016   18     1998    0.00951     0.00827     0.00109     0.00014     0.00001     0.00000
2016   18     1997    0.01425     0.01180     0.00215     0.00027     0.00003     0.00000
2016   19     1997    0.01663     0.01348     0.00275     0.00035     0.00004     0.00000
2016   19     1996    0.02028     0.01597     0.00362     0.00059     0.00009     0.00000
2016   20     1996    0.02234     0.01724     0.00424     0.00075     0.00011     0.00000
2016   20     1995    0.02715     0.01958     0.00623     0.00115     0.00018     0.00002
2016   21     1995    0.02933     0.02055     0.00715     0.00136     0.00022     0.00005
2016   21     1994    0.03295     0.02234     0.00847     0.00177     0.00032     0.00005
2016   22     1994    0.03472     0.02308     0.00918     0.00202     0.00039     0.00006
2016   22     1993    0.03786     0.02393     0.01063     0.00261     0.00058     0.00011
2016   23     1993    0.03992     0.02483     0.01135     0.00292     0.00068     0.00014
2016   23     1992    0.04553     0.02801     0.01286     0.00355     0.00089     0.00022
2016   24     1992    0.04838     0.02949     0.01374     0.00390     0.00099     0.00026
2016   24     1991    0.05424     0.03222     0.01589     0.00466     0.00112     0.00035
2016   25     1991    0.05768     0.03406     0.01699     0.00501     0.00122     0.00040
2016   25     1990    0.06602     0.03904     0.01930     0.00559     0.00154     0.00055
2016   26     1990    0.07008     0.04126     0.02053     0.00597     0.00168     0.00064
2016   26     1989    0.07780     0.04493     0.02312     0.00702     0.00192     0.00081
2016   27     1989    0.08181     0.04685     0.02452     0.00748     0.00205     0.00090
2016   27     1988    0.08976     0.05061     0.02756     0.00818     0.00235     0.00106
2016   28     1988    0.09375     0.05235     0.02914     0.00862     0.00250     0.00114
2016   28     1987    0.10161     0.05537     0.03243     0.00971     0.00279     0.00130
2016   29     1987    0.10512     0.05669     0.03394     0.01018     0.00293     0.00138
2016   29     1986    0.11084     0.05885     0.03642     0.01093     0.00315     0.00148
2016   30     1986    0.11349     0.05945     0.03779     0.01138     0.00330     0.00158
2016   30     1985    0.11821     0.05958     0.04062     0.01242     0.00367     0.00191
2016   31     1985    0.11936     0.05892     0.04184     0.01279     0.00379     0.00202
2016   31     1984    0.11906     0.05625     0.04375     0.01314     0.00384     0.00207
2016   32     1984    0.11812     0.05431     0.04443     0.01336     0.00391     0.00212
2016   32     1983    0.11426     0.04913     0.04504     0.01382     0.00407     0.00220
2016   33     1983    0.11216     0.04685     0.04491     0.01404     0.00414     0.00222
2016   33     1982    0.10738     0.04268     0.04377     0.01448     0.00423     0.00221
2016   34     1982    0.10449     0.04051     0.04284     0.01462     0.00430     0.00222
2016   34     1981    0.09781     0.03610     0.04027     0.01466     0.00452     0.00226
2016   35     1981    0.09416     0.03403     0.03870     0.01462     0.00451     0.00229
2016   35     1980    0.08646     0.03028     0.03510     0.01444     0.00425     0.00239
2016   36     1980    0.08191     0.02801     0.03321     0.01412     0.00419     0.00239
2016   36     1979    0.07190     0.02309     0.02927     0.01313     0.00415     0.00226
2016   37     1979    0.06705     0.02110     0.02724     0.01246     0.00403     0.00223
2016   37     1978    0.05749     0.01768     0.02316     0.01084     0.00361     0.00220
2016   38     1978    0.05327     0.01623     0.02126     0.01014     0.00347     0.00218
2016   38     1977    0.04562     0.01371     0.01766     0.00884     0.00329     0.00213
2016   39     1977    0.04175     0.01250     0.01597     0.00818     0.00307     0.00203
2016   39     1976    0.03434     0.01027     0.01291     0.00697     0.00248     0.00171
2016   40     1976    0.03055     0.00913     0.01134     0.00620     0.00226     0.00162
2016   40     1975    0.02339     0.00700     0.00837     0.00461     0.00189     0.00151
2016   41     1975    0.02020     0.00598     0.00716     0.00398     0.00170     0.00137
2016   41     1974    0.01467     0.00415     0.00517     0.00295     0.00136     0.00104
2016   42     1974    0.01236     0.00350     0.00434     0.00247     0.00115     0.00090
2016   42     1973    0.00858     0.00252     0.00299     0.00166     0.00074     0.00067
2016   43     1973    0.00703     0.00206     0.00243     0.00134     0.00062     0.00058
2016   43     1972    0.00460     0.00128     0.00157     0.00084     0.00044     0.00046
2016   44     1972    0.00366     0.00105     0.00121     0.00066     0.00036     0.00037
2016   44     1971    0.00221     0.00075     0.00064     0.00039     0.00023     0.00020
2016   45     1971    0.00180     0.00061     0.00051     0.00032     0.00018     0.00017
2016   45     1970    0.00126     0.00039     0.00036     0.00023     0.00013     0.00015
2016   46     1970    0.00100     0.00033     0.00028     0.00017     0.00009     0.00012
2016   46     1969    0.00057     0.00025     0.00015     0.00007     0.00003     0.00007
2016   47     1969    0.00046     0.00020     0.00013     0.00005     0.00003     0.00005
2016   47     1968    0.00032     0.00013     0.00011     0.00004     0.00002     0.00002
2016   48     1968    0.00027     0.00011     0.00009     0.00004     0.00001     0.00001
2016   48     1967    0.00019     0.00009     0.00006     0.00003     0.00001     0.00001
2016   49     1967    0.00016     0.00008     0.00005     0.00002     0.00001     0.00001
2016   49     1966    0.00012     0.00006     0.00003     0.00002     0.00001     0.00001
2016   50     1966    0.00011     0.00005     0.00003     0.00002     0.00001     0.00001
2016   50     1965    0.00009     0.00003     0.00002     0.00001     0.00001     0.00001
2016   51     1965    0.00008     0.00003     0.00002     0.00001     0.00001     0.00001
2016   51     1964    0.00005     0.00002     0.00001     0.00001     0.00000     0.00001
2016   52     1964    0.00004     0.00002     0.00001     0.00001     0.00000     0.00001
2016   52     1963    0.00002     0.00001     0.00001     0.00000     0.00000     0.00000
2016   53     1963    0.00002     0.00001     0.00000     0.00000     0.00000     0.00000
2016   53     1962    0.00001     0.00000     0.00000     0.00000     0.00000     0.00000
2016   54     1962    0.00001     0.00000     0.00000     0.00000     0.00000     0.00000
2016   54     1961    0.00000     0.00000     0.00000     0.00000     0.00000     0.00000
2016   55+       .    0.00000     0.00000     0.00000     0.00000     0.00000     0.00000
2017   12-       .    0.00000     0.00000     0.00000     0.00000     0.00000     0.00000
2017   13     2004    0.00000     0.00000     0.00000     0.00000     0.00000     0.00000
2017   13     2003    0.00008     0.00008     0.00000     0.00000     0.00000     0.00000
2017   14     2003    0.00019     0.00019     0.00000     0.00000     0.00000     0.00000
2017   14     2002    0.00046     0.00046     0.00000     0.00000     0.00000     0.00000
2017   15     2002    0.00066     0.00065     0.00001     0.00000     0.00000     0.00000
2017   15     2001    0.00147     0.00140     0.00007     0.00000     0.00000     0.00000
2017   16     2001    0.00202     0.00188     0.00013     0.00001     0.00000     0.00000
2017   16     2000    0.00340     0.00314     0.00025     0.00001     0.00000     0.00000
2017   17     2000    0.00430     0.00394     0.00034     0.00001     0.00001     0.00000
2017   17     1999    0.00669     0.00578     0.00084     0.00006     0.00001     0.00000
2017   18     1999    0.00822     0.00691     0.00120     0.00010     0.00001     0.00000
2017   18     1998    0.01241     0.01019     0.00194     0.00026     0.00002     0.00000
2017   19     1998    0.01456     0.01176     0.00241     0.00036     0.00003     0.00000
2017   19     1997    0.01791     0.01381     0.00353     0.00050     0.00007     0.00000
2017   20     1997    0.01987     0.01493     0.00421     0.00060     0.00010     0.00002
2017   20     1996    0.02458     0.01736     0.00601     0.00105     0.00014     0.00003
2017   21     1996    0.02677     0.01837     0.00689     0.00131     0.00016     0.00003
2017   21     1995    0.03050     0.01995     0.00839     0.00183     0.00027     0.00005
2017   22     1995    0.03245     0.02084     0.00909     0.00211     0.00035     0.00007
2017   22     1994    0.03644     0.02289     0.01016     0.00263     0.00063     0.00013
2017   23     1994    0.03858     0.02392     0.01081     0.00291     0.00076     0.00018
2017   23     1993    0.04307     0.02599     0.01246     0.00353     0.00083     0.00026
2017   24     1993    0.04586     0.02750     0.01333     0.00381     0.00091     0.00031
2017   24     1992    0.05310     0.03199     0.01527     0.00421     0.00125     0.00036
2017   25     1992    0.05674     0.03405     0.01634     0.00456     0.00140     0.00041
2017   25     1991    0.06413     0.03756     0.01869     0.00573     0.00160     0.00054
2017   26     1991    0.06801     0.03952     0.01996     0.00621     0.00171     0.00061
2017   26     1990    0.07602     0.04382     0.02270     0.00683     0.00197     0.00069
2017   27     1990    0.07996     0.04580     0.02414     0.00718     0.00207     0.00076
2017   27     1989    0.08724     0.04910     0.02715     0.00789     0.00218     0.00093
2017   28     1989    0.09127     0.05090     0.02867     0.00836     0.00231     0.00103
2017   28     1988    0.10008     0.05473     0.03158     0.00968     0.00283     0.00126
2017   29     1988    0.10397     0.05616     0.03320     0.01022     0.00302     0.00137
2017   29     1987    0.11040     0.05780     0.03685     0.01097     0.00320     0.00158
2017   30     1987    0.11316     0.05839     0.03839     0.01138     0.00332     0.00167
2017   30     1986    0.11737     0.05908     0.04064     0.01221     0.00363     0.00180
2017   31     1986    0.11861     0.05851     0.04177     0.01267     0.00377     0.00189
2017   31     1985    0.11918     0.05556     0.04373     0.01365     0.00405     0.00220
2017   32     1985    0.11850     0.05370     0.04439     0.01403     0.00413     0.00226
2017   32     1984    0.11506     0.04920     0.04499     0.01454     0.00414     0.00220
2017   33     1984    0.11278     0.04684     0.04490     0.01470     0.00415     0.00219
2017   33     1983    0.10684     0.04187     0.04390     0.01474     0.00412     0.00221
2017   34     1983    0.10381     0.03957     0.04301     0.01481     0.00419     0.00224
2017   34     1982    0.09744     0.03518     0.04037     0.01501     0.00453     0.00234
2017   35     1982    0.09396     0.03311     0.03895     0.01495     0.00457     0.00238
2017   35     1981    0.08673     0.02936     0.03597     0.01460     0.00437     0.00242
2017   36     1981    0.08221     0.02723     0.03405     0.01418     0.00430     0.00245
2017   36     1980    0.07194     0.02280     0.02958     0.01285     0.00418     0.00251
2017   37     1980    0.06716     0.02083     0.02749     0.01227     0.00406     0.00249
2017   37     1979    0.05794     0.01719     0.02351     0.01118     0.00372     0.00235
2017   38     1979    0.05367     0.01574     0.02154     0.01054     0.00355     0.00229
2017   38     1978    0.04569     0.01335     0.01773     0.00922     0.00320     0.00220
2017   39     1978    0.04185     0.01218     0.01608     0.00844     0.00303     0.00211
2017   39     1977    0.03471     0.01005     0.01318     0.00682     0.00276     0.00190
2017   40     1977    0.03089     0.00892     0.01164     0.00606     0.00251     0.00176
2017   40     1976    0.02352     0.00676     0.00873     0.00466     0.00192     0.00145
2017   41     1976    0.02031     0.00583     0.00743     0.00405     0.00170     0.00130
2017   41     1975    0.01478     0.00423     0.00518     0.00300     0.00133     0.00104
2017   42     1975    0.01254     0.00358     0.00432     0.00254     0.00117     0.00093
2017   42     1974    0.00896     0.00254     0.00299     0.00178     0.00090     0.00076
2017   43     1974    0.00733     0.00209     0.00240     0.00143     0.00075     0.00066
2017   43     1973    0.00465     0.00135     0.00147     0.00085     0.00048     0.00049
2017   44     1973    0.00378     0.00113     0.00118     0.00070     0.00038     0.00040
2017   44     1972    0.00260     0.00082     0.00079     0.00052     0.00023     0.00024
2017   45     1972    0.00206     0.00068     0.00062     0.00039     0.00018     0.00019
2017   45     1971    0.00122     0.00044     0.00035     0.00018     0.00012     0.00012
2017   46     1971    0.00095     0.00036     0.00028     0.00015     0.00009     0.00009
2017   46     1970    0.00059     0.00022     0.00017     0.00012     0.00004     0.00003
2017   47     1970    0.00046     0.00018     0.00014     0.00009     0.00003     0.00002
2017   47     1969    0.00029     0.00011     0.00009     0.00005     0.00002     0.00001
2017   48     1969    0.00024     0.00010     0.00007     0.00004     0.00002     0.00001
2017   48     1968    0.00016     0.00006     0.00005     0.00003     0.00001     0.00001
2017   49     1968    0.00014     0.00006     0.00004     0.00002     0.00001     0.00001
2017   49     1967    0.00011     0.00006     0.00003     0.00001     0.00000     0.00001
2017   50     1967    0.00010     0.00006     0.00003     0.00001     0.00000     0.00001
2017   50     1966    0.00008     0.00004     0.00002     0.00001     0.00000     0.00001
2017   51     1966    0.00007     0.00003     0.00002     0.00001     0.00000     0.00001
2017   51     1965    0.00005     0.00002     0.00001     0.00001     0.00000     0.00001
2017   52     1965    0.00004     0.00002     0.00001     0.00001     0.00000     0.00000
2017   52     1964    0.00002     0.00001     0.00001     0.00001     0.00000     0.00000
2017   53     1964    0.00002     0.00001     0.00000     0.00000     0.00000     0.00000
2017   53     1963    0.00001     0.00000     0.00000     0.00000     0.00000     0.00000
2017   54     1963    0.00001     0.00000     0.00000     0.00000     0.00000     0.00000
2017   54     1962    0.00000     0.00000     0.00000     0.00000     0.00000     0.00000
2017   55+       .    0.00000     0.00000     0.00000     0.00000     0.00000     0.00000
