Germany, Live births by calendar year and age (Lexis squares, age in completed years (ACY))
Last modified: 04/02/2019
Year    Age        Total
1956     12-        0.07
1956     13         4.19
1956     14       104.87
1956     15       799.17
1956     16      3719.30
1956     17     12404.15
1956     18     27391.94
1956     19     44608.76
1956     20     59796.62
1956     21     70471.15
1956     22     70068.41
1956     23     66843.50
1956     24     69139.81
1956     25     71825.03
1956     26     71360.73
1956     27     68281.32
1956     28     64052.15
1956     29     59795.33
1956     30     56578.55
1956     31     52286.83
1956     32     47314.46
1956     33     43118.24
1956     34     40302.60
1956     35     36487.05
1956     36     28147.15
1956     37     17295.76
1956     38     11167.49
1956     39      9363.98
1956     40      8884.74
1956     41      8678.40
1956     42      6973.07
1956     43      4650.97
1956     44      2772.90
1956     45      1298.78
1956     46       598.59
1956     47       308.31
1956     48       146.89
1956     49        68.37
1956     50        31.93
1956     51        15.04
1956     52         7.25
1956     53         3.52
1956     54         1.45
1956     55+        0.17
1957     12-        0.07
1957     13         4.93
1957     14       104.75
1957     15       762.13
1957     16      3901.61
1957     17     13646.08
1957     18     29169.17
1957     19     46207.55
1957     20     60886.78
1957     21     72842.46
1957     22     79679.48
1957     23     74929.11
1957     24     69522.74
1957     25     70687.75
1957     26     71321.71
1957     27     69460.56
1957     28     65174.86
1957     29     59843.48
1957     30     55025.27
1957     31     51615.36
1957     32     47233.00
1957     33     42272.02
1957     34     38356.59
1957     35     35447.61
1957     36     31404.70
1957     37     23788.23
1957     38     14290.95
1957     39      8893.61
1957     40      7171.90
1957     41      6377.41
1957     42      5869.09
1957     43      4433.24
1957     44      2648.29
1957     45      1311.22
1957     46       623.16
1957     47       336.54
1957     48       166.21
1957     49        78.11
1957     50        36.35
1957     51        17.13
1957     52         8.15
1957     53         3.93
1957     54         1.58
1957     55+        0.20
1958     12-        0.05
1958     13         4.75
1958     14       103.44
1958     15       698.47
1958     16      3523.52
1958     17     13205.22
1958     18     30363.62
1958     19     48036.47
1958     20     61533.74
1958     21     72684.26
1958     22     81747.82
1958     23     84536.66
1958     24     76880.47
1958     25     68798.15
1958     26     68141.62
1958     27     67826.26
1958     28     65163.40
1958     29     60250.87
1958     30     54403.82
1958     31     49717.06
1958     32     46174.54
1958     33     41635.50
1958     34     36983.16
1958     35     33067.74
1958     36     29806.12
1958     37     25868.67
1958     38     19229.56
1958     39     11292.60
1958     40      6675.61
1958     41      5076.61
1958     42      4198.38
1958     43      3459.62
1958     44      2418.82
1958     45      1230.97
1958     46       564.10
1958     47       288.20
1958     48       146.35
1958     49        70.96
1958     50        33.59
1958     51        16.03
1958     52         7.78
1958     53         3.76
1958     54         1.53
1958     55+        0.18
1959     12-        0.08
1959     13         4.81
1959     14       128.15
1959     15       832.11
1959     16      3555.56
1959     17     13278.19
1959     18     32380.52
1959     19     54303.84
1959     20     69639.32
1959     21     79048.39
1959     22     86188.36
1959     23     90786.91
1959     24     90375.33
1959     25     79741.47
1959     26     69759.31
1959     27     67274.54
1959     28     65509.61
1959     29     61422.65
1959     30     55907.93
1959     31     50262.92
1959     32     45010.23
1959     33     41485.88
1959     34     37143.08
1959     35     32642.75
1959     36     29108.51
1959     37     25985.03
1959     38     21948.33
1959     39     15748.54
1959     40      8937.77
1959     41      4957.06
1959     42      3508.29
1959     43      2655.44
1959     44      2070.45
1959     45      1208.32
1959     46       556.30
1959     47       285.24
1959     48       137.95
1959     49        69.08
1959     50        33.74
1959     51        16.33
1959     52         7.99
1959     53         3.92
1959     54         1.58
1959     55+        0.19
1960     12-        0.09
1960     13         6.31
1960     14       121.98
1960     15       983.93
1960     16      4238.07
1960     17     12683.17
1960     18     30054.57
1960     19     54336.76
1960     20     73416.84
1960     21     83681.80
1960     22     88623.96
1960     23     91898.04
1960     24     93437.31
1960     25     89806.35
1960     26     76734.27
1960     27     65409.20
1960     28     62087.47
1960     29     59694.64
1960     30     55745.52
1960     31     50354.56
1960     32     44290.22
1960     33     39216.90
1960     34     35850.79
1960     35     31922.33
1960     36     27710.58
1960     37     24094.39
1960     38     20890.73
1960     39     16943.27
1960     40     11916.18
1960     41      6496.68
1960     42      3299.75
1960     43      2164.61
1960     44      1503.69
1960     45       935.69
1960     46       518.91
1960     47       277.07
1960     48       137.19
1960     49        66.06
1960     50        33.42
1960     51        16.65
1960     52         8.20
1960     53         4.04
1960     54         1.64
1960     55+        0.20
1961     12-        0.10
1961     13         6.50
1961     14       161.09
1961     15       974.94
1961     16      4714.51
1961     17     14535.88
1961     18     28880.23
1961     19     50645.86
1961     20     75853.29
1961     21     91665.07
1961     22     97943.02
1961     23     97773.54
1961     24     96536.34
1961     25     94819.54
1961     26     88950.74
1961     27     74198.21
1961     28     62309.93
1961     29     57986.56
1961     30     55056.12
1961     31     50557.77
1961     32     45015.46
1961     33     39485.63
1961     34     34892.14
1961     35     31674.84
1961     36     27663.28
1961     37     23405.47
1961     38     19969.29
1961     39     16751.38
1961     40     13166.93
1961     41      8676.93
1961     42      4392.14
1961     43      2035.54
1961     44      1224.52
1961     45       713.94
1961     46       401.88
1961     47       234.40
1961     48       117.38
1961     49        57.48
1961     50        28.43
1961     51        14.97
1961     52         7.83
1961     53         3.98
1961     54         1.65
1961     55+        0.20
1962     12-        0.10
1962     13         7.59
1962     14       171.20
1962     15      1176.50
1962     16      4013.57
1962     17     14056.06
1962     18     30604.29
1962     19     46588.76
1962     20     66606.89
1962     21     89517.19
1962     22    103078.03
1962     23    104874.14
1962     24    100078.89
1962     25     95920.68
1962     26     91181.86
1962     27     82677.66
1962     28     68051.62
1962     29     56193.99
1962     30     52006.02
1962     31     48351.92
1962     32     44034.54
1962     33     38916.56
1962     34     33706.31
1962     35     29382.28
1962     36     26307.75
1962     37     22552.85
1962     38     18539.16
1962     39     15273.33
1962     40     12323.31
1962     41      9303.17
1962     42      5921.63
1962     43      2757.50
1962     44      1159.43
1962     45       538.69
1962     46       274.28
1962     47       177.81
1962     48       102.11
1962     49        52.20
1962     50        26.67
1962     51        13.84
1962     52         7.62
1962     53         4.07
1962     54         1.72
1962     55+        0.21
1963     12-        0.10
1963     13         7.16
1963     14       172.32
1963     15      1202.91
1963     16      5145.37
1963     17     12839.19
1963     18     29911.62
1963     19     50351.03
1963     20     62845.58
1963     21     81275.69
1963     22    102528.42
1963     23    111060.43
1963     24    109355.02
1963     25    101649.64
1963     26     94610.87
1963     27     87764.58
1963     28     78379.33
1963     29     63795.53
1963     30     52043.19
1963     31     47431.10
1963     32     43946.94
1963     33     39506.14
1963     34     34454.73
1963     35     29805.11
1963     36     25632.20
1963     37     22390.98
1963     38     18717.70
1963     39     14987.81
1963     40     11969.08
1963     41      9122.36
1963     42      6276.73
1963     43      3703.42
1963     44      1642.50
1963     45       543.39
1963     46       217.00
1963     47       127.05
1963     48        81.94
1963     49        48.17
1963     50        25.60
1963     51        13.65
1963     52         7.34
1963     53         4.08
1963     54         1.78
1963     55+        0.22
1964     12-        0.10
1964     13         7.15
1964     14       174.04
1964     15      1262.10
1964     16      5293.52
1964     17     15885.61
1964     18     26605.73
1964     19     46957.30
1964     20     66085.09
1964     21     74484.96
1964     22     89683.10
1964     23    107993.71
1964     24    112833.26
1964     25    107699.62
1964     26     97677.45
1964     27     88715.97
1964     28     80870.39
1964     29     71585.28
1964     30     57595.44
1964     31     46510.18
1964     32     42170.52
1964     33     38848.66
1964     34     34545.61
1964     35     29875.80
1964     36     25469.04
1964     37     21578.54
1964     38     18273.96
1964     39     14738.39
1964     40     11448.44
1964     41      8618.23
1964     42      6295.78
1964     43      4070.03
1964     44      2165.39
1964     45       776.58
1964     46       229.65
1964     47       113.10
1964     48        66.90
1964     49        44.20
1964     50        26.67
1964     51        14.50
1964     52         7.80
1964     53         4.13
1964     54         1.84
1964     55+        0.23
1965     12-        0.09
1965     13         6.68
1965     14       168.54
1965     15      1335.29
1965     16      5796.49
1965     17     16595.12
1965     18     32836.57
1965     19     41138.44
1965     20     59463.88
1965     21     76864.03
1965     22     81281.68
1965     23     92180.22
1965     24    107125.11
1965     25    109444.85
1965     26    101630.94
1965     27     89797.81
1965     28     79844.32
1965     29     71912.62
1965     30     62831.84
1965     31     49792.99
1965     32     39874.56
1965     33     35762.36
1965     34     32538.93
1965     35     28856.78
1965     36     24574.61
1965     37     20466.97
1965     38     16919.29
1965     39     14109.42
1965     40     11136.98
1965     41      8019.52
1965     42      5570.86
1965     43      3703.41
1965     44      2226.28
1965     45       991.57
1965     46       316.69
1965     47       120.19
1965     48        60.69
1965     49        36.59
1965     50        24.36
1965     51        14.66
1965     52         7.83
1965     53         4.06
1965     54         1.70
1965     55+        0.21
1966     12-        0.09
1966     13         6.39
1966     14       160.39
1966     15      1311.65
1966     16      6144.36
1966     17     18248.52
1966     18     34677.16
1966     19     52330.19
1966     20     53690.76
1966     21     69087.59
1966     22     84340.45
1966     23     85471.01
1966     24     93998.39
1966     25    105650.00
1966     26    104914.67
1966     27     95294.24
1966     28     82363.53
1966     29     72270.41
1966     30     64188.33
1966     31     55012.24
1966     32     43421.69
1966     33     34519.72
1966     34     30455.04
1966     35     27655.30
1966     36     24162.35
1966     37     20084.68
1966     38     16291.22
1966     39     12863.47
1966     40     10096.21
1966     41      7479.03
1966     42      5104.93
1966     43      3298.83
1966     44      2044.75
1966     45       990.93
1966     46       395.65
1966     47       151.57
1966     48        57.10
1966     49        28.87
1966     50        17.44
1966     51        11.62
1966     52         6.95
1966     53         3.62
1966     54         1.52
1966     55+        0.18
1967     12-        0.09
1967     13         6.53
1967     14       162.37
1967     15      1252.01
1967     16      5873.54
1967     17     18807.41
1967     18     37556.16
1967     19     53789.33
1967     20     66058.25
1967     21     61068.64
1967     22     73090.31
1967     23     84813.52
1967     24     83275.88
1967     25     88859.26
1967     26     97242.83
1967     27     94235.90
1967     28     84257.04
1967     29     72045.79
1967     30     62287.28
1967     31     54306.51
1967     32     46263.08
1967     33     36455.78
1967     34     28782.11
1967     35     25310.84
1967     36     22377.50
1967     37     19126.19
1967     38     15599.68
1967     39     12176.16
1967     40      9235.39
1967     41      6735.53
1967     42      4666.31
1967     43      3027.95
1967     44      1868.13
1967     45       925.07
1967     46       409.16
1967     47       197.59
1967     48        72.15
1967     49        26.73
1967     50        13.49
1967     51         8.20
1967     52         5.49
1967     53         3.25
1967     54         1.39
1967     55+        0.17
1968     12-        0.10
1968     13         7.30
1968     14       176.06
1968     15      1300.03
1968     16      5961.02
1968     17     19083.57
1968     18     39041.76
1968     19     57594.40
1968     20     67072.03
1968     21     72971.94
1968     22     61746.26
1968     23     69900.91
1968     24     79350.45
1968     25     76617.30
1968     26     80438.29
1968     27     86252.24
1968     28     82359.41
1968     29     72495.67
1968     30     60958.02
1968     31     52293.30
1968     32     45199.69
1968     33     38421.10
1968     34     30398.56
1968     35     23925.66
1968     36     20715.25
1968     37     17961.24
1968     38     15115.13
1968     39     11901.28
1968     40      8829.40
1968     41      6312.08
1968     42      4432.56
1968     43      2876.69
1968     44      1712.65
1968     45       810.54
1968     46       371.42
1968     47       207.18
1968     48        95.62
1968     49        34.47
1968     50        12.79
1968     51         6.53
1968     52         4.00
1968     53         2.67
1968     54         1.30
1968     55+        0.16
1969     12-        0.10
1969     13         7.22
1969     14       182.56
1969     15      1360.77
1969     16      6343.36
1969     17     20093.86
1969     18     40313.01
1969     19     60062.52
1969     20     70015.36
1969     21     70253.96
1969     22     70024.70
1969     23     56270.03
1969     24     62924.02
1969     25     71582.87
1969     26     67738.38
1969     27     69346.52
1969     28     73510.63
1969     29     69576.68
1969     30     60735.79
1969     31     50710.62
1969     32     43247.13
1969     33     37359.19
1969     34     31695.08
1969     35     24813.23
1969     36     19120.66
1969     37     16389.00
1969     38     13965.40
1969     39     11006.38
1969     40      8219.70
1969     41      5935.83
1969     42      3999.38
1969     43      2596.62
1969     44      1556.08
1969     45       726.13
1969     46       326.38
1969     47       185.63
1969     48        98.21
1969     49        44.63
1969     50        16.10
1969     51         6.05
1969     52         3.13
1969     53         1.92
1969     54         1.04
1969     55+        0.15
1970     12-        0.10
1970     13         8.30
1970     14       212.37
1970     15      1588.87
1970     16      6899.13
1970     17     20502.43
1970     18     40354.90
1970     19     59199.55
1970     20     69114.80
1970     21     70345.69
1970     22     65802.61
1970     23     62878.26
1970     24     49888.59
1970     25     55091.14
1970     26     61052.88
1970     27     56880.57
1970     28     57639.48
1970     29     60201.40
1970     30     56201.16
1970     31     48327.94
1970     32     39814.32
1970     33     33776.85
1970     34     29299.66
1970     35     24704.80
1970     36     19211.95
1970     37     14835.53
1970     38     12234.73
1970     39      9874.18
1970     40      7630.80
1970     41      5491.80
1970     42      3688.17
1970     43      2271.89
1970     44      1355.67
1970     45       676.98
1970     46       317.76
1970     47       178.57
1970     48        96.80
1970     49        50.17
1970     50        22.58
1970     51         8.11
1970     52         3.04
1970     53         1.55
1970     54         0.76
1970     55+        0.11
1971     12-        0.11
1971     13         9.72
1971     14       254.98
1971     15      1846.20
1971     16      7702.28
1971     17     21687.91
1971     18     40484.07
1971     19     57560.07
1971     20     67843.85
1971     21     72354.87
1971     22     69723.44
1971     23     63187.09
1971     24     60059.40
1971     25     47509.76
1971     26     50873.44
1971     27     54997.62
1971     28     50418.98
1971     29     49985.65
1971     30     51086.68
1971     31     46357.33
1971     32     39597.21
1971     33     32795.74
1971     34     27489.24
1971     35     23615.57
1971     36     19745.93
1971     37     15078.81
1971     38     11377.57
1971     39      9070.53
1971     40      7106.87
1971     41      5271.37
1971     42      3608.99
1971     43      2243.11
1971     44      1253.07
1971     45       611.62
1971     46       280.79
1971     47       149.67
1971     48        78.07
1971     49        41.32
1971     50        21.50
1971     51         9.88
1971     52         3.65
1971     53         1.38
1971     54         0.59
1971     55+        0.08
1972     12-        0.11
1972     13        10.11
1972     14       271.96
1972     15      1926.81
1972     16      7499.51
1972     17     20157.49
1972     18     35980.11
1972     19     50892.47
1972     20     60007.27
1972     21     64233.61
1972     22     65853.36
1972     23     62528.74
1972     24     56263.85
1972     25     52285.17
1972     26     40441.83
1972     27     42441.97
1972     28     45270.73
1972     29     40752.39
1972     30     38985.41
1972     31     38971.38
1972     32     35356.95
1972     33     29855.30
1972     34     24305.33
1972     35     20232.70
1972     36     17164.72
1972     37     13964.01
1972     38     10526.48
1972     39      7802.77
1972     40      6011.36
1972     41      4462.07
1972     42      3115.51
1972     43      1914.75
1972     44      1086.23
1972     45       537.67
1972     46       260.86
1972     47       142.16
1972     48        71.29
1972     49        36.35
1972     50        19.17
1972     51        10.06
1972     52         4.66
1972     53         1.72
1972     54         0.54
1972     55+        0.06
1973     12-        0.11
1973     13        10.49
1973     14       277.33
1973     15      1888.89
1973     16      6811.77
1973     17     17553.06
1973     18     31995.07
1973     19     45082.94
1973     20     53659.70
1973     21     58367.92
1973     22     60842.65
1973     23     61111.23
1973     24     57106.12
1973     25     50557.55
1973     26     46137.29
1973     27     34886.02
1973     28     35387.41
1973     29     36721.03
1973     30     32375.11
1973     31     30303.78
1973     32     29434.28
1973     33     26333.67
1973     34     22226.27
1973     35     17964.28
1973     36     14827.87
1973     37     12123.09
1973     38      9733.73
1973     39      7234.39
1973     40      5044.77
1973     41      3715.91
1973     42      2650.94
1973     43      1726.34
1973     44       970.79
1973     45       457.80
1973     46       211.22
1973     47       116.90
1973     48        60.32
1973     49        29.88
1973     50        15.41
1973     51         8.34
1973     52         4.49
1973     53         2.10
1973     54         0.65
1973     55+        0.06
1974     12-        0.09
1974     13         8.43
1974     14       227.07
1974     15      1689.95
1974     16      6506.91
1974     17     16737.86
1974     18     30285.64
1974     19     43554.24
1974     20     52086.50
1974     21     57242.57
1974     22     60232.54
1974     23     62202.35
1974     24     61521.48
1974     25     56245.32
1974     26     48464.41
1974     27     43264.04
1974     28     32023.21
1974     29     31488.46
1974     30     31901.97
1974     31     27484.37
1974     32     25124.26
1974     33     24357.58
1974     34     21308.29
1974     35     17321.93
1974     36     13741.62
1974     37     10963.84
1974     38      8819.81
1974     39      6929.16
1974     40      4932.67
1974     41      3315.09
1974     42      2309.09
1974     43      1498.84
1974     44       871.44
1974     45       418.70
1974     46       198.71
1974     47       106.07
1974     48        56.62
1974     49        29.11
1974     50        14.60
1974     51         7.69
1974     52         4.23
1974     53         2.29
1974     54         0.89
1974     55+        0.09
1975     12-        0.09
1975     13         8.25
1975     14       214.85
1975     15      1563.99
1975     16      5672.22
1975     17     14560.25
1975     18     27615.01
1975     19     40661.03
1975     20     49246.06
1975     21     54668.57
1975     22     59101.21
1975     23     60736.74
1975     24     61348.87
1975     25     59542.62
1975     26     52798.08
1975     27     44400.57
1975     28     38701.35
1975     29     28285.39
1975     30     27450.10
1975     31     26702.77
1975     32     22682.12
1975     33     20573.88
1975     34     19219.31
1975     35     16481.64
1975     36     13226.31
1975     37     10123.01
1975     38      7939.56
1975     39      6241.69
1975     40      4625.49
1975     41      3149.42
1975     42      2001.22
1975     43      1271.84
1975     44       756.35
1975     45       375.08
1975     46       173.39
1975     47        92.27
1975     48        47.44
1975     49        25.27
1975     50        13.19
1975     51         6.79
1975     52         3.66
1975     53         2.02
1975     54         0.90
1975     55+        0.11
1976     12-        0.09
1976     13         7.47
1976     14       197.30
1976     15      1468.85
1976     16      5488.94
1976     17     13931.30
1976     18     26524.91
1976     19     40378.00
1976     20     49809.13
1976     21     55910.45
1976     22     59998.15
1976     23     63159.70
1976     24     63416.24
1976     25     61394.57
1976     26     57979.64
1976     27     50379.37
1976     28     41425.95
1976     29     35487.10
1976     30     25075.44
1976     31     23653.26
1976     32     23006.62
1976     33     19118.89
1976     34     16771.13
1976     35     15405.39
1976     36     12862.57
1976     37     10124.26
1976     38      7780.95
1976     39      5795.42
1976     40      4266.92
1976     41      3035.27
1976     42      1932.20
1976     43      1175.55
1976     44       693.99
1976     45       335.74
1976     46       162.31
1976     47        87.06
1976     48        45.12
1976     49        23.23
1976     50        12.54
1976     51         6.67
1976     52         3.49
1976     53         1.87
1976     54         0.84
1976     55+        0.11
1977     12-        0.08
1977     13         6.92
1977     14       176.13
1977     15      1313.37
1977     16      5126.32
1977     17     13641.66
1977     18     26004.26
1977     19     38989.16
1977     20     49231.03
1977     21     56286.79
1977     22     60809.52
1977     23     63731.72
1977     24     64909.11
1977     25     62988.42
1977     26     59565.18
1977     27     54425.52
1977     28     46393.60
1977     29     37236.66
1977     30     30864.61
1977     31     21437.84
1977     32     19618.86
1977     33     18638.73
1977     34     15437.06
1977     35     13213.51
1977     36     11890.12
1977     37      9835.89
1977     38      7454.22
1977     39      5405.12
1977     40      3882.30
1977     41      2725.36
1977     42      1839.68
1977     43      1127.50
1977     44       629.58
1977     45       320.43
1977     46       157.42
1977     47        88.04
1977     48        45.62
1977     49        23.50
1977     50        12.17
1977     51         6.65
1977     52         3.57
1977     53         1.84
1977     54         0.81
1977     55+        0.10
1978     12-        0.08
1978     13         6.47
1978     14       165.10
1978     15      1228.80
1978     16      4761.96
1978     17     13196.45
1978     18     26487.00
1978     19     39695.43
1978     20     48674.35
1978     21     55690.84
1978     22     60952.73
1978     23     63562.48
1978     24     63981.55
1978     25     63466.14
1978     26     59985.52
1978     27     54851.04
1978     28     49452.81
1978     29     41559.23
1978     30     32424.05
1978     31     26097.62
1978     32     17985.66
1978     33     16271.55
1978     34     15048.04
1978     35     12083.80
1978     36     10137.06
1978     37      8863.07
1978     38      7067.67
1978     39      5224.29
1978     40      3545.48
1978     41      2398.48
1978     42      1652.97
1978     43       984.46
1978     44       549.15
1978     45       274.07
1978     46       131.74
1978     47        75.49
1978     48        41.36
1978     49        21.59
1978     50        11.35
1978     51         6.04
1978     52         3.36
1978     53         1.81
1978     54         0.76
1978     55+        0.09
1979     12-        0.09
1979     13         7.84
1979     14       193.62
1979     15      1245.75
1979     16      4599.52
1979     17     12616.07
1979     18     25649.62
1979     19     40759.54
1979     20     50105.55
1979     21     55258.04
1979     22     60290.23
1979     23     63421.77
1979     24     64311.04
1979     25     63064.17
1979     26     60164.52
1979     27     55690.97
1979     28     50203.54
1979     29     44420.14
1979     30     36468.94
1979     31     27842.75
1979     32     22085.77
1979     33     14940.13
1979     34     13370.59
1979     35     12074.93
1979     36      9497.62
1979     37      7769.87
1979     38      6668.48
1979     39      5140.14
1979     40      3596.47
1979     41      2333.48
1979     42      1436.60
1979     43       893.63
1979     44       519.35
1979     45       263.80
1979     46       134.47
1979     47        79.71
1979     48        45.90
1979     49        25.37
1979     50        13.32
1979     51         7.01
1979     52         3.69
1979     53         2.00
1979     54         0.86
1979     55+        0.11
1980     12-        0.08
1980     13         7.55
1980     14       188.12
1980     15      1313.27
1980     16      4741.27
1980     17     12698.57
1980     18     26627.86
1980     19     43231.71
1980     20     54850.82
1980     21     60378.52
1980     22     63141.08
1980     23     66225.16
1980     24     67319.81
1980     25     66462.84
1980     26     62994.19
1980     27     58421.54
1980     28     52673.92
1980     29     46368.21
1980     30     40104.88
1980     31     32205.17
1980     32     24296.86
1980     33     18995.15
1980     34     12824.10
1980     35     11312.76
1980     36      9999.44
1980     37      7737.38
1980     38      6086.98
1980     39      4965.30
1980     40      3650.50
1980     41      2423.36
1980     42      1530.54
1980     43       900.90
1980     44       514.17
1980     45       279.20
1980     46       145.15
1980     47        77.06
1980     48        43.74
1980     49        24.65
1980     50        13.51
1980     51         7.08
1980     52         3.71
1980     53         1.93
1980     54         0.85
1980     55+        0.11
1981     12-        0.07
1981     13         5.99
1981     14       152.25
1981     15      1119.29
1981     16      4214.34
1981     17     11505.24
1981     18     24737.34
1981     19     41237.09
1981     20     53430.32
1981     21     60531.57
1981     22     64017.06
1981     23     65015.60
1981     24     66581.92
1981     25     66123.02
1981     26     62741.66
1981     27     57723.90
1981     28     52611.54
1981     29     46612.29
1981     30     40201.07
1981     31     34274.02
1981     32     27131.14
1981     33     20006.92
1981     34     15690.69
1981     35     10349.73
1981     36      8795.40
1981     37      7593.17
1981     38      5682.54
1981     39      4437.21
1981     40      3527.31
1981     41      2485.36
1981     42      1569.39
1981     43       892.01
1981     44       501.72
1981     45       281.18
1981     46       152.42
1981     47        81.34
1981     48        40.14
1981     49        21.94
1981     50        12.14
1981     51         6.62
1981     52         3.46
1981     53         1.79
1981     54         0.75
1981     55+        0.10
1982     12-        0.07
1982     13         6.19
1982     14       152.80
1982     15      1031.44
1982     16      3698.93
1982     17     10513.95
1982     18     23198.07
1982     19     39059.27
1982     20     51725.44
1982     21     59836.95
1982     22     64791.79
1982     23     66632.60
1982     24     66681.67
1982     25     66228.84
1982     26     63059.55
1982     27     58387.06
1982     28     52736.90
1982     29     47092.23
1982     30     40507.64
1982     31     33980.89
1982     32     28285.73
1982     33     21854.05
1982     34     16174.12
1982     35     12388.40
1982     36      7965.55
1982     37      6724.61
1982     38      5676.67
1982     39      4140.02
1982     40      3021.31
1982     41      2270.38
1982     42      1530.85
1982     43       891.08
1982     44       503.29
1982     45       254.70
1982     46       127.52
1982     47        72.01
1982     48        35.61
1982     49        17.05
1982     50         9.32
1982     51         5.25
1982     52         2.93
1982     53         1.54
1982     54         0.66
1982     55+        0.08
1983     12-        0.06
1983     13         5.86
1983     14       138.11
1983     15       843.51
1983     16      2980.31
1983     17      8616.01
1983     18     19767.21
1983     19     35093.90
1983     20     47335.39
1983     21     55530.27
1983     22     62136.21
1983     23     65911.26
1983     24     66546.71
1983     25     64649.41
1983     26     61693.83
1983     27     56711.96
1983     28     51154.21
1983     29     45283.96
1983     30     39279.65
1983     31     32970.07
1983     32     27385.68
1983     33     22393.77
1983     34     17186.39
1983     35     12449.84
1983     36      9346.64
1983     37      5943.47
1983     38      4746.91
1983     39      3879.08
1983     40      2758.56
1983     41      1953.95
1983     42      1389.51
1983     43       861.40
1983     44       489.11
1983     45       241.34
1983     46       118.18
1983     47        68.69
1983     48        36.79
1983     49        17.83
1983     50         8.50
1983     51         4.66
1983     52         2.63
1983     53         1.45
1983     54         0.62
1983     55+        0.08
1984     12-        0.06
1984     13         5.18
1984     14       124.59
1984     15       808.62
1984     16      2763.01
1984     17      7544.92
1984     18     17402.20
1984     19     31595.03
1984     20     43660.95
1984     21     52002.67
1984     22     58643.03
1984     23     63614.15
1984     24     66123.43
1984     25     65622.34
1984     26     61733.12
1984     27     57316.69
1984     28     51579.32
1984     29     45484.34
1984     30     39569.40
1984     31     33418.56
1984     32     27311.74
1984     33     22255.56
1984     34     18119.43
1984     35     13784.81
1984     36      9760.78
1984     37      7063.16
1984     38      4304.53
1984     39      3366.14
1984     40      2689.07
1984     41      1776.04
1984     42      1159.44
1984     43       774.20
1984     44       458.91
1984     45       225.77
1984     46       104.81
1984     47        59.42
1984     48        32.73
1984     49        17.27
1984     50         8.38
1984     51         4.04
1984     52         2.25
1984     53         1.26
1984     54         0.57
1984     55+        0.07
1985     12-        0.05
1985     13         5.56
1985     14       129.90
1985     15       777.27
1985     16      2547.81
1985     17      6924.29
1985     18     15833.73
1985     19     28375.03
1985     20     39908.31
1985     21     49287.28
1985     22     56675.40
1985     23     62520.11
1985     24     66633.03
1985     25     67401.93
1985     26     64551.17
1985     27     58715.63
1985     28     53038.68
1985     29     46975.01
1985     30     40789.31
1985     31     34295.86
1985     32     28364.65
1985     33     23079.33
1985     34     18656.89
1985     35     14883.61
1985     36     10866.62
1985     37      7390.74
1985     38      5196.39
1985     39      3095.07
1985     40      2358.99
1985     41      1800.87
1985     42      1129.09
1985     43       700.32
1985     44       443.95
1985     45       221.77
1985     46       105.29
1985     47        58.50
1985     48        31.44
1985     49        17.00
1985     50         8.93
1985     51         4.36
1985     52         2.11
1985     53         1.15
1985     54         0.53
1985     55+        0.07
1986     12-        0.05
1986     13         4.62
1986     14       117.12
1986     15       715.98
1986     16      2387.34
1986     17      6478.79
1986     18     14599.36
1986     19     26610.41
1986     20     37760.01
1986     21     47366.52
1986     22     56597.73
1986     23     63268.81
1986     24     68664.98
1986     25     71492.61
1986     26     69308.69
1986     27     64469.82
1986     28     57505.96
1986     29     51126.01
1986     30     44222.35
1986     31     37305.41
1986     32     30727.21
1986     33     24756.91
1986     34     19877.40
1986     35     15675.43
1986     36     12197.56
1986     37      8744.73
1986     38      5761.69
1986     39      4012.38
1986     40      2247.27
1986     41      1624.24
1986     42      1139.99
1986     43       666.19
1986     44       375.55
1986     45       188.99
1986     46       103.83
1986     47        61.05
1986     48        32.78
1986     49        17.51
1986     50         9.49
1986     51         5.02
1986     52         2.45
1986     53         1.16
1986     54         0.52
1986     55+        0.07
1987     12-        0.05
1987     13         4.46
1987     14       105.44
1987     15       701.57
1987     16      2346.17
1987     17      6185.04
1987     18     13858.75
1987     19     25007.52
1987     20     35855.62
1987     21     45305.26
1987     22     54394.28
1987     23     63395.65
1987     24     69395.51
1987     25     72014.15
1987     26     71819.93
1987     27     68151.35
1987     28     61586.41
1987     29     53687.04
1987     30     46728.30
1987     31     39477.51
1987     32     32600.29
1987     33     26403.94
1987     34     21462.63
1987     35     16786.57
1987     36     12878.56
1987     37      9704.91
1987     38      6707.70
1987     39      4341.42
1987     40      2936.72
1987     41      1610.36
1987     42      1053.82
1987     43       656.12
1987     44       359.96
1987     45       195.43
1987     46       110.29
1987     47        66.46
1987     48        35.83
1987     49        18.44
1987     50         9.67
1987     51         5.22
1987     52         2.76
1987     53         1.33
1987     54         0.51
1987     55+        0.06
1988     12-        0.06
1988     13         5.57
1988     14       127.20
1988     15       733.55
1988     16      2375.06
1988     17      6103.77
1988     18     13366.90
1988     19     24108.83
1988     20     33884.31
1988     21     42963.76
1988     22     52367.51
1988     23     61598.94
1988     24     70139.60
1988     25     74864.61
1988     26     74890.17
1988     27     71523.04
1988     28     65583.20
1988     29     58427.65
1988     30     50194.46
1988     31     42557.22
1988     32     34930.51
1988     33     28170.69
1988     34     22655.86
1988     35     17826.40
1988     36     13474.75
1988     37     10119.01
1988     38      7486.98
1988     39      5039.57
1988     40      3099.98
1988     41      1963.10
1988     42      1017.16
1988     43       608.29
1988     44       376.00
1988     45       180.76
1988     46        93.09
1988     47        61.36
1988     48        35.19
1988     49        18.82
1988     50         9.79
1988     51         5.24
1988     52         2.88
1988     53         1.52
1988     54         0.60
1988     55+        0.07
1989     12-        0.05
1989     13         4.71
1989     14       111.08
1989     15       665.08
1989     16      1970.97
1989     17      4950.73
1989     18     10864.00
1989     19     20132.82
1989     20     30223.94
1989     21     38614.72
1989     22     47234.17
1989     23     57228.45
1989     24     66445.18
1989     25     73938.48
1989     26     75637.07
1989     27     72541.28
1989     28     68005.75
1989     29     60889.60
1989     30     52704.83
1989     31     43818.07
1989     32     36396.80
1989     33     29422.02
1989     34     23332.40
1989     35     18565.22
1989     36     14443.80
1989     37     10799.30
1989     38      7664.95
1989     39      5474.05
1989     40      3644.54
1989     41      2081.72
1989     42      1242.60
1989     43       625.79
1989     44       349.78
1989     45       190.16
1989     46        99.14
1989     47        61.16
1989     48        38.99
1989     49        22.07
1989     50        11.72
1989     51         6.07
1989     52         3.21
1989     53         1.71
1989     54         0.72
1989     55+        0.09
1990     12-        0.41
1990     13        45.23
1990     14       230.74
1990     15       659.60
1990     16      2190.94
1990     17      5472.54
1990     18     12607.52
1990     19     22258.44
1990     20     31224.20
1990     21     39200.63
1990     22     46777.75
1990     23     55779.52
1990     24     65063.63
1990     25     72377.63
1990     26     76118.26
1990     27     74854.35
1990     28     70460.76
1990     29     64032.63
1990     30     56070.79
1990     31     47235.30
1990     32     38584.54
1990     33     31431.39
1990     34     25095.70
1990     35     19563.76
1990     36     14526.33
1990     37     10973.12
1990     38      8010.35
1990     39      5690.92
1990     40      3941.46
1990     41      2375.60
1990     42      1313.44
1990     43       745.12
1990     44       353.91
1990     45       182.80
1990     46        96.35
1990     47        59.69
1990     48        42.12
1990     49        16.22
1990     50         5.09
1990     51         3.07
1990     52         1.72
1990     53         0.95
1990     54         0.42
1990     55+        0.05
1991     12-        2.95
1991     13        37.51
1991     14       156.21
1991     15       730.59
1991     16      2270.92
1991     17      5323.28
1991     18     10880.10
1991     19     19453.09
1991     20     27122.93
1991     21     33059.59
1991     22     39407.78
1991     23     46028.57
1991     24     53848.78
1991     25     61872.78
1991     26     67481.87
1991     27     69357.64
1991     28     66492.57
1991     29     61375.42
1991     30     55021.46
1991     31     46793.30
1991     32     38691.54
1991     33     31020.15
1991     34     24905.50
1991     35     19494.83
1991     36     14959.91
1991     37     11087.18
1991     38      7996.08
1991     39      5672.29
1991     40      3943.76
1991     41      2556.44
1991     42      1456.19
1991     43       763.15
1991     44       380.06
1991     45       161.74
1991     46        80.15
1991     47        44.07
1991     48        32.21
1991     49        23.51
1991     50        14.97
1991     51         9.25
1991     52         5.01
1991     53         2.52
1991     54         1.04
1991     55+        0.13
1992     12-        2.91
1992     13        44.90
1992     14       175.13
1992     15       729.90
1992     16      2183.77
1992     17      5059.48
1992     18      9958.71
1992     19     16163.30
1992     20     23719.56
1992     21     29959.04
1992     22     35545.21
1992     23     42456.22
1992     24     49513.55
1992     25     57200.17
1992     26     63716.13
1992     27     67120.35
1992     28     66915.40
1992     29     62549.12
1992     30     56191.46
1992     31     49067.59
1992     32     40546.61
1992     33     32727.87
1992     34     26077.16
1992     35     20424.34
1992     36     15464.53
1992     37     11458.41
1992     38      8313.67
1992     39      5969.53
1992     40      4047.27
1992     41      2564.28
1992     42      1593.90
1992     43       861.62
1992     44       400.26
1992     45       183.55
1992     46        77.88
1992     47        42.07
1992     48        28.24
1992     49        21.36
1992     50        16.26
1992     51        11.64
1992     52         6.72
1992     53         3.41
1992     54         1.36
1992     55+        0.16
1993     12-        0.86
1993     13        32.52
1993     14       197.70
1993     15       695.59
1993     16      1965.63
1993     17      4507.14
1993     18      8769.51
1993     19     14327.76
1993     20     20051.11
1993     21     26742.77
1993     22     32534.60
1993     23     38631.41
1993     24     46919.62
1993     25     54729.94
1993     26     61371.46
1993     27     66219.94
1993     28     66920.02
1993     29     65142.75
1993     30     59535.51
1993     31     50660.73
1993     32     42470.75
1993     33     34764.92
1993     34     27646.24
1993     35     21271.96
1993     36     16176.38
1993     37     11802.99
1993     38      8450.68
1993     39      5976.89
1993     40      4024.06
1993     41      2552.03
1993     42      1590.06
1993     43       900.13
1993     44       457.64
1993     45       204.11
1993     46        93.34
1993     47        35.00
1993     48        19.58
1993     49        19.51
1993     50        13.78
1993     51         9.34
1993     52         6.10
1993     53         3.35
1993     54         1.39
1993     55+        0.17
1994     12-        1.81
1994     13        33.03
1994     14       172.36
1994     15       714.26
1994     16      1971.56
1994     17      4200.52
1994     18      7828.54
1994     19     12907.21
1994     20     18132.34
1994     21     23158.96
1994     22     29707.10
1994     23     35602.76
1994     24     41881.20
1994     25     49900.06
1994     26     56615.51
1994     27     61874.43
1994     28     64724.72
1994     29     64118.60
1994     30     59713.16
1994     31     51802.41
1994     32     43609.37
1994     33     35956.67
1994     34     28556.15
1994     35     22095.78
1994     36     16629.11
1994     37     12337.74
1994     38      8860.65
1994     39      6238.26
1994     40      4162.99
1994     41      2673.58
1994     42      1592.55
1994     43       915.22
1994     44       486.34
1994     45       231.82
1994     46        96.24
1994     47        34.59
1994     48        16.63
1994     49        15.14
1994     50        13.91
1994     51         9.05
1994     52         5.57
1994     53         3.39
1994     54         1.50
1994     55+        0.18
1995     12-        2.59
1995     13        38.67
1995     14       162.85
1995     15       677.59
1995     16      1915.77
1995     17      4081.39
1995     18      7572.37
1995     19     12149.40
1995     20     16976.35
1995     21     21737.09
1995     22     26279.52
1995     23     32986.53
1995     24     39570.36
1995     25     46449.47
1995     26     54123.29
1995     27     59972.44
1995     28     63919.96
1995     29     64179.35
1995     30     60578.79
1995     31     54693.87
1995     32     46557.57
1995     33     38041.98
1995     34     30837.50
1995     35     24141.04
1995     36     17951.74
1995     37     13048.22
1995     38      9557.96
1995     39      6541.95
1995     40      4293.37
1995     41      2722.26
1995     42      1634.03
1995     43       901.39
1995     44       498.37
1995     45       242.18
1995     46        91.04
1995     47        34.47
1995     48        16.96
1995     49        12.20
1995     50        11.10
1995     51         8.54
1995     52         5.00
1995     53         2.89
1995     54         1.43
1995     55+        0.19
1996     12-        2.48
1996     13        49.15
1996     14       206.57
1996     15       768.17
1996     16      2056.21
1996     17      4228.35
1996     18      7907.00
1996     19     12575.63
1996     20     17277.52
1996     21     22142.69
1996     22     26818.12
1996     23     31510.05
1996     24     39113.30
1996     25     46531.42
1996     26     53191.61
1996     27     60092.52
1996     28     64900.22
1996     29     66558.73
1996     30     64272.63
1996     31     58637.29
1996     32     51001.12
1996     33     41890.90
1996     34     33562.62
1996     35     26748.37
1996     36     20216.25
1996     37     14641.52
1996     38     10355.33
1996     39      7325.84
1996     40      4833.22
1996     41      2984.88
1996     42      1732.13
1996     43       968.14
1996     44       500.11
1996     45       223.03
1996     46       106.04
1996     47        39.27
1996     48        16.35
1996     49        11.89
1996     50         6.09
1996     51         4.35
1996     52         3.10
1996     53         1.79
1996     54         0.86
1996     55+        0.12
1997     12-        1.63
1997     13        33.91
1997     14       176.36
1997     15       698.15
1997     16      2060.24
1997     17      4458.96
1997     18      8013.98
1997     19     12742.61
1997     20     17288.30
1997     21     21869.52
1997     22     26363.62
1997     23     30688.54
1997     24     36063.72
1997     25     44582.90
1997     26     51722.06
1997     27     57959.87
1997     28     64034.82
1997     29     66832.17
1997     30     66317.34
1997     31     61752.27
1997     32     53945.93
1997     33     45641.19
1997     34     37399.72
1997     35     29584.90
1997     36     22651.93
1997     37     16598.94
1997     38     11837.30
1997     39      8065.82
1997     40      5369.46
1997     41      3365.95
1997     42      1986.55
1997     43      1049.13
1997     44       522.58
1997     45       243.24
1997     46       122.69
1997     47        64.87
1997     48        20.63
1997     49        11.58
1997     50        12.23
1997     51         7.51
1997     52         5.07
1997     53         3.24
1997     54         1.38
1997     55+        0.17
1998     12-        0.07
1998     13         7.20
1998     14       156.18
1998     15       772.41
1998     16      1995.21
1998     17      4578.49
1998     18      8378.37
1998     19     12908.46
1998     20     17709.95
1998     21     21679.34
1998     22     25472.02
1998     23     29532.89
1998     24     33913.57
1998     25     39123.66
1998     26     47098.76
1998     27     53025.92
1998     28     57903.40
1998     29     62852.83
1998     30     63140.00
1998     31     59807.96
1998     32     53958.56
1998     33     46309.78
1998     34     38723.47
1998     35     30918.45
1998     36     23529.25
1998     37     17405.86
1998     38     12349.69
1998     39      8555.32
1998     40      5612.63
1998     41      3463.23
1998     42      1996.26
1998     43      1091.05
1998     44       571.65
1998     45       258.34
1998     46       102.69
1998     47        59.83
1998     48        31.82
1998     49        14.13
1998     50        10.99
1998     51         7.29
1998     52         3.56
1998     53         2.16
1998     54         1.11
1998     55+        0.14
1999     12-        0.08
1999     13         6.90
1999     14       154.37
1999     15       777.22
1999     16      2045.15
1999     17      4547.64
1999     18      8621.92
1999     19     13346.85
1999     20     17536.31
1999     21     21902.33
1999     22     25604.53
1999     23     28730.67
1999     24     32895.94
1999     25     37653.11
1999     26     42089.12
1999     27     49385.99
1999     28     54833.72
1999     29     58009.39
1999     30     60350.51
1999     31     58925.73
1999     32     53882.03
1999     33     47149.78
1999     34     39867.16
1999     35     32547.05
1999     36     24927.34
1999     37     18133.17
1999     38     13233.18
1999     39      9326.62
1999     40      6042.89
1999     41      3766.14
1999     42      2259.98
1999     43      1175.24
1999     44       540.51
1999     45       245.12
1999     46       102.07
1999     47        52.61
1999     48        36.20
1999     49        18.30
1999     50        10.02
1999     51         5.69
1999     52         3.19
1999     53         1.44
1999     54         0.70
1999     55+        0.10
2000     12-        0.18
2000     13        18.10
2000     14       199.93
2000     15       764.05
2000     16      2040.47
2000     17      4596.83
2000     18      8755.20
2000     19     14051.89
2000     20     18425.24
2000     21     22024.60
2000     22     26020.17
2000     23     29268.62
2000     24     32683.79
2000     25     37042.45
2000     26     40806.29
2000     27     44718.51
2000     28     51761.00
2000     29     55670.61
2000     30     56879.81
2000     31     57325.22
2000     32     53985.20
2000     33     48253.06
2000     34     41307.62
2000     35     33684.21
2000     36     26545.50
2000     37     19827.24
2000     38     14417.36
2000     39     10295.05
2000     40      6764.31
2000     41      4069.37
2000     42      2391.18
2000     43      1307.90
2000     44       612.11
2000     45       281.73
2000     46       107.62
2000     47        41.12
2000     48        23.79
2000     49        16.44
2000     50         8.69
2000     51         3.30
2000     52         1.82
2000     53         1.00
2000     54         0.37
2000     55+        0.05
2001     12-        0.24
2001     13        26.83
2001     14       250.58
2001     15       841.93
2001     16      2249.90
2001     17      4656.47
2001     18      8686.75
2001     19     13724.40
2001     20     18432.42
2001     21     22218.87
2001     22     25188.43
2001     23     28824.08
2001     24     32057.54
2001     25     35131.60
2001     26     38359.44
2001     27     41293.65
2001     28     44647.70
2001     29     50760.94
2001     30     52774.27
2001     31     52167.82
2001     32     51010.54
2001     33     46833.81
2001     34     40834.11
2001     35     34023.29
2001     36     27020.10
2001     37     20711.92
2001     38     14986.21
2001     39     10440.85
2001     40      7051.15
2001     41      4270.70
2001     42      2471.03
2001     43      1305.48
2001     44       656.18
2001     45       315.83
2001     46       142.14
2001     47        47.89
2001     48        13.42
2001     49        11.29
2001     50        12.30
2001     51        10.88
2001     52         6.97
2001     53         3.49
2001     54         1.41
2001     55+        0.14
2002     12-        0.25
2002     13        28.71
2002     14       255.36
2002     15       876.56
2002     16      2327.15
2002     17      4668.63
2002     18      8069.18
2002     19     12829.62
2002     20     17499.57
2002     21     21872.16
2002     22     25153.15
2002     23     28123.47
2002     24     31834.82
2002     25     34959.18
2002     26     37402.38
2002     27     40150.57
2002     28     42879.03
2002     29     45270.70
2002     30     49899.09
2002     31     50289.34
2002     32     48071.20
2002     33     45813.51
2002     34     41154.66
2002     35     35046.67
2002     36     28268.80
2002     37     21523.15
2002     38     15856.61
2002     39     11345.75
2002     40      7608.05
2002     41      4700.17
2002     42      2682.94
2002     43      1483.32
2002     44       745.97
2002     45       316.71
2002     46       126.63
2002     47        55.04
2002     48        31.11
2002     49        14.02
2002     50         5.53
2002     51         4.84
2002     52         3.39
2002     53         2.02
2002     54         0.88
2002     55+        0.11
2003     12-        0.22
2003     13        23.87
2003     14       221.98
2003     15       809.19
2003     16      2240.89
2003     17      4460.64
2003     18      7807.18
2003     19     11942.05
2003     20     16409.33
2003     21     20937.40
2003     22     25095.06
2003     23     28018.13
2003     24     31192.10
2003     25     35380.69
2003     26     37998.25
2003     27     39901.28
2003     28     42061.85
2003     29     43715.79
2003     30     44986.39
2003     31     47812.03
2003     32     46793.93
2003     33     43609.01
2003     34     40686.88
2003     35     35650.94
2003     36     28941.43
2003     37     22368.17
2003     38     16695.27
2003     39     12051.57
2003     40      8062.25
2003     41      4962.89
2003     42      2920.40
2003     43      1576.55
2003     44       754.24
2003     45       347.72
2003     46       159.25
2003     47        65.89
2003     48        32.21
2003     49        12.76
2003     50         4.79
2003     51         4.39
2003     52         3.12
2003     53         1.98
2003     54         0.92
2003     55+        0.11
2004     12-        0.21
2004     13        25.30
2004     14       216.72
2004     15       770.66
2004     16      2099.69
2004     17      4267.37
2004     18      7436.83
2004     19     11453.26
2004     20     15381.97
2004     21     19924.76
2004     22     24076.08
2004     23     28488.99
2004     24     32233.46
2004     25     35131.85
2004     26     38740.50
2004     27     40868.72
2004     28     42350.00
2004     29     43593.10
2004     30     44076.68
2004     31     44151.36
2004     32     45875.17
2004     33     43783.53
2004     34     39728.53
2004     35     35842.57
2004     36     30038.01
2004     37     23569.43
2004     38     17883.80
2004     39     13110.58
2004     40      8795.80
2004     41      5369.49
2004     42      3121.66
2004     43      1688.94
2004     44       839.92
2004     45       391.15
2004     46       156.33
2004     47        71.66
2004     48        35.37
2004     49        12.24
2004     50         6.60
2004     51         5.84
2004     52         4.08
2004     53         2.49
2004     54         1.17
2004     55+        0.15
2005     12-        0.19
2005     13        20.11
2005     14       205.61
2005     15       732.47
2005     16      2009.96
2005     17      4058.78
2005     18      7210.39
2005     19     11360.72
2005     20     15216.89
2005     21     18563.91
2005     22     22687.40
2005     23     26924.26
2005     24     31439.06
2005     25     35146.99
2005     26     37794.28
2005     27     40599.50
2005     28     41942.20
2005     29     42608.97
2005     30     43086.59
2005     31     42439.00
2005     32     40948.55
2005     33     41457.54
2005     34     38364.87
2005     35     33897.74
2005     36     29331.92
2005     37     23720.70
2005     38     18481.36
2005     39     13630.21
2005     40      9185.15
2005     41      5741.23
2005     42      3428.76
2005     43      1876.30
2005     44       903.50
2005     45       410.73
2005     46       183.17
2005     47        93.91
2005     48        53.72
2005     49        16.57
2005     50         6.24
2005     51         6.46
2005     52         4.70
2005     53         2.89
2005     54         1.34
2005     55+        0.18
2006     12-        0.19
2006     13        20.60
2006     14       179.85
2006     15       696.35
2006     16      1904.23
2006     17      3788.33
2006     18      6913.31
2006     19     11096.56
2006     20     14594.28
2006     21     17887.25
2006     22     21193.67
2006     23     25500.73
2006     24     30068.30
2006     25     34930.08
2006     26     38015.96
2006     27     39852.89
2006     28     42420.89
2006     29     43350.49
2006     30     43012.85
2006     31     41738.89
2006     32     39660.55
2006     33     37195.48
2006     34     36620.86
2006     35     33314.72
2006     36     28240.36
2006     37     23678.02
2006     38     18917.52
2006     39     14206.68
2006     40      9840.26
2006     41      6214.70
2006     42      3744.66
2006     43      2048.76
2006     44      1025.13
2006     45       492.49
2006     46       200.05
2006     47        69.36
2006     48        35.56
2006     49        22.04
2006     50        11.50
2006     51         9.01
2006     52         5.76
2006     53         3.22
2006     54         1.42
2006     55+        0.18
2007     12-        0.19
2007     13        20.04
2007     14       186.63
2007     15       641.40
2007     16      1757.89
2007     17      3615.75
2007     18      6687.65
2007     19     10756.82
2007     20     14419.87
2007     21     17449.61
2007     22     20818.47
2007     23     24195.22
2007     24     29011.26
2007     25     34233.24
2007     26     39087.86
2007     27     41834.90
2007     28     43244.88
2007     29     45417.48
2007     30     45361.11
2007     31     43362.85
2007     32     41201.42
2007     33     38465.85
2007     34     35334.08
2007     35     33954.54
2007     36     29575.61
2007     37     24027.22
2007     38     19492.16
2007     39     14987.80
2007     40     10602.23
2007     41      6827.20
2007     42      3979.21
2007     43      2212.29
2007     44      1130.27
2007     45       505.85
2007     46       227.18
2007     47       118.05
2007     48        55.81
2007     49        26.89
2007     50        16.47
2007     51         9.14
2007     52         5.32
2007     53         2.87
2007     54         1.24
2007     55+        0.16
2008     12-        0.17
2008     13        17.34
2008     14       168.02
2008     15       628.09
2008     16      1693.75
2008     17      3515.58
2008     18      6251.54
2008     19     10200.93
2008     20     13985.46
2008     21     17019.47
2008     22     19838.18
2008     23     23352.11
2008     24     27396.48
2008     25     32837.39
2008     26     37810.13
2008     27     42228.78
2008     28     44477.14
2008     29     45287.22
2008     30     46502.83
2008     31     45172.80
2008     32     42171.86
2008     33     38822.75
2008     34     35324.54
2008     35     31861.65
2008     36     29104.09
2008     37     24326.85
2008     38     19487.41
2008     39     15503.12
2008     40     11251.18
2008     41      7250.74
2008     42      4320.83
2008     43      2385.81
2008     44      1240.91
2008     45       587.56
2008     46       253.83
2008     47       114.58
2008     48        57.41
2008     49        30.39
2008     50        16.34
2008     51         9.14
2008     52         5.32
2008     53         2.87
2008     54         1.25
2008     55+        0.16
2009     12-        0.17
2009     13        15.63
2009     14       134.29
2009     15       517.06
2009     16      1481.61
2009     17      2987.38
2009     18      5754.91
2009     19      9339.88
2009     20     12813.89
2009     21     16165.31
2009     22     19213.49
2009     23     22228.53
2009     24     26306.19
2009     25     30770.34
2009     26     35991.56
2009     27     40353.28
2009     28     44162.76
2009     29     45891.04
2009     30     45732.66
2009     31     45368.25
2009     32     42691.19
2009     33     39058.52
2009     34     35004.33
2009     35     30829.75
2009     36     26656.61
2009     37     23567.94
2009     38     19241.11
2009     39     14883.37
2009     40     11157.26
2009     41      7361.47
2009     42      4416.67
2009     43      2518.17
2009     44      1321.35
2009     45       625.10
2009     46       265.45
2009     47       130.57
2009     48        73.22
2009     49        39.97
2009     50        25.01
2009     51        15.51
2009     52         8.81
2009     53         4.39
2009     54         1.77
2009     55+        0.22
2010     12-        0.17
2010     13        16.47
2010     14       131.65
2010     15       488.93
2010     16      1404.38
2010     17      2867.87
2010     18      5293.15
2010     19      8914.61
2010     20     12268.53
2010     21     15633.23
2010     22     19014.65
2010     23     22417.95
2010     24     26235.89
2010     25     30917.33
2010     26     35241.63
2010     27     40443.40
2010     28     44713.84
2010     29     47973.38
2010     30     48658.47
2010     31     46847.84
2010     32     45042.00
2010     33     41370.58
2010     34     36794.68
2010     35     32194.60
2010     36     27310.34
2010     37     22515.22
2010     38     19293.79
2010     39     15385.43
2010     40     11215.29
2010     41      7557.43
2010     42      4562.81
2010     43      2524.02
2010     44      1365.56
2010     45       685.39
2010     46       317.29
2010     47       137.73
2010     48        71.03
2010     49        48.77
2010     50        31.34
2010     51        20.95
2010     52        11.49
2010     53         5.52
2010     54         2.12
2010     55+        0.25
2011     12-        0.15
2011     13        14.64
2011     14       145.34
2011     15       494.75
2011     16      1255.19
2011     17      2553.88
2011     18      4799.53
2011     19      7804.91
2011     20     11296.56
2011     21     14472.43
2011     22     17495.73
2011     23     21240.70
2011     24     25450.99
2011     25     29608.79
2011     26     33841.89
2011     27     38100.13
2011     28     43240.28
2011     29     46676.58
2011     30     49010.96
2011     31     48246.14
2011     32     44694.35
2011     33     41682.68
2011     34     37517.72
2011     35     32525.01
2011     36     27458.31
2011     37     22193.91
2011     38     17755.28
2011     39     14915.05
2011     40     11066.62
2011     41      7245.53
2011     42      4549.88
2011     43      2603.62
2011     44      1390.70
2011     45       680.76
2011     46       293.56
2011     47       142.77
2011     48        82.63
2011     49        50.70
2011     50        35.91
2011     51        26.40
2011     52        14.72
2011     53         6.60
2011     54         2.44
2011     55+        0.29
2012     12-        0.15
2012     13        15.01
2012     14       137.11
2012     15       490.03
2012     16      1261.69
2012     17      2493.27
2012     18      4495.19
2012     19      7554.03
2012     20     10577.07
2012     21     13871.83
2012     22     17115.37
2012     23     20918.96
2012     24     25462.81
2012     25     30404.60
2012     26     34579.17
2012     27     38667.20
2012     28     42312.31
2012     29     47027.29
2012     30     50170.78
2012     31     50486.31
2012     32     47513.38
2012     33     42981.04
2012     34     39154.22
2012     35     34173.92
2012     36     28449.00
2012     37     22819.69
2012     38     18021.65
2012     39     14112.40
2012     40     10883.53
2012     41      7311.32
2012     42      4545.33
2012     43      2649.66
2012     44      1411.51
2012     45       730.88
2012     46       345.83
2012     47       173.78
2012     48       103.48
2012     49        43.61
2012     50        25.95
2012     51        26.29
2012     52        16.48
2012     53         7.74
2012     54         2.77
2012     55+        0.33
2013     12-        0.13
2013     13        12.91
2013     14       137.07
2013     15       490.44
2013     16      1223.69
2013     17      2480.24
2013     18      4481.41
2013     19      6992.25
2013     20      9734.78
2013     21     12429.85
2013     22     16279.79
2013     23     20318.40
2013     24     24967.01
2013     25     30541.45
2013     26     35241.50
2013     27     38967.67
2013     28     43034.02
2013     29     46146.69
2013     30     49996.60
2013     31     51383.82
2013     32     49857.82
2013     33     45776.81
2013     34     40674.01
2013     35     35859.52
2013     36     29872.95
2013     37     24074.80
2013     38     18829.05
2013     39     14386.27
2013     40     10385.12
2013     41      7285.08
2013     42      4578.57
2013     43      2657.04
2013     44      1455.10
2013     45       718.31
2013     46       376.54
2013     47       182.04
2013     48        88.14
2013     49        61.07
2013     50        41.45
2013     51        26.18
2013     52        14.19
2013     53         6.51
2013     54         2.42
2013     55+        0.28
2014     12-        0.18
2014     13        19.03
2014     14       160.23
2014     15       505.71
2014     16      1300.71
2014     17      2630.03
2014     18      4415.29
2014     19      6875.54
2014     20      9416.16
2014     21     12154.65
2014     22     15272.83
2014     23     19948.62
2014     24     25123.88
2014     25     30957.65
2014     26     36693.75
2014     27     41422.79
2014     28     45292.64
2014     29     49122.75
2014     30     51698.88
2014     31     53877.17
2014     32     52803.75
2014     33     49719.95
2014     34     44566.12
2014     35     38137.30
2014     36     32271.23
2014     37     25993.77
2014     38     20336.40
2014     39     15459.32
2014     40     10940.53
2014     41      7250.88
2014     42      4808.31
2014     43      2746.42
2014     44      1414.59
2014     45       759.77
2014     46       383.22
2014     47       195.69
2014     48       102.52
2014     49        53.76
2014     50        40.07
2014     51        28.56
2014     52        15.88
2014     53         7.41
2014     54         2.75
2014     55+        0.33
2015     12-        0.19
2015     13        20.14
2015     14       174.05
2015     15       530.87
2015     16      1284.50
2015     17      2538.88
2015     18      4605.28
2015     19      7090.62
2015     20      9555.11
2015     21     12125.20
2015     22     15169.48
2015     23     18882.10
2015     24     24851.12
2015     25     31257.89
2015     26     37401.55
2015     27     43289.32
2015     28     48101.63
2015     29     50995.51
2015     30     53574.71
2015     31     54168.64
2015     32     54267.59
2015     33     51607.21
2015     34     47354.48
2015     35     41254.17
2015     36     33630.54
2015     37     27163.34
2015     38     21261.81
2015     39     16156.02
2015     40     11614.26
2015     41      7423.91
2015     42      4350.70
2015     43      2676.50
2015     44      1516.59
2015     45       778.53
2015     46       404.70
2015     47       204.11
2015     48       115.17
2015     49        71.09
2015     50        45.19
2015     51        32.72
2015     52        18.04
2015     53         8.17
2015     54         3.01
2015     55+        0.35
2016     12-        0.22
2016     13        22.46
2016     14       184.15
2016     15       583.59
2016     16      1457.56
2016     17      2913.22
2016     18      5366.17
2016     19      8539.65
2016     20     11034.62
2016     21     13723.22
2016     22     16406.22
2016     23     20028.25
2016     24     24738.67
2016     25     32082.70
2016     26     39411.03
2016     27     45912.81
2016     28     51809.87
2016     29     55721.14
2016     30     57541.04
2016     31     58204.89
2016     32     56229.22
2016     33     54312.24
2016     34     50374.27
2016     35     45255.82
2016     36     37780.43
2016     37     29557.53
2016     38     23401.30
2016     39     17790.00
2016     40     12489.36
2016     41      8049.33
2016     42      4912.46
2016     43      2807.22
2016     44      1553.56
2016     45       854.16
2016     46       457.30
2016     47       239.54
2016     48       140.35
2016     49        98.58
2016     50        71.33
2016     51        41.33
2016     52        21.27
2016     53         9.25
2016     54         3.29
2016     55+        0.38
2017     12-        0.17
2017     13        16.35
2017     14       141.53
2017     15       479.15
2017     16      1223.42
2017     17      2463.28
2017     18      4614.27
2017     19      7386.78
2017     20     10320.80
2017     21     12773.52
2017     22     15304.53
2017     23     18680.71
2017     24     23416.34
2017     25     29280.14
2017     26     37627.08
2017     27     44800.40
2017     28     51111.09
2017     29     56713.42
2017     30     59469.13
2017     31     59075.98
2017     32     57199.27
2017     33     53421.21
2017     34     49933.98
2017     35     45124.95
2017     36     38879.40
2017     37     31012.78
2017     38     23760.06
2017     39     18339.14
2017     40     12866.40
2017     41      8216.71
2017     42      4991.41
2017     43      2793.50
2017     44      1544.39
2017     45       881.28
2017     46       442.82
2017     47       222.40
2017     48       123.44
2017     49        87.22
2017     50        66.13
2017     51        42.89
2017     52        22.52
2017     53        10.03
2017     54         3.57
2017     55+        0.41
