Germany, Cumulative period fertility rates (Lexis squares)
Last modified: 04/02/2019
Year    Age     CPFR
1956    12     0.000
1956    13     0.000
1956    14     0.000
1956    15     0.000
1956    16     0.001
1956    17     0.007
1956    18     0.027
1956    19     0.072
1956    20     0.149
1956    21     0.252
1956    22     0.378
1956    23     0.519
1956    24     0.669
1956    25     0.820
1956    26     0.968
1956    27     1.110
1956    28     1.245
1956    29     1.373
1956    30     1.492
1956    31     1.599
1956    32     1.696
1956    33     1.785
1956    34     1.864
1956    35     1.933
1956    36     1.992
1956    37     2.044
1956    38     2.088
1956    39     2.124
1956    40     2.153
1956    41     2.176
1956    42     2.192
1956    43     2.204
1956    44     2.212
1956    45     2.216
1956    46     2.218
1956    47     2.219
1956    48     2.220
1956    49     2.220
1956    50     2.220
1956    51     2.220
1956    52     2.220
1956    53     2.220
1956    54     2.220
1956    55     2.220
1957    12     0.000
1957    13     0.000
1957    14     0.000
1957    15     0.000
1957    16     0.002
1957    17     0.008
1957    18     0.029
1957    19     0.075
1957    20     0.152
1957    21     0.257
1957    22     0.385
1957    23     0.529
1957    24     0.683
1957    25     0.841
1957    26     0.998
1957    27     1.147
1957    28     1.287
1957    29     1.418
1957    30     1.539
1957    31     1.649
1957    32     1.747
1957    33     1.836
1957    34     1.916
1957    35     1.987
1957    36     2.048
1957    37     2.099
1957    38     2.143
1957    39     2.179
1957    40     2.208
1957    41     2.231
1957    42     2.247
1957    43     2.258
1957    44     2.266
1957    45     2.270
1957    46     2.272
1957    47     2.273
1957    48     2.274
1957    49     2.274
1957    50     2.274
1957    51     2.274
1957    52     2.274
1957    53     2.274
1957    54     2.274
1957    55     2.274
1958    12     0.000
1958    13     0.000
1958    14     0.000
1958    15     0.000
1958    16     0.002
1958    17     0.008
1958    18     0.029
1958    19     0.075
1958    20     0.151
1958    21     0.254
1958    22     0.381
1958    23     0.525
1958    24     0.681
1958    25     0.840
1958    26     0.998
1958    27     1.150
1958    28     1.293
1958    29     1.425
1958    30     1.547
1958    31     1.657
1958    32     1.757
1958    33     1.845
1958    34     1.924
1958    35     1.994
1958    36     2.055
1958    37     2.106
1958    38     2.149
1958    39     2.184
1958    40     2.213
1958    41     2.234
1958    42     2.250
1958    43     2.261
1958    44     2.268
1958    45     2.272
1958    46     2.274
1958    47     2.275
1958    48     2.275
1958    49     2.276
1958    50     2.276
1958    51     2.276
1958    52     2.276
1958    53     2.276
1958    54     2.276
1958    55     2.276
1959    12     0.000
1959    13     0.000
1959    14     0.000
1959    15     0.000
1959    16     0.002
1959    17     0.009
1959    18     0.033
1959    19     0.084
1959    20     0.167
1959    21     0.277
1959    22     0.409
1959    23     0.560
1959    24     0.720
1959    25     0.886
1959    26     1.051
1959    27     1.211
1959    28     1.361
1959    29     1.499
1959    30     1.624
1959    31     1.737
1959    32     1.839
1959    33     1.929
1959    34     2.008
1959    35     2.078
1959    36     2.140
1959    37     2.193
1959    38     2.238
1959    39     2.274
1959    40     2.303
1959    41     2.326
1959    42     2.342
1959    43     2.353
1959    44     2.360
1959    45     2.364
1959    46     2.366
1959    47     2.367
1959    48     2.367
1959    49     2.368
1959    50     2.368
1959    51     2.368
1959    52     2.368
1959    53     2.368
1959    54     2.368
1959    55     2.368
1960    12     0.000
1960    13     0.000
1960    14     0.000
1960    15     0.000
1960    16     0.003
1960    17     0.011
1960    18     0.037
1960    19     0.091
1960    20     0.177
1960    21     0.288
1960    22     0.420
1960    23     0.569
1960    24     0.729
1960    25     0.894
1960    26     1.059
1960    27     1.218
1960    28     1.368
1960    29     1.506
1960    30     1.632
1960    31     1.745
1960    32     1.847
1960    33     1.937
1960    34     2.015
1960    35     2.084
1960    36     2.144
1960    37     2.197
1960    38     2.241
1960    39     2.277
1960    40     2.305
1960    41     2.327
1960    42     2.343
1960    43     2.354
1960    44     2.361
1960    45     2.365
1960    46     2.367
1960    47     2.367
1960    48     2.368
1960    49     2.368
1960    50     2.368
1960    51     2.368
1960    52     2.368
1960    53     2.368
1960    54     2.368
1960    55     2.368
1961    12     0.000
1961    13     0.000
1961    14     0.000
1961    15     0.000
1961    16     0.003
1961    17     0.014
1961    18     0.043
1961    19     0.101
1961    20     0.193
1961    21     0.314
1961    22     0.454
1961    23     0.611
1961    24     0.777
1961    25     0.946
1961    26     1.115
1961    27     1.277
1961    28     1.431
1961    29     1.574
1961    30     1.703
1961    31     1.818
1961    32     1.920
1961    33     2.011
1961    34     2.090
1961    35     2.160
1961    36     2.220
1961    37     2.272
1961    38     2.316
1961    39     2.353
1961    40     2.382
1961    41     2.403
1961    42     2.419
1961    43     2.431
1961    44     2.437
1961    45     2.441
1961    46     2.443
1961    47     2.444
1961    48     2.444
1961    49     2.444
1961    50     2.444
1961    51     2.444
1961    52     2.444
1961    53     2.444
1961    54     2.444
1961    55     2.444
1962    12     0.000
1962    13     0.000
1962    14     0.000
1962    15     0.000
1962    16     0.003
1962    17     0.014
1962    18     0.047
1962    19     0.109
1962    20     0.202
1962    21     0.324
1962    22     0.467
1962    23     0.627
1962    24     0.796
1962    25     0.967
1962    26     1.136
1962    27     1.297
1962    28     1.448
1962    29     1.589
1962    30     1.717
1962    31     1.832
1962    32     1.932
1962    33     2.021
1962    34     2.099
1962    35     2.166
1962    36     2.224
1962    37     2.274
1962    38     2.316
1962    39     2.351
1962    40     2.379
1962    41     2.400
1962    42     2.415
1962    43     2.426
1962    44     2.433
1962    45     2.437
1962    46     2.439
1962    47     2.440
1962    48     2.440
1962    49     2.440
1962    50     2.440
1962    51     2.440
1962    52     2.440
1962    53     2.440
1962    54     2.440
1962    55     2.440
1963    12     0.000
1963    13     0.000
1963    14     0.000
1963    15     0.000
1963    16     0.003
1963    17     0.015
1963    18     0.050
1963    19     0.120
1963    20     0.221
1963    21     0.346
1963    22     0.494
1963    23     0.657
1963    24     0.829
1963    25     1.004
1963    26     1.178
1963    27     1.343
1963    28     1.498
1963    29     1.641
1963    30     1.772
1963    31     1.890
1963    32     1.995
1963    33     2.086
1963    34     2.165
1963    35     2.234
1963    36     2.293
1963    37     2.344
1963    38     2.387
1963    39     2.422
1963    40     2.450
1963    41     2.472
1963    42     2.487
1963    43     2.498
1963    44     2.504
1963    45     2.509
1963    46     2.510
1963    47     2.511
1963    48     2.511
1963    49     2.512
1963    50     2.512
1963    51     2.512
1963    52     2.512
1963    53     2.512
1963    54     2.512
1963    55     2.512
1964    12     0.000
1964    13     0.000
1964    14     0.000
1964    15     0.000
1964    16     0.003
1964    17     0.015
1964    18     0.051
1964    19     0.124
1964    20     0.234
1964    21     0.365
1964    22     0.513
1964    23     0.676
1964    24     0.848
1964    25     1.022
1964    26     1.195
1964    27     1.361
1964    28     1.516
1964    29     1.659
1964    30     1.790
1964    31     1.909
1964    32     2.014
1964    33     2.107
1964    34     2.188
1964    35     2.257
1964    36     2.317
1964    37     2.368
1964    38     2.411
1964    39     2.445
1964    40     2.473
1964    41     2.495
1964    42     2.510
1964    43     2.521
1964    44     2.528
1964    45     2.532
1964    46     2.534
1964    47     2.535
1964    48     2.535
1964    49     2.535
1964    50     2.535
1964    51     2.535
1964    52     2.535
1964    53     2.535
1964    54     2.535
1964    55     2.535
1965    12     0.000
1965    13     0.000
1965    14     0.000
1965    15     0.000
1965    16     0.003
1965    17     0.015
1965    18     0.052
1965    19     0.127
1965    20     0.238
1965    21     0.376
1965    22     0.528
1965    23     0.689
1965    24     0.856
1965    25     1.026
1965    26     1.195
1965    27     1.358
1965    28     1.511
1965    29     1.651
1965    30     1.778
1965    31     1.892
1965    32     1.995
1965    33     2.086
1965    34     2.165
1965    35     2.232
1965    36     2.290
1965    37     2.339
1965    38     2.380
1965    39     2.414
1965    40     2.441
1965    41     2.462
1965    42     2.477
1965    43     2.487
1965    44     2.493
1965    45     2.497
1965    46     2.499
1965    47     2.500
1965    48     2.500
1965    49     2.500
1965    50     2.500
1965    51     2.501
1965    52     2.501
1965    53     2.501
1965    54     2.501
1965    55     2.501
1966    12     0.000
1966    13     0.000
1966    14     0.000
1966    15     0.000
1966    16     0.003
1966    17     0.015
1966    18     0.053
1966    19     0.129
1966    20     0.247
1966    21     0.391
1966    22     0.549
1966    23     0.715
1966    24     0.883
1966    25     1.052
1966    26     1.219
1966    27     1.381
1966    28     1.533
1966    29     1.673
1966    30     1.799
1966    31     1.912
1966    32     2.012
1966    33     2.102
1966    34     2.180
1966    35     2.247
1966    36     2.305
1966    37     2.353
1966    38     2.393
1966    39     2.426
1966    40     2.451
1966    41     2.470
1966    42     2.484
1966    43     2.494
1966    44     2.500
1966    45     2.503
1966    46     2.505
1966    47     2.506
1966    48     2.506
1966    49     2.506
1966    50     2.507
1966    51     2.507
1966    52     2.507
1966    53     2.507
1966    54     2.507
1966    55     2.507
1967    12     0.000
1967    13     0.000
1967    14     0.000
1967    15     0.000
1967    16     0.003
1967    17     0.014
1967    18     0.051
1967    19     0.128
1967    20     0.246
1967    21     0.394
1967    22     0.557
1967    23     0.724
1967    24     0.891
1967    25     1.055
1967    26     1.215
1967    27     1.369
1967    28     1.514
1967    29     1.649
1967    30     1.772
1967    31     1.881
1967    32     1.977
1967    33     2.061
1967    34     2.136
1967    35     2.202
1967    36     2.257
1967    37     2.304
1967    38     2.342
1967    39     2.373
1967    40     2.398
1967    41     2.416
1967    42     2.429
1967    43     2.438
1967    44     2.443
1967    45     2.447
1967    46     2.448
1967    47     2.449
1967    48     2.449
1967    49     2.450
1967    50     2.450
1967    51     2.450
1967    52     2.450
1967    53     2.450
1967    54     2.450
1967    55     2.450
1968    12     0.000
1968    13     0.000
1968    14     0.000
1968    15     0.000
1968    16     0.003
1968    17     0.015
1968    18     0.052
1968    19     0.128
1968    20     0.245
1968    21     0.392
1968    22     0.554
1968    23     0.718
1968    24     0.878
1968    25     1.034
1968    26     1.185
1968    27     1.330
1968    28     1.467
1968    29     1.594
1968    30     1.710
1968    31     1.814
1968    32     1.906
1968    33     1.985
1968    34     2.056
1968    35     2.119
1968    36     2.173
1968    37     2.219
1968    38     2.256
1968    39     2.286
1968    40     2.310
1968    41     2.328
1968    42     2.340
1968    43     2.349
1968    44     2.354
1968    45     2.357
1968    46     2.359
1968    47     2.359
1968    48     2.360
1968    49     2.360
1968    50     2.360
1968    51     2.360
1968    52     2.360
1968    53     2.360
1968    54     2.360
1968    55     2.360
1969    12     0.000
1969    13     0.000
1969    14     0.000
1969    15     0.000
1969    16     0.003
1969    17     0.015
1969    18     0.054
1969    19     0.132
1969    20     0.248
1969    21     0.387
1969    22     0.538
1969    23     0.691
1969    24     0.839
1969    25     0.981
1969    26     1.121
1969    27     1.254
1969    28     1.378
1969    29     1.494
1969    30     1.601
1969    31     1.698
1969    32     1.784
1969    33     1.859
1969    34     1.925
1969    35     1.983
1969    36     2.034
1969    37     2.077
1969    38     2.113
1969    39     2.142
1969    40     2.164
1969    41     2.180
1969    42     2.192
1969    43     2.200
1969    44     2.205
1969    45     2.208
1969    46     2.210
1969    47     2.210
1969    48     2.211
1969    49     2.211
1969    50     2.211
1969    51     2.211
1969    52     2.211
1969    53     2.211
1969    54     2.211
1969    55     2.211
1970    12     0.000
1970    13     0.000
1970    14     0.000
1970    15     0.000
1970    16     0.003
1970    17     0.017
1970    18     0.056
1970    19     0.134
1970    20     0.247
1970    21     0.378
1970    22     0.518
1970    23     0.659
1970    24     0.796
1970    25     0.927
1970    26     1.051
1970    27     1.170
1970    28     1.282
1970    29     1.385
1970    30     1.480
1970    31     1.566
1970    32     1.643
1970    33     1.710
1970    34     1.769
1970    35     1.820
1970    36     1.865
1970    37     1.905
1970    38     1.938
1970    39     1.965
1970    40     1.986
1970    41     2.001
1970    42     2.012
1970    43     2.019
1970    44     2.024
1970    45     2.026
1970    46     2.028
1970    47     2.028
1970    48     2.029
1970    49     2.029
1970    50     2.029
1970    51     2.029
1970    52     2.029
1970    53     2.029
1970    54     2.029
1970    55     2.029
1971    12     0.000
1971    13     0.000
1971    14     0.000
1971    15     0.000
1971    16     0.004
1971    17     0.019
1971    18     0.060
1971    19     0.138
1971    20     0.247
1971    21     0.375
1971    22     0.513
1971    23     0.651
1971    24     0.786
1971    25     0.917
1971    26     1.041
1971    27     1.157
1971    28     1.264
1971    29     1.363
1971    30     1.453
1971    31     1.533
1971    32     1.604
1971    33     1.667
1971    34     1.722
1971    35     1.769
1971    36     1.811
1971    37     1.846
1971    38     1.877
1971    39     1.903
1971    40     1.923
1971    41     1.938
1971    42     1.948
1971    43     1.955
1971    44     1.960
1971    45     1.962
1971    46     1.964
1971    47     1.964
1971    48     1.964
1971    49     1.965
1971    50     1.965
1971    51     1.965
1971    52     1.965
1971    53     1.965
1971    54     1.965
1971    55     1.965
1972    12     0.000
1972    13     0.000
1972    14     0.000
1972    15     0.001
1972    16     0.004
1972    17     0.018
1972    18     0.056
1972    19     0.124
1972    20     0.220
1972    21     0.332
1972    22     0.451
1972    23     0.575
1972    24     0.697
1972    25     0.815
1972    26     0.928
1972    27     1.033
1972    28     1.128
1972    29     1.216
1972    30     1.296
1972    31     1.366
1972    32     1.427
1972    33     1.480
1972    34     1.527
1972    35     1.568
1972    36     1.603
1972    37     1.633
1972    38     1.658
1972    39     1.680
1972    40     1.697
1972    41     1.711
1972    42     1.720
1972    43     1.726
1972    44     1.730
1972    45     1.732
1972    46     1.733
1972    47     1.734
1972    48     1.734
1972    49     1.734
1972    50     1.734
1972    51     1.734
1972    52     1.734
1972    53     1.734
1972    54     1.734
1972    55     1.734
1973    12     0.000
1973    13     0.000
1973    14     0.000
1973    15     0.000
1973    16     0.004
1973    17     0.016
1973    18     0.049
1973    19     0.108
1973    20     0.192
1973    21     0.291
1973    22     0.398
1973    23     0.510
1973    24     0.623
1973    25     0.733
1973    26     0.838
1973    27     0.937
1973    28     1.027
1973    29     1.106
1973    30     1.177
1973    31     1.240
1973    32     1.294
1973    33     1.339
1973    34     1.379
1973    35     1.414
1973    36     1.444
1973    37     1.470
1973    38     1.491
1973    39     1.509
1973    40     1.524
1973    41     1.535
1973    42     1.543
1973    43     1.549
1973    44     1.552
1973    45     1.554
1973    46     1.555
1973    47     1.555
1973    48     1.556
1973    49     1.556
1973    50     1.556
1973    51     1.556
1973    52     1.556
1973    53     1.556
1973    54     1.556
1973    55     1.556
1974    12     0.000
1974    13     0.000
1974    14     0.000
1974    15     0.000
1974    16     0.003
1974    17     0.015
1974    18     0.045
1974    19     0.101
1974    20     0.181
1974    21     0.276
1974    22     0.381
1974    23     0.490
1974    24     0.604
1974    25     0.717
1974    26     0.825
1974    27     0.925
1974    28     1.017
1974    29     1.099
1974    30     1.169
1974    31     1.231
1974    32     1.284
1974    33     1.329
1974    34     1.367
1974    35     1.399
1974    36     1.427
1974    37     1.450
1974    38     1.469
1974    39     1.484
1974    40     1.496
1974    41     1.507
1974    42     1.514
1974    43     1.519
1974    44     1.522
1974    45     1.524
1974    46     1.525
1974    47     1.525
1974    48     1.525
1974    49     1.526
1974    50     1.526
1974    51     1.526
1974    52     1.526
1974    53     1.526
1974    54     1.526
1974    55     1.526
1975    12     0.000
1975    13     0.000
1975    14     0.000
1975    15     0.000
1975    16     0.003
1975    17     0.013
1975    18     0.039
1975    19     0.089
1975    20     0.163
1975    21     0.253
1975    22     0.353
1975    23     0.461
1975    24     0.572
1975    25     0.684
1975    26     0.793
1975    27     0.895
1975    28     0.987
1975    29     1.070
1975    30     1.143
1975    31     1.204
1975    32     1.256
1975    33     1.300
1975    34     1.337
1975    35     1.367
1975    36     1.392
1975    37     1.413
1975    38     1.430
1975    39     1.443
1975    40     1.454
1975    41     1.463
1975    42     1.469
1975    43     1.474
1975    44     1.477
1975    45     1.478
1975    46     1.479
1975    47     1.479
1975    48     1.479
1975    49     1.479
1975    50     1.480
1975    51     1.480
1975    52     1.480
1975    53     1.480
1975    54     1.480
1975    55     1.480
1976    12     0.000
1976    13     0.000
1976    14     0.000
1976    15     0.000
1976    16     0.003
1976    17     0.012
1976    18     0.036
1976    19     0.083
1976    20     0.156
1976    21     0.247
1976    22     0.349
1976    23     0.459
1976    24     0.574
1976    25     0.690
1976    26     0.803
1976    27     0.910
1976    28     1.008
1976    29     1.094
1976    30     1.171
1976    31     1.236
1976    32     1.289
1976    33     1.334
1976    34     1.371
1976    35     1.401
1976    36     1.425
1976    37     1.445
1976    38     1.461
1976    39     1.474
1976    40     1.484
1976    41     1.492
1976    42     1.497
1976    43     1.501
1976    44     1.504
1976    45     1.505
1976    46     1.506
1976    47     1.506
1976    48     1.506
1976    49     1.507
1976    50     1.507
1976    51     1.507
1976    52     1.507
1976    53     1.507
1976    54     1.507
1976    55     1.507
1977    12     0.000
1977    13     0.000
1977    14     0.000
1977    15     0.000
1977    16     0.002
1977    17     0.011
1977    18     0.033
1977    19     0.078
1977    20     0.147
1977    21     0.235
1977    22     0.338
1977    23     0.449
1977    24     0.566
1977    25     0.684
1977    26     0.800
1977    27     0.910
1977    28     1.010
1977    29     1.100
1977    30     1.179
1977    31     1.245
1977    32     1.301
1977    33     1.345
1977    34     1.382
1977    35     1.412
1977    36     1.436
1977    37     1.454
1977    38     1.469
1977    39     1.481
1977    40     1.490
1977    41     1.497
1977    42     1.502
1977    43     1.505
1977    44     1.508
1977    45     1.509
1977    46     1.510
1977    47     1.510
1977    48     1.510
1977    49     1.510
1977    50     1.510
1977    51     1.510
1977    52     1.510
1977    53     1.510
1977    54     1.510
1977    55     1.510
1978    12     0.000
1978    13     0.000
1978    14     0.000
1978    15     0.000
1978    16     0.002
1978    17     0.010
1978    18     0.031
1978    19     0.075
1978    20     0.142
1978    21     0.228
1978    22     0.328
1978    23     0.439
1978    24     0.555
1978    25     0.671
1978    26     0.788
1978    27     0.898
1978    28     0.999
1978    29     1.090
1978    30     1.171
1978    31     1.239
1978    32     1.296
1978    33     1.343
1978    34     1.380
1978    35     1.409
1978    36     1.433
1978    37     1.451
1978    38     1.465
1978    39     1.476
1978    40     1.484
1978    41     1.490
1978    42     1.494
1978    43     1.497
1978    44     1.499
1978    45     1.500
1978    46     1.501
1978    47     1.501
1978    48     1.501
1978    49     1.501
1978    50     1.501
1978    51     1.501
1978    52     1.501
1978    53     1.501
1978    54     1.501
1978    55     1.501
1979    12     0.000
1979    13     0.000
1979    14     0.000
1979    15     0.000
1979    16     0.002
1979    17     0.009
1979    18     0.029
1979    19     0.070
1979    20     0.137
1979    21     0.222
1979    22     0.319
1979    23     0.427
1979    24     0.542
1979    25     0.658
1979    26     0.773
1979    27     0.883
1979    28     0.986
1979    29     1.078
1979    30     1.161
1979    31     1.231
1979    32     1.290
1979    33     1.338
1979    34     1.377
1979    35     1.407
1979    36     1.431
1979    37     1.450
1979    38     1.463
1979    39     1.474
1979    40     1.482
1979    41     1.488
1979    42     1.492
1979    43     1.494
1979    44     1.496
1979    45     1.497
1979    46     1.497
1979    47     1.497
1979    48     1.498
1979    49     1.498
1979    50     1.498
1979    51     1.498
1979    52     1.498
1979    53     1.498
1979    54     1.498
1979    55     1.498
1980    12     0.000
1980    13     0.000
1980    14     0.000
1980    15     0.000
1980    16     0.002
1980    17     0.010
1980    18     0.029
1980    19     0.071
1980    20     0.139
1980    21     0.229
1980    22     0.331
1980    23     0.441
1980    24     0.559
1980    25     0.680
1980    26     0.800
1980    27     0.915
1980    28     1.022
1980    29     1.118
1980    30     1.204
1980    31     1.278
1980    32     1.340
1980    33     1.392
1980    34     1.433
1980    35     1.466
1980    36     1.492
1980    37     1.511
1980    38     1.526
1980    39     1.537
1980    40     1.545
1980    41     1.551
1980    42     1.555
1980    43     1.557
1980    44     1.559
1980    45     1.560
1980    46     1.560
1980    47     1.560
1980    48     1.561
1980    49     1.561
1980    50     1.561
1980    51     1.561
1980    52     1.561
1980    53     1.561
1980    54     1.561
1980    55     1.561
1981    12     0.000
1981    13     0.000
1981    14     0.000
1981    15     0.000
1981    16     0.002
1981    17     0.008
1981    18     0.026
1981    19     0.064
1981    20     0.128
1981    21     0.212
1981    22     0.310
1981    23     0.418
1981    24     0.531
1981    25     0.649
1981    26     0.768
1981    27     0.881
1981    28     0.986
1981    29     1.082
1981    30     1.167
1981    31     1.241
1981    32     1.305
1981    33     1.357
1981    34     1.399
1981    35     1.433
1981    36     1.460
1981    37     1.480
1981    38     1.495
1981    39     1.506
1981    40     1.514
1981    41     1.520
1981    42     1.523
1981    43     1.526
1981    44     1.527
1981    45     1.528
1981    46     1.529
1981    47     1.529
1981    48     1.529
1981    49     1.529
1981    50     1.529
1981    51     1.529
1981    52     1.529
1981    53     1.529
1981    54     1.529
1981    55     1.529
1982    12     0.000
1982    13     0.000
1982    14     0.000
1982    15     0.000
1982    16     0.002
1982    17     0.008
1982    18     0.024
1982    19     0.059
1982    20     0.118
1982    21     0.198
1982    22     0.293
1982    23     0.398
1982    24     0.509
1982    25     0.625
1982    26     0.743
1982    27     0.856
1982    28     0.961
1982    29     1.057
1982    30     1.143
1982    31     1.217
1982    32     1.280
1982    33     1.332
1982    34     1.375
1982    35     1.409
1982    36     1.436
1982    37     1.457
1982    38     1.472
1982    39     1.483
1982    40     1.491
1982    41     1.497
1982    42     1.500
1982    43     1.502
1982    44     1.504
1982    45     1.505
1982    46     1.505
1982    47     1.505
1982    48     1.506
1982    49     1.506
1982    50     1.506
1982    51     1.506
1982    52     1.506
1982    53     1.506
1982    54     1.506
1982    55     1.506
1983    12     0.000
1983    13     0.000
1983    14     0.000
1983    15     0.000
1983    16     0.002
1983    17     0.006
1983    18     0.020
1983    19     0.050
1983    20     0.103
1983    21     0.175
1983    22     0.261
1983    23     0.359
1983    24     0.466
1983    25     0.577
1983    26     0.690
1983    27     0.799
1983    28     0.902
1983    29     0.994
1983    30     1.077
1983    31     1.148
1983    32     1.209
1983    33     1.260
1983    34     1.301
1983    35     1.335
1983    36     1.361
1983    37     1.381
1983    38     1.397
1983    39     1.408
1983    40     1.415
1983    41     1.421
1983    42     1.424
1983    43     1.426
1983    44     1.428
1983    45     1.429
1983    46     1.429
1983    47     1.429
1983    48     1.429
1983    49     1.429
1983    50     1.429
1983    51     1.429
1983    52     1.429
1983    53     1.429
1983    54     1.429
1983    55     1.429
1984    12     0.000
1984    13     0.000
1984    14     0.000
1984    15     0.000
1984    16     0.002
1984    17     0.006
1984    18     0.018
1984    19     0.045
1984    20     0.093
1984    21     0.159
1984    22     0.238
1984    23     0.329
1984    24     0.429
1984    25     0.537
1984    26     0.647
1984    27     0.755
1984    28     0.857
1984    29     0.950
1984    30     1.032
1984    31     1.104
1984    32     1.166
1984    33     1.216
1984    34     1.257
1984    35     1.291
1984    36     1.318
1984    37     1.339
1984    38     1.354
1984    39     1.366
1984    40     1.373
1984    41     1.379
1984    42     1.382
1984    43     1.384
1984    44     1.386
1984    45     1.386
1984    46     1.387
1984    47     1.387
1984    48     1.387
1984    49     1.387
1984    50     1.387
1984    51     1.387
1984    52     1.387
1984    53     1.387
1984    54     1.387
1984    55     1.387
1985    12     0.000
1985    13     0.000
1985    14     0.000
1985    15     0.000
1985    16     0.002
1985    17     0.006
1985    18     0.018
1985    19     0.043
1985    20     0.087
1985    21     0.147
1985    22     0.221
1985    23     0.307
1985    24     0.404
1985    25     0.509
1985    26     0.619
1985    27     0.727
1985    28     0.830
1985    29     0.924
1985    30     1.009
1985    31     1.083
1985    32     1.146
1985    33     1.198
1985    34     1.240
1985    35     1.275
1985    36     1.303
1985    37     1.324
1985    38     1.340
1985    39     1.352
1985    40     1.360
1985    41     1.365
1985    42     1.369
1985    43     1.371
1985    44     1.372
1985    45     1.373
1985    46     1.373
1985    47     1.373
1985    48     1.374
1985    49     1.374
1985    50     1.374
1985    51     1.374
1985    52     1.374
1985    53     1.374
1985    54     1.374
1985    55     1.374
1986    12     0.000
1986    13     0.000
1986    14     0.000
1986    15     0.000
1986    16     0.002
1986    17     0.006
1986    18     0.017
1986    19     0.042
1986    20     0.084
1986    21     0.142
1986    22     0.214
1986    23     0.298
1986    24     0.394
1986    25     0.500
1986    26     0.612
1986    27     0.725
1986    28     0.833
1986    29     0.933
1986    30     1.023
1986    31     1.103
1986    32     1.171
1986    33     1.227
1986    34     1.273
1986    35     1.309
1986    36     1.338
1986    37     1.361
1986    38     1.379
1986    39     1.391
1986    40     1.400
1986    41     1.406
1986    42     1.409
1986    43     1.412
1986    44     1.413
1986    45     1.414
1986    46     1.414
1986    47     1.414
1986    48     1.414
1986    49     1.414
1986    50     1.414
1986    51     1.414
1986    52     1.414
1986    53     1.414
1986    54     1.414
1986    55     1.414
1987    12     0.000
1987    13     0.000
1987    14     0.000
1987    15     0.000
1987    16     0.002
1987    17     0.006
1987    18     0.018
1987    19     0.042
1987    20     0.083
1987    21     0.139
1987    22     0.209
1987    23     0.291
1987    24     0.386
1987    25     0.491
1987    26     0.602
1987    27     0.715
1987    28     0.825
1987    29     0.928
1987    30     1.022
1987    31     1.104
1987    32     1.176
1987    33     1.235
1987    34     1.283
1987    35     1.323
1987    36     1.354
1987    37     1.378
1987    38     1.396
1987    39     1.409
1987    40     1.418
1987    41     1.424
1987    42     1.429
1987    43     1.431
1987    44     1.432
1987    45     1.433
1987    46     1.434
1987    47     1.434
1987    48     1.434
1987    49     1.434
1987    50     1.434
1987    51     1.434
1987    52     1.434
1987    53     1.434
1987    54     1.434
1987    55     1.434
1988    12     0.000
1988    13     0.000
1988    14     0.000
1988    15     0.000
1988    16     0.002
1988    17     0.007
1988    18     0.019
1988    19     0.044
1988    20     0.085
1988    21     0.140
1988    22     0.207
1988    23     0.287
1988    24     0.380
1988    25     0.484
1988    26     0.597
1988    27     0.713
1988    28     0.825
1988    29     0.931
1988    30     1.028
1988    31     1.115
1988    32     1.190
1988    33     1.253
1988    34     1.304
1988    35     1.346
1988    36     1.378
1988    37     1.403
1988    38     1.422
1988    39     1.436
1988    40     1.445
1988    41     1.452
1988    42     1.456
1988    43     1.459
1988    44     1.460
1988    45     1.461
1988    46     1.461
1988    47     1.462
1988    48     1.462
1988    49     1.462
1988    50     1.462
1988    51     1.462
1988    52     1.462
1988    53     1.462
1988    54     1.462
1988    55     1.462
1989    12     0.000
1989    13     0.000
1989    14     0.000
1989    15     0.000
1989    16     0.002
1989    17     0.007
1989    18     0.017
1989    19     0.039
1989    20     0.076
1989    21     0.126
1989    22     0.188
1989    23     0.261
1989    24     0.347
1989    25     0.446
1989    26     0.555
1989    27     0.668
1989    28     0.778
1989    29     0.884
1989    30     0.981
1989    31     1.068
1989    32     1.143
1989    33     1.207
1989    34     1.259
1989    35     1.301
1989    36     1.335
1989    37     1.362
1989    38     1.381
1989    39     1.395
1989    40     1.406
1989    41     1.413
1989    42     1.417
1989    43     1.420
1989    44     1.421
1989    45     1.422
1989    46     1.422
1989    47     1.423
1989    48     1.423
1989    49     1.423
1989    50     1.423
1989    51     1.423
1989    52     1.423
1989    53     1.423
1989    54     1.423
1989    55     1.423
1990    12     0.000
1990    13     0.000
1990    14     0.000
1990    15     0.001
1990    16     0.002
1990    17     0.008
1990    18     0.021
1990    19     0.048
1990    20     0.091
1990    21     0.147
1990    22     0.212
1990    23     0.285
1990    24     0.370
1990    25     0.467
1990    26     0.574
1990    27     0.685
1990    28     0.795
1990    29     0.902
1990    30     1.000
1990    31     1.089
1990    32     1.166
1990    33     1.232
1990    34     1.286
1990    35     1.331
1990    36     1.366
1990    37     1.392
1990    38     1.412
1990    39     1.426
1990    40     1.437
1990    41     1.444
1990    42     1.448
1990    43     1.451
1990    44     1.453
1990    45     1.454
1990    46     1.454
1990    47     1.454
1990    48     1.455
1990    49     1.455
1990    50     1.455
1990    51     1.455
1990    52     1.455
1990    53     1.455
1990    54     1.455
1990    55     1.455
1991    12     0.000
1991    13     0.000
1991    14     0.000
1991    15     0.000
1991    16     0.002
1991    17     0.008
1991    18     0.022
1991    19     0.048
1991    20     0.088
1991    21     0.139
1991    22     0.198
1991    23     0.262
1991    24     0.334
1991    25     0.415
1991    26     0.507
1991    27     0.605
1991    28     0.705
1991    29     0.803
1991    30     0.895
1991    31     0.979
1991    32     1.052
1991    33     1.115
1991    34     1.168
1991    35     1.210
1991    36     1.245
1991    37     1.271
1991    38     1.291
1991    39     1.306
1991    40     1.316
1991    41     1.323
1991    42     1.328
1991    43     1.330
1991    44     1.332
1991    45     1.333
1991    46     1.333
1991    47     1.333
1991    48     1.334
1991    49     1.334
1991    50     1.334
1991    51     1.334
1991    52     1.334
1991    53     1.334
1991    54     1.334
1991    55     1.334
1992    12     0.000
1992    13     0.000
1992    14     0.000
1992    15     0.001
1992    16     0.002
1992    17     0.008
1992    18     0.021
1992    19     0.046
1992    20     0.083
1992    21     0.131
1992    22     0.187
1992    23     0.249
1992    24     0.317
1992    25     0.393
1992    26     0.479
1992    27     0.572
1992    28     0.670
1992    29     0.765
1992    30     0.856
1992    31     0.940
1992    32     1.014
1992    33     1.077
1992    34     1.130
1992    35     1.174
1992    36     1.209
1992    37     1.236
1992    38     1.256
1992    39     1.271
1992    40     1.282
1992    41     1.289
1992    42     1.294
1992    43     1.296
1992    44     1.298
1992    45     1.299
1992    46     1.299
1992    47     1.300
1992    48     1.300
1992    49     1.300
1992    50     1.300
1992    51     1.300
1992    52     1.300
1992    53     1.300
1992    54     1.300
1992    55     1.300
1993    12     0.000
1993    13     0.000
1993    14     0.000
1993    15     0.001
1993    16     0.002
1993    17     0.007
1993    18     0.019
1993    19     0.041
1993    20     0.075
1993    21     0.121
1993    22     0.174
1993    23     0.233
1993    24     0.300
1993    25     0.375
1993    26     0.458
1993    27     0.549
1993    28     0.645
1993    29     0.741
1993    30     0.834
1993    31     0.920
1993    32     0.995
1993    33     1.059
1993    34     1.113
1993    35     1.157
1993    36     1.192
1993    37     1.220
1993    38     1.240
1993    39     1.255
1993    40     1.266
1993    41     1.273
1993    42     1.278
1993    43     1.280
1993    44     1.282
1993    45     1.283
1993    46     1.283
1993    47     1.284
1993    48     1.284
1993    49     1.284
1993    50     1.284
1993    51     1.284
1993    52     1.284
1993    53     1.284
1993    54     1.284
1993    55     1.284
1994    12     0.000
1994    13     0.000
1994    14     0.000
1994    15     0.000
1994    16     0.002
1994    17     0.007
1994    18     0.017
1994    19     0.037
1994    20     0.069
1994    21     0.112
1994    22     0.164
1994    23     0.222
1994    24     0.286
1994    25     0.358
1994    26     0.437
1994    27     0.523
1994    28     0.614
1994    29     0.708
1994    30     0.799
1994    31     0.884
1994    32     0.958
1994    33     1.022
1994    34     1.076
1994    35     1.120
1994    36     1.156
1994    37     1.183
1994    38     1.204
1994    39     1.219
1994    40     1.230
1994    41     1.238
1994    42     1.243
1994    43     1.245
1994    44     1.247
1994    45     1.248
1994    46     1.248
1994    47     1.249
1994    48     1.249
1994    49     1.249
1994    50     1.249
1994    51     1.249
1994    52     1.249
1994    53     1.249
1994    54     1.249
1994    55     1.249
1995    12     0.000
1995    13     0.000
1995    14     0.000
1995    15     0.000
1995    16     0.002
1995    17     0.007
1995    18     0.016
1995    19     0.035
1995    20     0.065
1995    21     0.106
1995    22     0.157
1995    23     0.215
1995    24     0.278
1995    25     0.349
1995    26     0.429
1995    27     0.514
1995    28     0.604
1995    29     0.698
1995    30     0.791
1995    31     0.877
1995    32     0.955
1995    33     1.021
1995    34     1.077
1995    35     1.123
1995    36     1.160
1995    37     1.189
1995    38     1.210
1995    39     1.226
1995    40     1.238
1995    41     1.245
1995    42     1.250
1995    43     1.253
1995    44     1.255
1995    45     1.255
1995    46     1.256
1995    47     1.256
1995    48     1.256
1995    49     1.256
1995    50     1.256
1995    51     1.256
1995    52     1.256
1995    53     1.256
1995    54     1.256
1995    55     1.256
1996    12     0.000
1996    13     0.000
1996    14     0.000
1996    15     0.001
1996    16     0.002
1996    17     0.007
1996    18     0.017
1996    19     0.036
1996    20     0.066
1996    21     0.108
1996    22     0.160
1996    23     0.222
1996    24     0.291
1996    25     0.366
1996    26     0.449
1996    27     0.539
1996    28     0.633
1996    29     0.731
1996    30     0.828
1996    31     0.921
1996    32     1.004
1996    33     1.076
1996    34     1.136
1996    35     1.185
1996    36     1.225
1996    37     1.256
1996    38     1.279
1996    39     1.296
1996    40     1.308
1996    41     1.317
1996    42     1.322
1996    43     1.325
1996    44     1.327
1996    45     1.328
1996    46     1.328
1996    47     1.328
1996    48     1.328
1996    49     1.328
1996    50     1.328
1996    51     1.328
1996    52     1.328
1996    53     1.328
1996    54     1.328
1996    55     1.328
1997    12     0.000
1997    13     0.000
1997    14     0.000
1997    15     0.000
1997    16     0.002
1997    17     0.007
1997    18     0.017
1997    19     0.036
1997    20     0.066
1997    21     0.106
1997    22     0.158
1997    23     0.220
1997    24     0.290
1997    25     0.368
1997    26     0.453
1997    27     0.545
1997    28     0.643
1997    29     0.744
1997    30     0.844
1997    31     0.941
1997    32     1.030
1997    33     1.107
1997    34     1.171
1997    35     1.224
1997    36     1.267
1997    37     1.301
1997    38     1.327
1997    39     1.345
1997    40     1.359
1997    41     1.368
1997    42     1.373
1997    43     1.377
1997    44     1.379
1997    45     1.380
1997    46     1.380
1997    47     1.380
1997    48     1.380
1997    49     1.381
1997    50     1.381
1997    51     1.381
1997    52     1.381
1997    53     1.381
1997    54     1.381
1997    55     1.381
1998    12     0.000
1998    13     0.000
1998    14     0.000
1998    15     0.000
1998    16     0.002
1998    17     0.007
1998    18     0.017
1998    19     0.036
1998    20     0.066
1998    21     0.107
1998    22     0.157
1998    23     0.217
1998    24     0.286
1998    25     0.363
1998    26     0.447
1998    27     0.537
1998    28     0.631
1998    29     0.729
1998    30     0.828
1998    31     0.923
1998    32     1.010
1998    33     1.088
1998    34     1.154
1998    35     1.209
1998    36     1.253
1998    37     1.287
1998    38     1.313
1998    39     1.332
1998    40     1.346
1998    41     1.355
1998    42     1.361
1998    43     1.364
1998    44     1.366
1998    45     1.367
1998    46     1.367
1998    47     1.368
1998    48     1.368
1998    49     1.368
1998    50     1.368
1998    51     1.368
1998    52     1.368
1998    53     1.368
1998    54     1.368
1998    55     1.368
1999    12     0.000
1999    13     0.000
1999    14     0.000
1999    15     0.000
1999    16     0.002
1999    17     0.007
1999    18     0.017
1999    19     0.036
1999    20     0.066
1999    21     0.106
1999    22     0.156
1999    23     0.215
1999    24     0.282
1999    25     0.358
1999    26     0.443
1999    27     0.533
1999    28     0.627
1999    29     0.724
1999    30     0.822
1999    31     0.917
1999    32     1.006
1999    33     1.085
1999    34     1.153
1999    35     1.210
1999    36     1.255
1999    37     1.291
1999    38     1.318
1999    39     1.337
1999    40     1.352
1999    41     1.361
1999    42     1.367
1999    43     1.371
1999    44     1.373
1999    45     1.374
1999    46     1.375
1999    47     1.375
1999    48     1.375
1999    49     1.375
1999    50     1.375
1999    51     1.375
1999    52     1.375
1999    53     1.375
1999    54     1.375
1999    55     1.375
2000    12     0.000
2000    13     0.000
2000    14     0.000
2000    15     0.000
2000    16     0.002
2000    17     0.007
2000    18     0.017
2000    19     0.037
2000    20     0.067
2000    21     0.108
2000    22     0.158
2000    23     0.217
2000    24     0.283
2000    25     0.358
2000    26     0.443
2000    27     0.534
2000    28     0.630
2000    29     0.728
2000    30     0.826
2000    31     0.922
2000    32     1.012
2000    33     1.093
2000    34     1.164
2000    35     1.224
2000    36     1.272
2000    37     1.309
2000    38     1.338
2000    39     1.359
2000    40     1.374
2000    41     1.384
2000    42     1.391
2000    43     1.395
2000    44     1.397
2000    45     1.398
2000    46     1.399
2000    47     1.399
2000    48     1.399
2000    49     1.399
2000    50     1.399
2000    51     1.399
2000    52     1.399
2000    53     1.399
2000    54     1.399
2000    55     1.399
2001    12     0.000
2001    13     0.000
2001    14     0.000
2001    15     0.001
2001    16     0.003
2001    17     0.008
2001    18     0.018
2001    19     0.038
2001    20     0.068
2001    21     0.107
2001    22     0.156
2001    23     0.212
2001    24     0.276
2001    25     0.347
2001    26     0.427
2001    27     0.514
2001    28     0.606
2001    29     0.701
2001    30     0.797
2001    31     0.890
2001    32     0.978
2001    33     1.058
2001    34     1.128
2001    35     1.188
2001    36     1.237
2001    37     1.276
2001    38     1.305
2001    39     1.326
2001    40     1.341
2001    41     1.352
2001    42     1.358
2001    43     1.362
2001    44     1.365
2001    45     1.366
2001    46     1.366
2001    47     1.366
2001    48     1.367
2001    49     1.367
2001    50     1.367
2001    51     1.367
2001    52     1.367
2001    53     1.367
2001    54     1.367
2001    55     1.367
2002    12     0.000
2002    13     0.000
2002    14     0.000
2002    15     0.001
2002    16     0.003
2002    17     0.008
2002    18     0.018
2002    19     0.037
2002    20     0.065
2002    21     0.103
2002    22     0.149
2002    23     0.203
2002    24     0.265
2002    25     0.334
2002    26     0.411
2002    27     0.495
2002    28     0.586
2002    29     0.681
2002    30     0.776
2002    31     0.870
2002    32     0.959
2002    33     1.039
2002    34     1.111
2002    35     1.173
2002    36     1.224
2002    37     1.265
2002    38     1.296
2002    39     1.318
2002    40     1.334
2002    41     1.345
2002    42     1.352
2002    43     1.356
2002    44     1.359
2002    45     1.360
2002    46     1.361
2002    47     1.361
2002    48     1.361
2002    49     1.361
2002    50     1.361
2002    51     1.361
2002    52     1.361
2002    53     1.361
2002    54     1.361
2002    55     1.361
2003    12     0.000
2003    13     0.000
2003    14     0.000
2003    15     0.001
2003    16     0.002
2003    17     0.007
2003    18     0.017
2003    19     0.035
2003    20     0.062
2003    21     0.097
2003    22     0.142
2003    23     0.194
2003    24     0.253
2003    25     0.321
2003    26     0.397
2003    27     0.481
2003    28     0.570
2003    29     0.664
2003    30     0.761
2003    31     0.855
2003    32     0.945
2003    33     1.027
2003    34     1.101
2003    35     1.164
2003    36     1.218
2003    37     1.260
2003    38     1.293
2003    39     1.316
2003    40     1.333
2003    41     1.345
2003    42     1.352
2003    43     1.357
2003    44     1.359
2003    45     1.360
2003    46     1.361
2003    47     1.361
2003    48     1.361
2003    49     1.361
2003    50     1.361
2003    51     1.361
2003    52     1.361
2003    53     1.361
2003    54     1.361
2003    55     1.361
2004    12     0.000
2004    13     0.000
2004    14     0.000
2004    15     0.001
2004    16     0.002
2004    17     0.007
2004    18     0.016
2004    19     0.033
2004    20     0.058
2004    21     0.093
2004    22     0.135
2004    23     0.186
2004    24     0.244
2004    25     0.312
2004    26     0.387
2004    27     0.471
2004    28     0.560
2004    29     0.655
2004    30     0.752
2004    31     0.848
2004    32     0.941
2004    33     1.027
2004    34     1.105
2004    35     1.171
2004    36     1.227
2004    37     1.273
2004    38     1.307
2004    39     1.333
2004    40     1.352
2004    41     1.364
2004    42     1.372
2004    43     1.376
2004    44     1.379
2004    45     1.380
2004    46     1.381
2004    47     1.381
2004    48     1.381
2004    49     1.381
2004    50     1.381
2004    51     1.381
2004    52     1.381
2004    53     1.381
2004    54     1.381
2004    55     1.381
2005    12     0.000
2005    13     0.000
2005    14     0.000
2005    15     0.001
2005    16     0.002
2005    17     0.006
2005    18     0.015
2005    19     0.031
2005    20     0.056
2005    21     0.090
2005    22     0.130
2005    23     0.178
2005    24     0.234
2005    25     0.298
2005    26     0.371
2005    27     0.453
2005    28     0.540
2005    29     0.631
2005    30     0.726
2005    31     0.822
2005    32     0.915
2005    33     1.001
2005    34     1.079
2005    35     1.146
2005    36     1.203
2005    37     1.249
2005    38     1.285
2005    39     1.312
2005    40     1.332
2005    41     1.345
2005    42     1.353
2005    43     1.358
2005    44     1.361
2005    45     1.362
2005    46     1.363
2005    47     1.363
2005    48     1.363
2005    49     1.363
2005    50     1.363
2005    51     1.363
2005    52     1.363
2005    53     1.363
2005    54     1.363
2005    55     1.363
2006    12     0.000
2006    13     0.000
2006    14     0.000
2006    15     0.000
2006    16     0.002
2006    17     0.006
2006    18     0.014
2006    19     0.029
2006    20     0.053
2006    21     0.085
2006    22     0.124
2006    23     0.170
2006    24     0.224
2006    25     0.286
2006    26     0.357
2006    27     0.436
2006    28     0.521
2006    29     0.612
2006    30     0.706
2006    31     0.802
2006    32     0.895
2006    33     0.982
2006    34     1.060
2006    35     1.129
2006    36     1.188
2006    37     1.235
2006    38     1.273
2006    39     1.301
2006    40     1.322
2006    41     1.336
2006    42     1.345
2006    43     1.350
2006    44     1.353
2006    45     1.355
2006    46     1.356
2006    47     1.356
2006    48     1.356
2006    49     1.356
2006    50     1.356
2006    51     1.356
2006    52     1.356
2006    53     1.356
2006    54     1.356
2006    55     1.356
2007    12     0.000
2007    13     0.000
2007    14     0.000
2007    15     0.001
2007    16     0.002
2007    17     0.006
2007    18     0.014
2007    19     0.028
2007    20     0.051
2007    21     0.082
2007    22     0.120
2007    23     0.165
2007    24     0.217
2007    25     0.278
2007    26     0.348
2007    27     0.428
2007    28     0.514
2007    29     0.607
2007    30     0.705
2007    31     0.803
2007    32     0.900
2007    33     0.992
2007    34     1.076
2007    35     1.151
2007    36     1.215
2007    37     1.267
2007    38     1.307
2007    39     1.338
2007    40     1.361
2007    41     1.376
2007    42     1.386
2007    43     1.392
2007    44     1.395
2007    45     1.397
2007    46     1.398
2007    47     1.398
2007    48     1.398
2007    49     1.398
2007    50     1.398
2007    51     1.398
2007    52     1.398
2007    53     1.398
2007    54     1.398
2007    55     1.398
2008    12     0.000
2008    13     0.000
2008    14     0.000
2008    15     0.000
2008    16     0.002
2008    17     0.006
2008    18     0.014
2008    19     0.028
2008    20     0.050
2008    21     0.079
2008    22     0.115
2008    23     0.158
2008    24     0.208
2008    25     0.267
2008    26     0.336
2008    27     0.413
2008    28     0.499
2008    29     0.591
2008    30     0.688
2008    31     0.788
2008    32     0.887
2008    33     0.981
2008    34     1.067
2008    35     1.145
2008    36     1.212
2008    37     1.267
2008    38     1.310
2008    39     1.343
2008    40     1.368
2008    41     1.385
2008    42     1.395
2008    43     1.402
2008    44     1.405
2008    45     1.407
2008    46     1.408
2008    47     1.408
2008    48     1.408
2008    49     1.408
2008    50     1.408
2008    51     1.408
2008    52     1.408
2008    53     1.408
2008    54     1.408
2008    55     1.408
2009    12     0.000
2009    13     0.000
2009    14     0.000
2009    15     0.000
2009    16     0.002
2009    17     0.005
2009    18     0.013
2009    19     0.026
2009    20     0.046
2009    21     0.073
2009    22     0.107
2009    23     0.147
2009    24     0.195
2009    25     0.252
2009    26     0.318
2009    27     0.392
2009    28     0.475
2009    29     0.565
2009    30     0.660
2009    31     0.758
2009    32     0.856
2009    33     0.949
2009    34     1.036
2009    35     1.114
2009    36     1.182
2009    37     1.238
2009    38     1.283
2009    39     1.317
2009    40     1.342
2009    41     1.360
2009    42     1.371
2009    43     1.377
2009    44     1.381
2009    45     1.383
2009    46     1.384
2009    47     1.384
2009    48     1.384
2009    49     1.384
2009    50     1.385
2009    51     1.385
2009    52     1.385
2009    53     1.385
2009    54     1.385
2009    55     1.385
2010    12     0.000
2010    13     0.000
2010    14     0.000
2010    15     0.000
2010    16     0.002
2010    17     0.005
2010    18     0.012
2010    19     0.025
2010    20     0.045
2010    21     0.071
2010    22     0.104
2010    23     0.144
2010    24     0.191
2010    25     0.247
2010    26     0.313
2010    27     0.388
2010    28     0.472
2010    29     0.563
2010    30     0.661
2010    31     0.762
2010    32     0.862
2010    33     0.959
2010    34     1.049
2010    35     1.131
2010    36     1.203
2010    37     1.263
2010    38     1.311
2010    39     1.347
2010    40     1.374
2010    41     1.393
2010    42     1.405
2010    43     1.412
2010    44     1.416
2010    45     1.418
2010    46     1.419
2010    47     1.419
2010    48     1.420
2010    49     1.420
2010    50     1.420
2010    51     1.420
2010    52     1.420
2010    53     1.420
2010    54     1.420
2010    55     1.420
2011    12     0.000
2011    13     0.000
2011    14     0.000
2011    15     0.000
2011    16     0.002
2011    17     0.005
2011    18     0.012
2011    19     0.023
2011    20     0.042
2011    21     0.067
2011    22     0.098
2011    23     0.134
2011    24     0.178
2011    25     0.231
2011    26     0.293
2011    27     0.365
2011    28     0.446
2011    29     0.535
2011    30     0.630
2011    31     0.730
2011    32     0.829
2011    33     0.925
2011    34     1.014
2011    35     1.096
2011    36     1.168
2011    37     1.230
2011    38     1.278
2011    39     1.316
2011    40     1.344
2011    41     1.364
2011    42     1.376
2011    43     1.383
2011    44     1.387
2011    45     1.389
2011    46     1.390
2011    47     1.390
2011    48     1.391
2011    49     1.391
2011    50     1.391
2011    51     1.391
2011    52     1.391
2011    53     1.391
2011    54     1.391
2011    55     1.391
2012    12     0.000
2012    13     0.000
2012    14     0.000
2012    15     0.000
2012    16     0.002
2012    17     0.005
2012    18     0.011
2012    19     0.023
2012    20     0.041
2012    21     0.066
2012    22     0.097
2012    23     0.132
2012    24     0.175
2012    25     0.227
2012    26     0.289
2012    27     0.361
2012    28     0.443
2012    29     0.532
2012    30     0.628
2012    31     0.730
2012    32     0.831
2012    33     0.929
2012    34     1.021
2012    35     1.104
2012    36     1.178
2012    37     1.241
2012    38     1.292
2012    39     1.331
2012    40     1.361
2012    41     1.381
2012    42     1.394
2012    43     1.402
2012    44     1.406
2012    45     1.408
2012    46     1.409
2012    47     1.410
2012    48     1.410
2012    49     1.410
2012    50     1.410
2012    51     1.410
2012    52     1.410
2012    53     1.410
2012    54     1.410
2012    55     1.410
2013    12     0.000
2013    13     0.000
2013    14     0.000
2013    15     0.000
2013    16     0.002
2013    17     0.005
2013    18     0.011
2013    19     0.023
2013    20     0.040
2013    21     0.064
2013    22     0.092
2013    23     0.127
2013    24     0.169
2013    25     0.219
2013    26     0.280
2013    27     0.351
2013    28     0.432
2013    29     0.521
2013    30     0.617
2013    31     0.719
2013    32     0.822
2013    33     0.922
2013    34     1.015
2013    35     1.101
2013    36     1.177
2013    37     1.241
2013    38     1.294
2013    39     1.336
2013    40     1.367
2013    41     1.389
2013    42     1.403
2013    43     1.411
2013    44     1.415
2013    45     1.417
2013    46     1.419
2013    47     1.419
2013    48     1.419
2013    49     1.420
2013    50     1.420
2013    51     1.420
2013    52     1.420
2013    53     1.420
2013    54     1.420
2013    55     1.420
2014    12     0.000
2014    13     0.000
2014    14     0.000
2014    15     0.000
2014    16     0.002
2014    17     0.005
2014    18     0.012
2014    19     0.023
2014    20     0.040
2014    21     0.063
2014    22     0.092
2014    23     0.127
2014    24     0.168
2014    25     0.219
2014    26     0.280
2014    27     0.352
2014    28     0.435
2014    29     0.527
2014    30     0.628
2014    31     0.735
2014    32     0.843
2014    33     0.948
2014    34     1.047
2014    35     1.137
2014    36     1.217
2014    37     1.285
2014    38     1.340
2014    39     1.385
2014    40     1.418
2014    41     1.442
2014    42     1.457
2014    43     1.466
2014    44     1.471
2014    45     1.473
2014    46     1.475
2014    47     1.475
2014    48     1.475
2014    49     1.476
2014    50     1.476
2014    51     1.476
2014    52     1.476
2014    53     1.476
2014    54     1.476
2014    55     1.476
2015    12     0.000
2015    13     0.000
2015    14     0.000
2015    15     0.001
2015    16     0.002
2015    17     0.005
2015    18     0.012
2015    19     0.023
2015    20     0.040
2015    21     0.064
2015    22     0.093
2015    23     0.127
2015    24     0.169
2015    25     0.220
2015    26     0.281
2015    27     0.354
2015    28     0.437
2015    29     0.532
2015    30     0.634
2015    31     0.742
2015    32     0.852
2015    33     0.960
2015    34     1.061
2015    35     1.154
2015    36     1.237
2015    37     1.306
2015    38     1.363
2015    39     1.408
2015    40     1.443
2015    41     1.468
2015    42     1.484
2015    43     1.493
2015    44     1.498
2015    45     1.501
2015    46     1.502
2015    47     1.502
2015    48     1.503
2015    49     1.503
2015    50     1.503
2015    51     1.503
2015    52     1.503
2015    53     1.503
2015    54     1.503
2015    55     1.503
2016    12     0.000
2016    13     0.000
2016    14     0.000
2016    15     0.001
2016    16     0.002
2016    17     0.006
2016    18     0.013
2016    19     0.026
2016    20     0.047
2016    21     0.073
2016    22     0.106
2016    23     0.144
2016    24     0.189
2016    25     0.242
2016    26     0.306
2016    27     0.382
2016    28     0.470
2016    29     0.568
2016    30     0.676
2016    31     0.789
2016    32     0.905
2016    33     1.018
2016    34     1.124
2016    35     1.222
2016    36     1.310
2016    37     1.385
2016    38     1.446
2016    39     1.494
2016    40     1.531
2016    41     1.558
2016    42     1.575
2016    43     1.586
2016    44     1.591
2016    45     1.594
2016    46     1.596
2016    47     1.597
2016    48     1.597
2016    49     1.597
2016    50     1.597
2016    51     1.597
2016    52     1.597
2016    53     1.597
2016    54     1.597
2016    55     1.597
2017    12     0.000
2017    13     0.000
2017    14     0.000
2017    15     0.000
2017    16     0.002
2017    17     0.005
2017    18     0.011
2017    19     0.023
2017    20     0.040
2017    21     0.064
2017    22     0.094
2017    23     0.130
2017    24     0.173
2017    25     0.224
2017    26     0.286
2017    27     0.360
2017    28     0.445
2017    29     0.542
2017    30     0.648
2017    31     0.762
2017    32     0.878
2017    33     0.991
2017    34     1.097
2017    35     1.194
2017    36     1.281
2017    37     1.356
2017    38     1.417
2017    39     1.465
2017    40     1.503
2017    41     1.530
2017    42     1.547
2017    43     1.558
2017    44     1.564
2017    45     1.567
2017    46     1.569
2017    47     1.569
2017    48     1.570
2017    49     1.570
2017    50     1.570
2017    51     1.570
2017    52     1.570
2017    53     1.570
2017    54     1.570
2017    55     1.570
