West Germany, Period total fertility rates by birth order and period total fertility rates by birth order by age 40
Last modified: 04/02/2019
Year       TFR      TFR1      TFR2      TFR3      TFR4     TFR5p     TFR40   TFR40_1   TFR40_2   TFR40_3   TFR40_4  TFR40_5p
2009     1.376     0.686     0.465     0.156     0.045     0.024     1.332     0.673     0.450     0.148     0.041     0.020
2010     1.408     0.697     0.478     0.163     0.046     0.025     1.361     0.682     0.462     0.154     0.042     0.021
2011     1.381     0.685     0.471     0.157     0.045     0.024     1.332     0.670     0.454     0.147     0.041     0.021
2012     1.400     0.689     0.482     0.159     0.046     0.023     1.349     0.674     0.464     0.149     0.042     0.020
2013     1.413     0.697     0.486     0.160     0.046     0.024     1.359     0.681     0.467     0.150     0.042     0.020
2014     1.471     0.727     0.502     0.168     0.049     0.025     1.413     0.710     0.481     0.157     0.044     0.021
2015     1.503     0.737     0.516     0.173     0.051     0.026     1.442     0.718     0.495     0.161     0.046     0.022
2016     1.602     0.771     0.551     0.190     0.058     0.031     1.535     0.751     0.527     0.177     0.052     0.027
2017     1.578     0.747     0.550     0.191     0.059     0.032     1.510     0.727     0.525     0.178     0.053     0.027
