Germany, Standard deviation in period mean ages at birth by birth order and standard deviation in period mean ages at birth by birth order by age 40
Last modified: 04/02/2019
Year      sdMAB      sdMAB1      sdMAB2      sdMAB3      sdMAB4     sdMAB5p     sdMAB40   sdMAB40_1   sdMAB40_2   sdMAB40_3   sdMAB40_4  sdMAB40_5p
2009       5.45        5.46        4.92        4.88        4.86        4.86        5.12        5.21        4.62        4.44        4.26        3.98
2010       5.44        5.45        4.93        4.87        4.86        4.74        5.10        5.19        4.61        4.44        4.28        3.90
2011       5.44        5.45        4.91        4.84        4.89        4.77        5.09        5.18        4.58        4.40        4.28        3.95
2012       5.44        5.44        4.92        4.88        4.90        4.72        5.08        5.17        4.59        4.43        4.30        3.88
2013       5.43        5.45        4.93        4.90        4.87        4.79        5.07        5.16        4.59        4.44        4.27        3.97
2014       5.42        5.43        4.94        4.90        4.92        4.78        5.04        5.13        4.60        4.43        4.32        3.97
2015       5.42        5.42        4.98        4.94        4.95        4.83        5.04        5.11        4.62        4.48        4.33        3.99
2016       5.50        5.50        5.07        5.09        5.06        4.88        5.10        5.18        4.70        4.61        4.44        4.04
2017       5.44        5.42        5.05        5.07        5.07        4.85        5.03        5.09        4.68        4.58        4.44        4.03
