East Germany, Cumulative period fertility rates (Lexis squares)
Last modified: 04/02/2019
Year    Age     CPFR
1956    12     0.000
1956    13     0.000
1956    14     0.000
1956    15     0.000
1956    16     0.001
1956    17     0.009
1956    18     0.037
1956    19     0.105
1956    20     0.216
1956    21     0.359
1956    22     0.524
1956    23     0.699
1956    24     0.871
1956    25     1.036
1956    26     1.189
1956    27     1.328
1956    28     1.458
1956    29     1.574
1956    30     1.679
1956    31     1.772
1956    32     1.854
1956    33     1.930
1956    34     1.996
1956    35     2.054
1956    36     2.104
1956    37     2.148
1956    38     2.185
1956    39     2.216
1956    40     2.240
1956    41     2.258
1956    42     2.271
1956    43     2.281
1956    44     2.287
1956    45     2.291
1956    46     2.292
1956    47     2.293
1956    48     2.293
1956    49     2.293
1956    50     2.293
1956    51     2.293
1956    52     2.293
1956    53     2.293
1956    54     2.293
1956    55     2.293
1957    12     0.000
1957    13     0.000
1957    14     0.000
1957    15     0.000
1957    16     0.002
1957    17     0.009
1957    18     0.037
1957    19     0.103
1957    20     0.214
1957    21     0.358
1957    22     0.519
1957    23     0.688
1957    24     0.857
1957    25     1.020
1957    26     1.174
1957    27     1.313
1957    28     1.441
1957    29     1.555
1957    30     1.656
1957    31     1.747
1957    32     1.827
1957    33     1.898
1957    34     1.961
1957    35     2.016
1957    36     2.064
1957    37     2.105
1957    38     2.141
1957    39     2.169
1957    40     2.191
1957    41     2.208
1957    42     2.221
1957    43     2.229
1957    44     2.235
1957    45     2.239
1957    46     2.240
1957    47     2.241
1957    48     2.241
1957    49     2.242
1957    50     2.242
1957    51     2.242
1957    52     2.242
1957    53     2.242
1957    54     2.242
1957    55     2.242
1958    12     0.000
1958    13     0.000
1958    14     0.000
1958    15     0.000
1958    16     0.001
1958    17     0.009
1958    18     0.037
1958    19     0.105
1958    20     0.215
1958    21     0.358
1958    22     0.519
1958    23     0.685
1958    24     0.851
1958    25     1.011
1958    26     1.163
1958    27     1.303
1958    28     1.429
1958    29     1.543
1958    30     1.645
1958    31     1.736
1958    32     1.816
1958    33     1.886
1958    34     1.947
1958    35     2.001
1958    36     2.048
1958    37     2.088
1958    38     2.122
1958    39     2.150
1958    40     2.173
1958    41     2.190
1958    42     2.202
1958    43     2.210
1958    44     2.215
1958    45     2.218
1958    46     2.219
1958    47     2.220
1958    48     2.220
1958    49     2.221
1958    50     2.221
1958    51     2.221
1958    52     2.221
1958    53     2.221
1958    54     2.221
1958    55     2.221
1959    12     0.000
1959    13     0.000
1959    14     0.000
1959    15     0.000
1959    16     0.002
1959    17     0.011
1959    18     0.043
1959    19     0.118
1959    20     0.241
1959    21     0.395
1959    22     0.568
1959    23     0.745
1959    24     0.920
1959    25     1.090
1959    26     1.252
1959    27     1.401
1959    28     1.538
1959    29     1.659
1959    30     1.764
1959    31     1.858
1959    32     1.942
1959    33     2.014
1959    34     2.078
1959    35     2.133
1959    36     2.181
1959    37     2.222
1959    38     2.257
1959    39     2.286
1959    40     2.309
1959    41     2.327
1959    42     2.339
1959    43     2.347
1959    44     2.352
1959    45     2.355
1959    46     2.357
1959    47     2.357
1959    48     2.358
1959    49     2.358
1959    50     2.358
1959    51     2.358
1959    52     2.358
1959    53     2.358
1959    54     2.358
1959    55     2.358
1960    12     0.000
1960    13     0.000
1960    14     0.000
1960    15     0.000
1960    16     0.003
1960    17     0.013
1960    18     0.048
1960    19     0.130
1960    20     0.257
1960    21     0.415
1960    22     0.585
1960    23     0.762
1960    24     0.936
1960    25     1.102
1960    26     1.259
1960    27     1.406
1960    28     1.540
1960    29     1.660
1960    30     1.766
1960    31     1.859
1960    32     1.941
1960    33     2.013
1960    34     2.075
1960    35     2.129
1960    36     2.176
1960    37     2.217
1960    38     2.251
1960    39     2.278
1960    40     2.300
1960    41     2.317
1960    42     2.330
1960    43     2.338
1960    44     2.344
1960    45     2.346
1960    46     2.347
1960    47     2.348
1960    48     2.348
1960    49     2.349
1960    50     2.349
1960    51     2.349
1960    52     2.349
1960    53     2.349
1960    54     2.349
1960    55     2.349
1961    12     0.000
1961    13     0.000
1961    14     0.000
1961    15     0.000
1961    16     0.003
1961    17     0.016
1961    18     0.055
1961    19     0.140
1961    20     0.277
1961    21     0.446
1961    22     0.628
1961    23     0.813
1961    24     0.995
1961    25     1.167
1961    26     1.328
1961    27     1.476
1961    28     1.609
1961    29     1.730
1961    30     1.838
1961    31     1.933
1961    32     2.015
1961    33     2.088
1961    34     2.150
1961    35     2.205
1961    36     2.252
1961    37     2.292
1961    38     2.326
1961    39     2.354
1961    40     2.376
1961    41     2.393
1961    42     2.405
1961    43     2.414
1961    44     2.419
1961    45     2.422
1961    46     2.423
1961    47     2.423
1961    48     2.424
1961    49     2.424
1961    50     2.424
1961    51     2.424
1961    52     2.424
1961    53     2.424
1961    54     2.424
1961    55     2.424
1962    12     0.000
1962    13     0.000
1962    14     0.000
1962    15     0.000
1962    16     0.003
1962    17     0.016
1962    18     0.060
1962    19     0.150
1962    20     0.288
1962    21     0.458
1962    22     0.643
1962    23     0.831
1962    24     1.013
1962    25     1.187
1962    26     1.349
1962    27     1.494
1962    28     1.624
1962    29     1.742
1962    30     1.848
1962    31     1.943
1962    32     2.024
1962    33     2.095
1962    34     2.157
1962    35     2.210
1962    36     2.255
1962    37     2.294
1962    38     2.326
1962    39     2.354
1962    40     2.376
1962    41     2.392
1962    42     2.403
1962    43     2.412
1962    44     2.417
1962    45     2.420
1962    46     2.421
1962    47     2.421
1962    48     2.421
1962    49     2.421
1962    50     2.422
1962    51     2.422
1962    52     2.422
1962    53     2.422
1962    54     2.422
1962    55     2.422
1963    12     0.000
1963    13     0.000
1963    14     0.000
1963    15     0.000
1963    16     0.003
1963    17     0.016
1963    18     0.063
1963    19     0.161
1963    20     0.307
1963    21     0.481
1963    22     0.669
1963    23     0.858
1963    24     1.041
1963    25     1.217
1963    26     1.380
1963    27     1.528
1963    28     1.662
1963    29     1.782
1963    30     1.890
1963    31     1.986
1963    32     2.070
1963    33     2.144
1963    34     2.207
1963    35     2.261
1963    36     2.308
1963    37     2.348
1963    38     2.381
1963    39     2.409
1963    40     2.430
1963    41     2.447
1963    42     2.459
1963    43     2.467
1963    44     2.472
1963    45     2.475
1963    46     2.477
1963    47     2.477
1963    48     2.477
1963    49     2.477
1963    50     2.477
1963    51     2.477
1963    52     2.477
1963    53     2.477
1963    54     2.477
1963    55     2.477
1964    12     0.000
1964    13     0.000
1964    14     0.000
1964    15     0.000
1964    16     0.003
1964    17     0.016
1964    18     0.061
1964    19     0.162
1964    20     0.319
1964    21     0.502
1964    22     0.689
1964    23     0.873
1964    24     1.054
1964    25     1.224
1964    26     1.383
1964    27     1.530
1964    28     1.663
1964    29     1.782
1964    30     1.889
1964    31     1.986
1964    32     2.072
1964    33     2.146
1964    34     2.210
1964    35     2.266
1964    36     2.313
1964    37     2.353
1964    38     2.386
1964    39     2.413
1964    40     2.435
1964    41     2.451
1964    42     2.463
1964    43     2.471
1964    44     2.476
1964    45     2.480
1964    46     2.481
1964    47     2.482
1964    48     2.482
1964    49     2.482
1964    50     2.482
1964    51     2.482
1964    52     2.482
1964    53     2.482
1964    54     2.482
1964    55     2.482
1965    12     0.000
1965    13     0.000
1965    14     0.000
1965    15     0.000
1965    16     0.003
1965    17     0.017
1965    18     0.064
1965    19     0.166
1965    20     0.328
1965    21     0.517
1965    22     0.710
1965    23     0.897
1965    24     1.075
1965    25     1.245
1965    26     1.404
1965    27     1.550
1965    28     1.682
1965    29     1.800
1965    30     1.905
1965    31     1.999
1965    32     2.084
1965    33     2.157
1965    34     2.221
1965    35     2.276
1965    36     2.322
1965    37     2.361
1965    38     2.393
1965    39     2.419
1965    40     2.440
1965    41     2.456
1965    42     2.468
1965    43     2.475
1965    44     2.480
1965    45     2.483
1965    46     2.484
1965    47     2.484
1965    48     2.485
1965    49     2.485
1965    50     2.485
1965    51     2.485
1965    52     2.485
1965    53     2.485
1965    54     2.485
1965    55     2.485
1966    12     0.000
1966    13     0.000
1966    14     0.000
1966    15     0.000
1966    16     0.002
1966    17     0.014
1966    18     0.057
1966    19     0.157
1966    20     0.315
1966    21     0.505
1966    22     0.698
1966    23     0.886
1966    24     1.066
1966    25     1.232
1966    26     1.388
1966    27     1.532
1966    28     1.662
1966    29     1.776
1966    30     1.878
1966    31     1.968
1966    32     2.048
1966    33     2.118
1966    34     2.180
1966    35     2.233
1966    36     2.278
1966    37     2.316
1966    38     2.346
1966    39     2.370
1966    40     2.389
1966    41     2.402
1966    42     2.411
1966    43     2.416
1966    44     2.419
1966    45     2.421
1966    46     2.422
1966    47     2.422
1966    48     2.423
1966    49     2.423
1966    50     2.423
1966    51     2.423
1966    52     2.423
1966    53     2.423
1966    54     2.423
1966    55     2.423
1967    12     0.000
1967    13     0.000
1967    14     0.000
1967    15     0.000
1967    16     0.002
1967    17     0.012
1967    18     0.052
1967    19     0.148
1967    20     0.304
1967    21     0.494
1967    22     0.692
1967    23     0.879
1967    24     1.056
1967    25     1.219
1967    26     1.368
1967    27     1.503
1967    28     1.625
1967    29     1.735
1967    30     1.832
1967    31     1.917
1967    32     1.991
1967    33     2.055
1967    34     2.113
1967    35     2.162
1967    36     2.204
1967    37     2.237
1967    38     2.266
1967    39     2.289
1967    40     2.305
1967    41     2.316
1967    42     2.324
1967    43     2.329
1967    44     2.331
1967    45     2.333
1967    46     2.334
1967    47     2.334
1967    48     2.334
1967    49     2.334
1967    50     2.334
1967    51     2.334
1967    52     2.334
1967    53     2.334
1967    54     2.334
1967    55     2.334
1968    12     0.000
1968    13     0.000
1968    14     0.000
1968    15     0.000
1968    16     0.002
1968    17     0.012
1968    18     0.050
1968    19     0.140
1968    20     0.293
1968    21     0.487
1968    22     0.691
1968    23     0.883
1968    24     1.059
1968    25     1.221
1968    26     1.366
1968    27     1.497
1968    28     1.614
1968    29     1.718
1968    30     1.809
1968    31     1.890
1968    32     1.962
1968    33     2.024
1968    34     2.078
1968    35     2.127
1968    36     2.168
1968    37     2.202
1968    38     2.229
1968    39     2.251
1968    40     2.267
1968    41     2.277
1968    42     2.283
1968    43     2.287
1968    44     2.290
1968    45     2.291
1968    46     2.292
1968    47     2.292
1968    48     2.292
1968    49     2.292
1968    50     2.292
1968    51     2.292
1968    52     2.292
1968    53     2.292
1968    54     2.292
1968    55     2.292
1969    12     0.000
1969    13     0.000
1969    14     0.000
1969    15     0.000
1969    16     0.002
1969    17     0.012
1969    18     0.050
1969    19     0.141
1969    20     0.294
1969    21     0.487
1969    22     0.689
1969    23     0.883
1969    24     1.056
1969    25     1.212
1969    26     1.355
1969    27     1.482
1969    28     1.594
1969    29     1.693
1969    30     1.780
1969    31     1.857
1969    32     1.924
1969    33     1.983
1969    34     2.033
1969    35     2.077
1969    36     2.116
1969    37     2.148
1969    38     2.175
1969    39     2.195
1969    40     2.210
1969    41     2.218
1969    42     2.224
1969    43     2.228
1969    44     2.230
1969    45     2.231
1969    46     2.231
1969    47     2.232
1969    48     2.232
1969    49     2.232
1969    50     2.232
1969    51     2.232
1969    52     2.232
1969    53     2.232
1969    54     2.232
1969    55     2.232
1970    12     0.000
1970    13     0.000
1970    14     0.000
1970    15     0.000
1970    16     0.002
1970    17     0.012
1970    18     0.050
1970    19     0.143
1970    20     0.300
1970    21     0.492
1970    22     0.693
1970    23     0.884
1970    24     1.058
1970    25     1.213
1970    26     1.349
1970    27     1.471
1970    28     1.578
1970    29     1.671
1970    30     1.755
1970    31     1.829
1970    32     1.894
1970    33     1.950
1970    34     1.999
1970    35     2.041
1970    36     2.077
1970    37     2.108
1970    38     2.133
1970    39     2.153
1970    40     2.167
1970    41     2.175
1970    42     2.181
1970    43     2.184
1970    44     2.186
1970    45     2.187
1970    46     2.188
1970    47     2.188
1970    48     2.188
1970    49     2.188
1970    50     2.188
1970    51     2.188
1970    52     2.188
1970    53     2.188
1970    54     2.188
1970    55     2.188
1971    12     0.000
1971    13     0.000
1971    14     0.000
1971    15     0.000
1971    16     0.002
1971    17     0.012
1971    18     0.052
1971    19     0.149
1971    20     0.306
1971    21     0.497
1971    22     0.693
1971    23     0.879
1971    24     1.047
1971    25     1.198
1971    26     1.330
1971    27     1.446
1971    28     1.548
1971    29     1.637
1971    30     1.715
1971    31     1.785
1971    32     1.846
1971    33     1.899
1971    34     1.946
1971    35     1.986
1971    36     2.020
1971    37     2.049
1971    38     2.074
1971    39     2.094
1971    40     2.108
1971    41     2.116
1971    42     2.122
1971    43     2.125
1971    44     2.127
1971    45     2.128
1971    46     2.129
1971    47     2.129
1971    48     2.129
1971    49     2.129
1971    50     2.129
1971    51     2.129
1971    52     2.129
1971    53     2.129
1971    54     2.129
1971    55     2.129
1972    12     0.000
1972    13     0.000
1972    14     0.000
1972    15     0.000
1972    16     0.002
1972    17     0.011
1972    18     0.047
1972    19     0.133
1972    20     0.274
1972    21     0.442
1972    22     0.611
1972    23     0.770
1972    24     0.916
1972    25     1.046
1972    26     1.158
1972    27     1.254
1972    28     1.336
1972    29     1.408
1972    30     1.471
1972    31     1.524
1972    32     1.570
1972    33     1.610
1972    34     1.644
1972    35     1.675
1972    36     1.701
1972    37     1.723
1972    38     1.740
1972    39     1.754
1972    40     1.765
1972    41     1.773
1972    42     1.778
1972    43     1.781
1972    44     1.782
1972    45     1.783
1972    46     1.784
1972    47     1.784
1972    48     1.784
1972    49     1.784
1972    50     1.784
1972    51     1.784
1972    52     1.784
1972    53     1.784
1972    54     1.784
1972    55     1.784
1973    12     0.000
1973    13     0.000
1973    14     0.000
1973    15     0.000
1973    16     0.001
1973    17     0.008
1973    18     0.038
1973    19     0.119
1973    20     0.254
1973    21     0.412
1973    22     0.570
1973    23     0.717
1973    24     0.852
1973    25     0.972
1973    26     1.074
1973    27     1.158
1973    28     1.225
1973    29     1.287
1973    30     1.338
1973    31     1.382
1973    32     1.419
1973    33     1.448
1973    34     1.474
1973    35     1.496
1973    36     1.514
1973    37     1.529
1973    38     1.542
1973    39     1.551
1973    40     1.559
1973    41     1.564
1973    42     1.568
1973    43     1.570
1973    44     1.572
1973    45     1.572
1973    46     1.573
1973    47     1.573
1973    48     1.573
1973    49     1.573
1973    50     1.573
1973    51     1.573
1973    52     1.573
1973    53     1.573
1973    54     1.573
1973    55     1.573
1974    12     0.000
1974    13     0.000
1974    14     0.000
1974    15     0.000
1974    16     0.001
1974    17     0.008
1974    18     0.038
1974    19     0.115
1974    20     0.247
1974    21     0.400
1974    22     0.552
1974    23     0.697
1974    24     0.831
1974    25     0.953
1974    26     1.055
1974    27     1.140
1974    28     1.209
1974    29     1.266
1974    30     1.317
1974    31     1.358
1974    32     1.394
1974    33     1.423
1974    34     1.447
1974    35     1.468
1974    36     1.484
1974    37     1.498
1974    38     1.508
1974    39     1.517
1974    40     1.524
1974    41     1.529
1974    42     1.532
1974    43     1.535
1974    44     1.536
1974    45     1.537
1974    46     1.537
1974    47     1.537
1974    48     1.537
1974    49     1.537
1974    50     1.537
1974    51     1.537
1974    52     1.537
1974    53     1.537
1974    54     1.537
1974    55     1.537
1975    12     0.000
1975    13     0.000
1975    14     0.000
1975    15     0.000
1975    16     0.001
1975    17     0.008
1975    18     0.036
1975    19     0.111
1975    20     0.238
1975    21     0.386
1975    22     0.539
1975    23     0.687
1975    24     0.828
1975    25     0.955
1975    26     1.064
1975    27     1.152
1975    28     1.226
1975    29     1.285
1975    30     1.333
1975    31     1.375
1975    32     1.409
1975    33     1.436
1975    34     1.460
1975    35     1.477
1975    36     1.492
1975    37     1.504
1975    38     1.514
1975    39     1.522
1975    40     1.528
1975    41     1.532
1975    42     1.535
1975    43     1.537
1975    44     1.539
1975    45     1.539
1975    46     1.540
1975    47     1.540
1975    48     1.540
1975    49     1.540
1975    50     1.540
1975    51     1.540
1975    52     1.540
1975    53     1.540
1975    54     1.540
1975    55     1.540
1976    12     0.000
1976    13     0.000
1976    14     0.000
1976    15     0.000
1976    16     0.001
1976    17     0.008
1976    18     0.037
1976    19     0.110
1976    20     0.237
1976    21     0.389
1976    22     0.551
1976    23     0.712
1976    24     0.867
1976    25     1.007
1976    26     1.128
1976    27     1.228
1976    28     1.309
1976    29     1.375
1976    30     1.427
1976    31     1.468
1976    32     1.503
1976    33     1.533
1976    34     1.556
1976    35     1.575
1976    36     1.589
1976    37     1.602
1976    38     1.611
1976    39     1.618
1976    40     1.624
1976    41     1.628
1976    42     1.631
1976    43     1.633
1976    44     1.634
1976    45     1.635
1976    46     1.635
1976    47     1.636
1976    48     1.636
1976    49     1.636
1976    50     1.636
1976    51     1.636
1976    52     1.636
1976    53     1.636
1976    54     1.636
1976    55     1.636
1977    12     0.000
1977    13     0.000
1977    14     0.000
1977    15     0.000
1977    16     0.001
1977    17     0.009
1977    18     0.039
1977    19     0.112
1977    20     0.243
1977    21     0.407
1977    22     0.584
1977    23     0.764
1977    24     0.943
1977    25     1.108
1977    26     1.250
1977    27     1.370
1977    28     1.469
1977    29     1.548
1977    30     1.613
1977    31     1.664
1977    32     1.704
1977    33     1.737
1977    34     1.764
1977    35     1.784
1977    36     1.801
1977    37     1.814
1977    38     1.824
1977    39     1.832
1977    40     1.838
1977    41     1.842
1977    42     1.845
1977    43     1.847
1977    44     1.848
1977    45     1.849
1977    46     1.849
1977    47     1.850
1977    48     1.850
1977    49     1.850
1977    50     1.850
1977    51     1.850
1977    52     1.850
1977    53     1.850
1977    54     1.850
1977    55     1.850
1978    12     0.000
1978    13     0.000
1978    14     0.000
1978    15     0.000
1978    16     0.002
1978    17     0.010
1978    18     0.040
1978    19     0.116
1978    20     0.251
1978    21     0.423
1978    22     0.608
1978    23     0.793
1978    24     0.974
1978    25     1.139
1978    26     1.284
1978    27     1.411
1978    28     1.512
1978    29     1.594
1978    30     1.661
1978    31     1.714
1978    32     1.756
1978    33     1.789
1978    34     1.816
1978    35     1.837
1978    36     1.854
1978    37     1.866
1978    38     1.875
1978    39     1.882
1978    40     1.888
1978    41     1.892
1978    42     1.895
1978    43     1.896
1978    44     1.897
1978    45     1.898
1978    46     1.898
1978    47     1.898
1978    48     1.898
1978    49     1.898
1978    50     1.898
1978    51     1.898
1978    52     1.898
1978    53     1.898
1978    54     1.898
1978    55     1.898
1979    12     0.000
1979    13     0.000
1979    14     0.000
1979    15     0.000
1979    16     0.002
1979    17     0.010
1979    18     0.039
1979    19     0.114
1979    20     0.253
1979    21     0.428
1979    22     0.617
1979    23     0.802
1979    24     0.984
1979    25     1.147
1979    26     1.291
1979    27     1.411
1979    28     1.513
1979    29     1.595
1979    30     1.662
1979    31     1.714
1979    32     1.757
1979    33     1.790
1979    34     1.816
1979    35     1.836
1979    36     1.852
1979    37     1.865
1979    38     1.874
1979    39     1.880
1979    40     1.885
1979    41     1.889
1979    42     1.891
1979    43     1.893
1979    44     1.894
1979    45     1.894
1979    46     1.895
1979    47     1.895
1979    48     1.895
1979    49     1.895
1979    50     1.895
1979    51     1.895
1979    52     1.895
1979    53     1.895
1979    54     1.895
1979    55     1.895
1980    12     0.000
1980    13     0.000
1980    14     0.000
1980    15     0.000
1980    16     0.002
1980    17     0.010
1980    18     0.039
1980    19     0.119
1980    20     0.267
1980    21     0.452
1980    22     0.649
1980    23     0.841
1980    24     1.024
1980    25     1.190
1980    26     1.335
1980    27     1.458
1980    28     1.561
1980    29     1.643
1980    30     1.709
1980    31     1.763
1980    32     1.805
1980    33     1.839
1980    34     1.866
1980    35     1.885
1980    36     1.901
1980    37     1.913
1980    38     1.921
1980    39     1.928
1980    40     1.932
1980    41     1.936
1980    42     1.938
1980    43     1.940
1980    44     1.941
1980    45     1.941
1980    46     1.941
1980    47     1.942
1980    48     1.942
1980    49     1.942
1980    50     1.942
1980    51     1.942
1980    52     1.942
1980    53     1.942
1980    54     1.942
1980    55     1.942
1981    12     0.000
1981    13     0.000
1981    14     0.000
1981    15     0.000
1981    16     0.002
1981    17     0.010
1981    18     0.036
1981    19     0.108
1981    20     0.249
1981    21     0.427
1981    22     0.612
1981    23     0.796
1981    24     0.969
1981    25     1.129
1981    26     1.272
1981    27     1.392
1981    28     1.490
1981    29     1.570
1981    30     1.634
1981    31     1.686
1981    32     1.726
1981    33     1.759
1981    34     1.785
1981    35     1.805
1981    36     1.819
1981    37     1.831
1981    38     1.839
1981    39     1.845
1981    40     1.850
1981    41     1.853
1981    42     1.855
1981    43     1.856
1981    44     1.857
1981    45     1.858
1981    46     1.858
1981    47     1.858
1981    48     1.858
1981    49     1.858
1981    50     1.858
1981    51     1.858
1981    52     1.858
1981    53     1.858
1981    54     1.858
1981    55     1.858
1982    12     0.000
1982    13     0.000
1982    14     0.000
1982    15     0.000
1982    16     0.002
1982    17     0.010
1982    18     0.036
1982    19     0.106
1982    20     0.243
1982    21     0.418
1982    22     0.602
1982    23     0.786
1982    24     0.961
1982    25     1.120
1982    26     1.261
1982    27     1.382
1982    28     1.481
1982    29     1.562
1982    30     1.628
1982    31     1.680
1982    32     1.721
1982    33     1.756
1982    34     1.782
1982    35     1.804
1982    36     1.820
1982    37     1.832
1982    38     1.841
1982    39     1.847
1982    40     1.852
1982    41     1.854
1982    42     1.856
1982    43     1.858
1982    44     1.858
1982    45     1.859
1982    46     1.859
1982    47     1.859
1982    48     1.859
1982    49     1.859
1982    50     1.859
1982    51     1.859
1982    52     1.859
1982    53     1.859
1982    54     1.859
1982    55     1.859
1983    12     0.000
1983    13     0.000
1983    14     0.000
1983    15     0.000
1983    16     0.002
1983    17     0.009
1983    18     0.032
1983    19     0.098
1983    20     0.228
1983    21     0.392
1983    22     0.568
1983    23     0.743
1983    24     0.914
1983    25     1.073
1983    26     1.213
1983    27     1.330
1983    28     1.425
1983    29     1.503
1983    30     1.566
1983    31     1.617
1983    32     1.658
1983    33     1.690
1983    34     1.717
1983    35     1.737
1983    36     1.753
1983    37     1.764
1983    38     1.773
1983    39     1.779
1983    40     1.783
1983    41     1.786
1983    42     1.788
1983    43     1.789
1983    44     1.790
1983    45     1.790
1983    46     1.790
1983    47     1.790
1983    48     1.790
1983    49     1.790
1983    50     1.790
1983    51     1.790
1983    52     1.790
1983    53     1.791
1983    54     1.791
1983    55     1.791
1984    12     0.000
1984    13     0.000
1984    14     0.000
1984    15     0.000
1984    16     0.002
1984    17     0.009
1984    18     0.032
1984    19     0.094
1984    20     0.219
1984    21     0.377
1984    22     0.547
1984    23     0.718
1984    24     0.883
1984    25     1.036
1984    26     1.172
1984    27     1.286
1984    28     1.379
1984    29     1.456
1984    30     1.518
1984    31     1.568
1984    32     1.608
1984    33     1.640
1984    34     1.665
1984    35     1.684
1984    36     1.700
1984    37     1.712
1984    38     1.721
1984    39     1.727
1984    40     1.731
1984    41     1.734
1984    42     1.736
1984    43     1.737
1984    44     1.738
1984    45     1.738
1984    46     1.738
1984    47     1.738
1984    48     1.738
1984    49     1.738
1984    50     1.738
1984    51     1.738
1984    52     1.738
1984    53     1.738
1984    54     1.738
1984    55     1.738
1985    12     0.000
1985    13     0.000
1985    14     0.000
1985    15     0.000
1985    16     0.002
1985    17     0.009
1985    18     0.031
1985    19     0.091
1985    20     0.207
1985    21     0.358
1985    22     0.523
1985    23     0.693
1985    24     0.857
1985    25     1.010
1985    26     1.149
1985    27     1.269
1985    28     1.367
1985    29     1.445
1985    30     1.508
1985    31     1.560
1985    32     1.600
1985    33     1.634
1985    34     1.660
1985    35     1.681
1985    36     1.697
1985    37     1.709
1985    38     1.718
1985    39     1.725
1985    40     1.729
1985    41     1.731
1985    42     1.733
1985    43     1.734
1985    44     1.735
1985    45     1.735
1985    46     1.736
1985    47     1.736
1985    48     1.736
1985    49     1.736
1985    50     1.736
1985    51     1.736
1985    52     1.736
1985    53     1.736
1985    54     1.736
1985    55     1.736
1986    12     0.000
1986    13     0.000
1986    14     0.000
1986    15     0.000
1986    16     0.002
1986    17     0.008
1986    18     0.028
1986    19     0.085
1986    20     0.197
1986    21     0.341
1986    22     0.500
1986    23     0.664
1986    24     0.827
1986    25     0.980
1986    26     1.117
1986    27     1.234
1986    28     1.330
1986    29     1.409
1986    30     1.472
1986    31     1.523
1986    32     1.566
1986    33     1.598
1986    34     1.624
1986    35     1.645
1986    36     1.661
1986    37     1.673
1986    38     1.683
1986    39     1.689
1986    40     1.694
1986    41     1.696
1986    42     1.698
1986    43     1.699
1986    44     1.700
1986    45     1.700
1986    46     1.700
1986    47     1.700
1986    48     1.700
1986    49     1.700
1986    50     1.700
1986    51     1.700
1986    52     1.700
1986    53     1.700
1986    54     1.700
1986    55     1.700
1987    12     0.000
1987    13     0.000
1987    14     0.000
1987    15     0.000
1987    16     0.002
1987    17     0.007
1987    18     0.025
1987    19     0.076
1987    20     0.183
1987    21     0.324
1987    22     0.479
1987    23     0.643
1987    24     0.809
1987    25     0.969
1987    26     1.111
1987    27     1.233
1987    28     1.336
1987    29     1.420
1987    30     1.489
1987    31     1.544
1987    32     1.589
1987    33     1.624
1987    34     1.653
1987    35     1.676
1987    36     1.694
1987    37     1.707
1987    38     1.718
1987    39     1.725
1987    40     1.729
1987    41     1.732
1987    42     1.734
1987    43     1.735
1987    44     1.736
1987    45     1.737
1987    46     1.737
1987    47     1.737
1987    48     1.737
1987    49     1.737
1987    50     1.737
1987    51     1.737
1987    52     1.737
1987    53     1.737
1987    54     1.737
1987    55     1.737
1988    12     0.000
1988    13     0.000
1988    14     0.000
1988    15     0.000
1988    16     0.002
1988    17     0.007
1988    18     0.023
1988    19     0.070
1988    20     0.168
1988    21     0.300
1988    22     0.449
1988    23     0.606
1988    24     0.764
1988    25     0.919
1988    26     1.061
1988    27     1.182
1988    28     1.281
1988    29     1.362
1988    30     1.429
1988    31     1.483
1988    32     1.526
1988    33     1.561
1988    34     1.589
1988    35     1.611
1988    36     1.628
1988    37     1.641
1988    38     1.651
1988    39     1.658
1988    40     1.662
1988    41     1.666
1988    42     1.668
1988    43     1.669
1988    44     1.669
1988    45     1.670
1988    46     1.670
1988    47     1.670
1988    48     1.670
1988    49     1.670
1988    50     1.670
1988    51     1.670
1988    52     1.670
1988    53     1.670
1988    54     1.670
1988    55     1.670
1989    12     0.000
1989    13     0.000
1989    14     0.000
1989    15     0.000
1989    16     0.002
1989    17     0.007
1989    18     0.022
1989    19     0.065
1989    20     0.152
1989    21     0.271
1989    22     0.409
1989    23     0.558
1989    24     0.710
1989    25     0.860
1989    26     0.996
1989    27     1.112
1989    28     1.209
1989    29     1.286
1989    30     1.349
1989    31     1.401
1989    32     1.442
1989    33     1.475
1989    34     1.501
1989    35     1.523
1989    36     1.540
1989    37     1.552
1989    38     1.561
1989    39     1.568
1989    40     1.573
1989    41     1.576
1989    42     1.578
1989    43     1.579
1989    44     1.580
1989    45     1.580
1989    46     1.580
1989    47     1.580
1989    48     1.580
1989    49     1.580
1989    50     1.580
1989    51     1.580
1989    52     1.580
1989    53     1.580
1989    54     1.580
1989    55     1.580
1990    12     0.000
1990    13     0.000
1990    14     0.000
1990    15     0.001
1990    16     0.003
1990    17     0.009
1990    18     0.026
1990    19     0.071
1990    20     0.155
1990    21     0.274
1990    22     0.410
1990    23     0.555
1990    24     0.704
1990    25     0.847
1990    26     0.976
1990    27     1.085
1990    28     1.174
1990    29     1.246
1990    30     1.303
1990    31     1.350
1990    32     1.388
1990    33     1.417
1990    34     1.441
1990    35     1.460
1990    36     1.474
1990    37     1.485
1990    38     1.494
1990    39     1.500
1990    40     1.505
1990    41     1.508
1990    42     1.510
1990    43     1.511
1990    44     1.512
1990    45     1.512
1990    46     1.512
1990    47     1.512
1990    48     1.512
1990    49     1.512
1990    50     1.512
1990    51     1.512
1990    52     1.512
1990    53     1.512
1990    54     1.512
1990    55     1.512
1991    12     0.000
1991    13     0.000
1991    14     0.000
1991    15     0.001
1991    16     0.003
1991    17     0.010
1991    18     0.026
1991    19     0.062
1991    20     0.127
1991    21     0.213
1991    22     0.308
1991    23     0.406
1991    24     0.502
1991    25     0.592
1991    26     0.672
1991    27     0.738
1991    28     0.790
1991    29     0.831
1991    30     0.864
1991    31     0.891
1991    32     0.913
1991    33     0.931
1991    34     0.945
1991    35     0.957
1991    36     0.966
1991    37     0.974
1991    38     0.981
1991    39     0.985
1991    40     0.989
1991    41     0.992
1991    42     0.993
1991    43     0.994
1991    44     0.995
1991    45     0.995
1991    46     0.996
1991    47     0.996
1991    48     0.996
1991    49     0.996
1991    50     0.996
1991    51     0.996
1991    52     0.996
1991    53     0.996
1991    54     0.996
1991    55     0.996
1992    12     0.000
1992    13     0.000
1992    14     0.000
1992    15     0.001
1992    16     0.002
1992    17     0.008
1992    18     0.021
1992    19     0.047
1992    20     0.092
1992    21     0.155
1992    22     0.228
1992    23     0.305
1992    24     0.385
1992    25     0.461
1992    26     0.531
1992    27     0.592
1992    28     0.642
1992    29     0.682
1992    30     0.714
1992    31     0.741
1992    32     0.763
1992    33     0.781
1992    34     0.795
1992    35     0.807
1992    36     0.817
1992    37     0.824
1992    38     0.830
1992    39     0.835
1992    40     0.838
1992    41     0.841
1992    42     0.842
1992    43     0.843
1992    44     0.844
1992    45     0.844
1992    46     0.844
1992    47     0.844
1992    48     0.845
1992    49     0.845
1992    50     0.845
1992    51     0.845
1992    52     0.845
1992    53     0.845
1992    54     0.845
1992    55     0.845
1993    12     0.000
1993    13     0.000
1993    14     0.000
1993    15     0.001
1993    16     0.002
1993    17     0.006
1993    18     0.016
1993    19     0.034
1993    20     0.066
1993    21     0.114
1993    22     0.174
1993    23     0.241
1993    24     0.312
1993    25     0.384
1993    26     0.455
1993    27     0.517
1993    28     0.571
1993    29     0.615
1993    30     0.650
1993    31     0.678
1993    32     0.701
1993    33     0.719
1993    34     0.734
1993    35     0.747
1993    36     0.757
1993    37     0.764
1993    38     0.770
1993    39     0.774
1993    40     0.778
1993    41     0.780
1993    42     0.782
1993    43     0.783
1993    44     0.783
1993    45     0.784
1993    46     0.784
1993    47     0.784
1993    48     0.784
1993    49     0.784
1993    50     0.784
1993    51     0.784
1993    52     0.784
1993    53     0.784
1993    54     0.784
1993    55     0.784
1994    12     0.000
1994    13     0.000
1994    14     0.000
1994    15     0.001
1994    16     0.002
1994    17     0.006
1994    18     0.015
1994    19     0.030
1994    20     0.057
1994    21     0.097
1994    22     0.150
1994    23     0.212
1994    24     0.279
1994    25     0.349
1994    26     0.420
1994    27     0.486
1994    28     0.545
1994    29     0.594
1994    30     0.633
1994    31     0.665
1994    32     0.690
1994    33     0.710
1994    34     0.726
1994    35     0.739
1994    36     0.749
1994    37     0.758
1994    38     0.765
1994    39     0.769
1994    40     0.773
1994    41     0.776
1994    42     0.778
1994    43     0.779
1994    44     0.780
1994    45     0.780
1994    46     0.780
1994    47     0.780
1994    48     0.780
1994    49     0.780
1994    50     0.780
1994    51     0.780
1994    52     0.780
1994    53     0.780
1994    54     0.780
1994    55     0.780
1995    12     0.000
1995    13     0.000
1995    14     0.000
1995    15     0.001
1995    16     0.002
1995    17     0.006
1995    18     0.014
1995    19     0.029
1995    20     0.054
1995    21     0.092
1995    22     0.143
1995    23     0.204
1995    24     0.274
1995    25     0.349
1995    26     0.425
1995    27     0.499
1995    28     0.567
1995    29     0.627
1995    30     0.676
1995    31     0.714
1995    32     0.745
1995    33     0.769
1995    34     0.788
1995    35     0.802
1995    36     0.815
1995    37     0.825
1995    38     0.832
1995    39     0.838
1995    40     0.841
1995    41     0.844
1995    42     0.846
1995    43     0.847
1995    44     0.848
1995    45     0.848
1995    46     0.848
1995    47     0.848
1995    48     0.848
1995    49     0.848
1995    50     0.848
1995    51     0.848
1995    52     0.848
1995    53     0.848
1995    54     0.848
1995    55     0.848
1996    12     0.000
1996    13     0.000
1996    14     0.000
1996    15     0.001
1996    16     0.003
1996    17     0.007
1996    18     0.016
1996    19     0.031
1996    20     0.055
1996    21     0.091
1996    22     0.142
1996    23     0.207
1996    24     0.283
1996    25     0.366
1996    26     0.452
1996    27     0.537
1996    28     0.617
1996    29     0.690
1996    30     0.752
1996    31     0.802
1996    32     0.841
1996    33     0.871
1996    34     0.894
1996    35     0.913
1996    36     0.927
1996    37     0.939
1996    38     0.947
1996    39     0.954
1996    40     0.959
1996    41     0.962
1996    42     0.964
1996    43     0.966
1996    44     0.966
1996    45     0.967
1996    46     0.967
1996    47     0.967
1996    48     0.967
1996    49     0.967
1996    50     0.967
1996    51     0.967
1996    52     0.967
1996    53     0.967
1996    54     0.967
1996    55     0.967
1997    12     0.000
1997    13     0.000
1997    14     0.000
1997    15     0.001
1997    16     0.002
1997    17     0.007
1997    18     0.016
1997    19     0.032
1997    20     0.057
1997    21     0.093
1997    22     0.143
1997    23     0.205
1997    24     0.282
1997    25     0.370
1997    26     0.464
1997    27     0.556
1997    28     0.647
1997    29     0.730
1997    30     0.802
1997    31     0.861
1997    32     0.909
1997    33     0.946
1997    34     0.975
1997    35     0.997
1997    36     1.015
1997    37     1.028
1997    38     1.039
1997    39     1.046
1997    40     1.052
1997    41     1.055
1997    42     1.058
1997    43     1.059
1997    44     1.060
1997    45     1.061
1997    46     1.061
1997    47     1.061
1997    48     1.061
1997    49     1.061
1997    50     1.061
1997    51     1.061
1997    52     1.061
1997    53     1.061
1997    54     1.061
1997    55     1.061
1998    12     0.000
1998    13     0.000
1998    14     0.000
1998    15     0.001
1998    16     0.002
1998    17     0.007
1998    18     0.017
1998    19     0.034
1998    20     0.060
1998    21     0.098
1998    22     0.147
1998    23     0.207
1998    24     0.281
1998    25     0.369
1998    26     0.464
1998    27     0.561
1998    28     0.655
1998    29     0.742
1998    30     0.821
1998    31     0.889
1998    32     0.943
1998    33     0.985
1998    34     1.019
1998    35     1.044
1998    36     1.064
1998    37     1.079
1998    38     1.090
1998    39     1.099
1998    40     1.104
1998    41     1.109
1998    42     1.111
1998    43     1.113
1998    44     1.114
1998    45     1.114
1998    46     1.114
1998    47     1.114
1998    48     1.114
1998    49     1.114
1998    50     1.114
1998    51     1.114
1998    52     1.114
1998    53     1.114
1998    54     1.114
1998    55     1.114
1999    12     0.000
1999    13     0.000
1999    14     0.000
1999    15     0.001
1999    16     0.003
1999    17     0.008
1999    18     0.018
1999    19     0.036
1999    20     0.064
1999    21     0.103
1999    22     0.153
1999    23     0.212
1999    24     0.282
1999    25     0.367
1999    26     0.466
1999    27     0.569
1999    28     0.667
1999    29     0.760
1999    30     0.845
1999    31     0.918
1999    32     0.979
1999    33     1.028
1999    34     1.067
1999    35     1.097
1999    36     1.119
1999    37     1.137
1999    38     1.150
1999    39     1.159
1999    40     1.166
1999    41     1.171
1999    42     1.174
1999    43     1.176
1999    44     1.177
1999    45     1.177
1999    46     1.177
1999    47     1.177
1999    48     1.178
1999    49     1.178
1999    50     1.178
1999    51     1.178
1999    52     1.178
1999    53     1.178
1999    54     1.178
1999    55     1.178
2000    12     0.000
2000    13     0.000
2000    14     0.000
2000    15     0.001
2000    16     0.003
2000    17     0.008
2000    18     0.019
2000    19     0.038
2000    20     0.068
2000    21     0.107
2000    22     0.158
2000    23     0.218
2000    24     0.289
2000    25     0.374
2000    26     0.471
2000    27     0.575
2000    28     0.680
2000    29     0.781
2000    30     0.874
2000    31     0.956
2000    32     1.025
2000    33     1.081
2000    34     1.125
2000    35     1.161
2000    36     1.188
2000    37     1.208
2000    38     1.223
2000    39     1.233
2000    40     1.241
2000    41     1.246
2000    42     1.250
2000    43     1.252
2000    44     1.253
2000    45     1.254
2000    46     1.254
2000    47     1.254
2000    48     1.254
2000    49     1.254
2000    50     1.254
2000    51     1.254
2000    52     1.254
2000    53     1.254
2000    54     1.254
2000    55     1.254
2001    12     0.000
2001    13     0.000
2001    14     0.000
2001    15     0.001
2001    16     0.003
2001    17     0.009
2001    18     0.020
2001    19     0.041
2001    20     0.071
2001    21     0.110
2001    22     0.159
2001    23     0.216
2001    24     0.284
2001    25     0.364
2001    26     0.455
2001    27     0.555
2001    28     0.657
2001    29     0.757
2001    30     0.850
2001    31     0.932
2001    32     1.003
2001    33     1.061
2001    34     1.109
2001    35     1.146
2001    36     1.175
2001    37     1.196
2001    38     1.211
2001    39     1.223
2001    40     1.231
2001    41     1.236
2001    42     1.240
2001    43     1.242
2001    44     1.243
2001    45     1.244
2001    46     1.244
2001    47     1.244
2001    48     1.244
2001    49     1.244
2001    50     1.244
2001    51     1.244
2001    52     1.244
2001    53     1.244
2001    54     1.244
2001    55     1.244
2002    12     0.000
2002    13     0.000
2002    14     0.000
2002    15     0.001
2002    16     0.004
2002    17     0.010
2002    18     0.022
2002    19     0.041
2002    20     0.070
2002    21     0.108
2002    22     0.155
2002    23     0.210
2002    24     0.276
2002    25     0.352
2002    26     0.437
2002    27     0.533
2002    28     0.634
2002    29     0.735
2002    30     0.831
2002    31     0.919
2002    32     0.994
2002    33     1.056
2002    34     1.106
2002    35     1.147
2002    36     1.178
2002    37     1.201
2002    38     1.218
2002    39     1.230
2002    40     1.239
2002    41     1.244
2002    42     1.248
2002    43     1.250
2002    44     1.251
2002    45     1.252
2002    46     1.252
2002    47     1.252
2002    48     1.252
2002    49     1.252
2002    50     1.252
2002    51     1.252
2002    52     1.252
2002    53     1.252
2002    54     1.252
2002    55     1.252
2003    12     0.000
2003    13     0.000
2003    14     0.000
2003    15     0.001
2003    16     0.003
2003    17     0.009
2003    18     0.021
2003    19     0.040
2003    20     0.068
2003    21     0.105
2003    22     0.153
2003    23     0.208
2003    24     0.272
2003    25     0.347
2003    26     0.432
2003    27     0.526
2003    28     0.627
2003    29     0.731
2003    30     0.830
2003    31     0.920
2003    32     0.998
2003    33     1.064
2003    34     1.118
2003    35     1.163
2003    36     1.198
2003    37     1.223
2003    38     1.242
2003    39     1.255
2003    40     1.265
2003    41     1.271
2003    42     1.275
2003    43     1.278
2003    44     1.279
2003    45     1.280
2003    46     1.280
2003    47     1.280
2003    48     1.280
2003    49     1.280
2003    50     1.280
2003    51     1.280
2003    52     1.280
2003    53     1.280
2003    54     1.280
2003    55     1.280
2004    12     0.000
2004    13     0.000
2004    14     0.000
2004    15     0.001
2004    16     0.003
2004    17     0.009
2004    18     0.020
2004    19     0.039
2004    20     0.066
2004    21     0.104
2004    22     0.150
2004    23     0.204
2004    24     0.269
2004    25     0.346
2004    26     0.433
2004    27     0.527
2004    28     0.628
2004    29     0.734
2004    30     0.837
2004    31     0.931
2004    32     1.016
2004    33     1.089
2004    34     1.149
2004    35     1.197
2004    36     1.236
2004    37     1.265
2004    38     1.286
2004    39     1.301
2004    40     1.312
2004    41     1.318
2004    42     1.323
2004    43     1.326
2004    44     1.327
2004    45     1.328
2004    46     1.328
2004    47     1.328
2004    48     1.329
2004    49     1.329
2004    50     1.329
2004    51     1.329
2004    52     1.329
2004    53     1.329
2004    54     1.329
2004    55     1.329
2005    12     0.000
2005    13     0.000
2005    14     0.000
2005    15     0.001
2005    16     0.003
2005    17     0.009
2005    18     0.020
2005    19     0.037
2005    20     0.066
2005    21     0.104
2005    22     0.150
2005    23     0.203
2005    24     0.264
2005    25     0.336
2005    26     0.420
2005    27     0.511
2005    28     0.607
2005    29     0.706
2005    30     0.805
2005    31     0.900
2005    32     0.987
2005    33     1.062
2005    34     1.125
2005    35     1.176
2005    36     1.216
2005    37     1.246
2005    38     1.269
2005    39     1.285
2005    40     1.296
2005    41     1.304
2005    42     1.308
2005    43     1.311
2005    44     1.313
2005    45     1.313
2005    46     1.314
2005    47     1.314
2005    48     1.314
2005    49     1.314
2005    50     1.314
2005    51     1.314
2005    52     1.314
2005    53     1.314
2005    54     1.314
2005    55     1.314
2006    12     0.000
2006    13     0.000
2006    14     0.000
2006    15     0.001
2006    16     0.004
2006    17     0.010
2006    18     0.021
2006    19     0.039
2006    20     0.067
2006    21     0.104
2006    22     0.148
2006    23     0.200
2006    24     0.261
2006    25     0.331
2006    26     0.412
2006    27     0.502
2006    28     0.597
2006    29     0.695
2006    30     0.793
2006    31     0.889
2006    32     0.978
2006    33     1.055
2006    34     1.119
2006    35     1.172
2006    36     1.215
2006    37     1.248
2006    38     1.273
2006    39     1.291
2006    40     1.304
2006    41     1.312
2006    42     1.318
2006    43     1.321
2006    44     1.322
2006    45     1.323
2006    46     1.324
2006    47     1.324
2006    48     1.324
2006    49     1.324
2006    50     1.324
2006    51     1.324
2006    52     1.324
2006    53     1.324
2006    54     1.324
2006    55     1.324
2007    12     0.000
2007    13     0.000
2007    14     0.000
2007    15     0.002
2007    16     0.005
2007    17     0.011
2007    18     0.022
2007    19     0.040
2007    20     0.068
2007    21     0.104
2007    22     0.148
2007    23     0.199
2007    24     0.259
2007    25     0.329
2007    26     0.411
2007    27     0.501
2007    28     0.599
2007    29     0.701
2007    30     0.804
2007    31     0.904
2007    32     0.998
2007    33     1.082
2007    34     1.155
2007    35     1.217
2007    36     1.266
2007    37     1.305
2007    38     1.334
2007    39     1.354
2007    40     1.369
2007    41     1.379
2007    42     1.384
2007    43     1.388
2007    44     1.389
2007    45     1.390
2007    46     1.391
2007    47     1.391
2007    48     1.391
2007    49     1.391
2007    50     1.391
2007    51     1.391
2007    52     1.391
2007    53     1.391
2007    54     1.391
2007    55     1.391
2008    12     0.000
2008    13     0.000
2008    14     0.000
2008    15     0.001
2008    16     0.005
2008    17     0.013
2008    18     0.026
2008    19     0.044
2008    20     0.071
2008    21     0.106
2008    22     0.149
2008    23     0.199
2008    24     0.257
2008    25     0.326
2008    26     0.407
2008    27     0.497
2008    28     0.595
2008    29     0.699
2008    30     0.803
2008    31     0.906
2008    32     1.005
2008    33     1.094
2008    34     1.172
2008    35     1.239
2008    36     1.294
2008    37     1.337
2008    38     1.368
2008    39     1.392
2008    40     1.409
2008    41     1.420
2008    42     1.427
2008    43     1.431
2008    44     1.433
2008    45     1.434
2008    46     1.434
2008    47     1.435
2008    48     1.435
2008    49     1.435
2008    50     1.435
2008    51     1.435
2008    52     1.435
2008    53     1.435
2008    54     1.435
2008    55     1.435
2009    12     0.000
2009    13     0.000
2009    14     0.000
2009    15     0.001
2009    16     0.004
2009    17     0.012
2009    18     0.026
2009    19     0.047
2009    20     0.073
2009    21     0.105
2009    22     0.146
2009    23     0.194
2009    24     0.251
2009    25     0.318
2009    26     0.397
2009    27     0.486
2009    28     0.582
2009    29     0.682
2009    30     0.785
2009    31     0.886
2009    32     0.983
2009    33     1.072
2009    34     1.152
2009    35     1.221
2009    36     1.279
2009    37     1.324
2009    38     1.358
2009    39     1.383
2009    40     1.401
2009    41     1.413
2009    42     1.421
2009    43     1.425
2009    44     1.428
2009    45     1.429
2009    46     1.430
2009    47     1.430
2009    48     1.430
2009    49     1.430
2009    50     1.430
2009    51     1.430
2009    52     1.430
2009    53     1.430
2009    54     1.430
2009    55     1.430
2010    12     0.000
2010    13     0.000
2010    14     0.000
2010    15     0.001
2010    16     0.004
2010    17     0.013
2010    18     0.028
2010    19     0.052
2010    20     0.081
2010    21     0.114
2010    22     0.154
2010    23     0.201
2010    24     0.257
2010    25     0.326
2010    26     0.408
2010    27     0.500
2010    28     0.599
2010    29     0.703
2010    30     0.808
2010    31     0.913
2010    32     1.012
2010    33     1.104
2010    34     1.187
2010    35     1.260
2010    36     1.322
2010    37     1.372
2010    38     1.409
2010    39     1.435
2010    40     1.455
2010    41     1.469
2010    42     1.477
2010    43     1.482
2010    44     1.484
2010    45     1.486
2010    46     1.486
2010    47     1.486
2010    48     1.487
2010    49     1.487
2010    50     1.487
2010    51     1.487
2010    52     1.487
2010    53     1.487
2010    54     1.487
2010    55     1.487
2011    12     0.000
2011    13     0.000
2011    14     0.000
2011    15     0.001
2011    16     0.004
2011    17     0.012
2011    18     0.026
2011    19     0.049
2011    20     0.082
2011    21     0.117
2011    22     0.155
2011    23     0.200
2011    24     0.253
2011    25     0.318
2011    26     0.397
2011    27     0.484
2011    28     0.580
2011    29     0.682
2011    30     0.785
2011    31     0.887
2011    32     0.984
2011    33     1.074
2011    34     1.156
2011    35     1.228
2011    36     1.289
2011    37     1.340
2011    38     1.378
2011    39     1.408
2011    40     1.429
2011    41     1.443
2011    42     1.451
2011    43     1.456
2011    44     1.459
2011    45     1.460
2011    46     1.461
2011    47     1.461
2011    48     1.462
2011    49     1.462
2011    50     1.462
2011    51     1.462
2011    52     1.462
2011    53     1.462
2011    54     1.462
2011    55     1.462
2012    12     0.000
2012    13     0.000
2012    14     0.000
2012    15     0.001
2012    16     0.004
2012    17     0.010
2012    18     0.023
2012    19     0.045
2012    20     0.078
2012    21     0.118
2012    22     0.158
2012    23     0.201
2012    24     0.254
2012    25     0.319
2012    26     0.397
2012    27     0.488
2012    28     0.586
2012    29     0.687
2012    30     0.791
2012    31     0.895
2012    32     0.994
2012    33     1.086
2012    34     1.168
2012    35     1.240
2012    36     1.303
2012    37     1.357
2012    38     1.398
2012    39     1.429
2012    40     1.452
2012    41     1.467
2012    42     1.476
2012    43     1.482
2012    44     1.485
2012    45     1.487
2012    46     1.487
2012    47     1.488
2012    48     1.488
2012    49     1.488
2012    50     1.488
2012    51     1.488
2012    52     1.488
2012    53     1.488
2012    54     1.488
2012    55     1.488
2013    12     0.000
2013    13     0.000
2013    14     0.000
2013    15     0.001
2013    16     0.003
2013    17     0.009
2013    18     0.021
2013    19     0.043
2013    20     0.074
2013    21     0.111
2013    22     0.154
2013    23     0.200
2013    24     0.251
2013    25     0.315
2013    26     0.393
2013    27     0.482
2013    28     0.580
2013    29     0.683
2013    30     0.788
2013    31     0.893
2013    32     0.992
2013    33     1.084
2013    34     1.165
2013    35     1.238
2013    36     1.303
2013    37     1.357
2013    38     1.400
2013    39     1.431
2013    40     1.455
2013    41     1.472
2013    42     1.482
2013    43     1.487
2013    44     1.491
2013    45     1.492
2013    46     1.493
2013    47     1.494
2013    48     1.494
2013    49     1.494
2013    50     1.494
2013    51     1.494
2013    52     1.494
2013    53     1.494
2013    54     1.494
2013    55     1.494
2014    12     0.000
2014    13     0.000
2014    14     0.000
2014    15     0.001
2014    16     0.004
2014    17     0.010
2014    18     0.022
2014    19     0.042
2014    20     0.072
2014    21     0.107
2014    22     0.150
2014    23     0.199
2014    24     0.253
2014    25     0.317
2014    26     0.396
2014    27     0.486
2014    28     0.586
2014    29     0.692
2014    30     0.801
2014    31     0.909
2014    32     1.014
2014    33     1.111
2014    34     1.197
2014    35     1.274
2014    36     1.340
2014    37     1.396
2014    38     1.441
2014    39     1.477
2014    40     1.504
2014    41     1.521
2014    42     1.532
2014    43     1.539
2014    44     1.542
2014    45     1.544
2014    46     1.545
2014    47     1.545
2014    48     1.545
2014    49     1.545
2014    50     1.546
2014    51     1.546
2014    52     1.546
2014    53     1.546
2014    54     1.546
2014    55     1.546
2015    12     0.000
2015    13     0.000
2015    14     0.000
2015    15     0.001
2015    16     0.003
2015    17     0.009
2015    18     0.021
2015    19     0.041
2015    20     0.069
2015    21     0.105
2015    22     0.146
2015    23     0.194
2015    24     0.251
2015    25     0.317
2015    26     0.395
2015    27     0.487
2015    28     0.587
2015    29     0.695
2015    30     0.806
2015    31     0.915
2015    32     1.019
2015    33     1.117
2015    34     1.205
2015    35     1.284
2015    36     1.353
2015    37     1.409
2015    38     1.454
2015    39     1.490
2015    40     1.517
2015    41     1.536
2015    42     1.548
2015    43     1.555
2015    44     1.559
2015    45     1.561
2015    46     1.562
2015    47     1.562
2015    48     1.562
2015    49     1.562
2015    50     1.562
2015    51     1.562
2015    52     1.562
2015    53     1.562
2015    54     1.562
2015    55     1.562
2016    12     0.000
2016    13     0.000
2016    14     0.000
2016    15     0.001
2016    16     0.004
2016    17     0.010
2016    18     0.023
2016    19     0.044
2016    20     0.074
2016    21     0.113
2016    22     0.159
2016    23     0.211
2016    24     0.272
2016    25     0.345
2016    26     0.427
2016    27     0.520
2016    28     0.626
2016    29     0.738
2016    30     0.853
2016    31     0.966
2016    32     1.074
2016    33     1.174
2016    34     1.266
2016    35     1.349
2016    36     1.420
2016    37     1.480
2016    38     1.529
2016    39     1.566
2016    40     1.595
2016    41     1.616
2016    42     1.630
2016    43     1.638
2016    44     1.642
2016    45     1.644
2016    46     1.645
2016    47     1.646
2016    48     1.646
2016    49     1.646
2016    50     1.646
2016    51     1.646
2016    52     1.646
2016    53     1.646
2016    54     1.646
2016    55     1.646
2017    12     0.000
2017    13     0.000
2017    14     0.000
2017    15     0.001
2017    16     0.003
2017    17     0.009
2017    18     0.019
2017    19     0.037
2017    20     0.064
2017    21     0.097
2017    22     0.138
2017    23     0.186
2017    24     0.243
2017    25     0.312
2017    26     0.394
2017    27     0.488
2017    28     0.592
2017    29     0.704
2017    30     0.819
2017    31     0.933
2017    32     1.043
2017    33     1.144
2017    34     1.235
2017    35     1.316
2017    36     1.386
2017    37     1.446
2017    38     1.494
2017    39     1.533
2017    40     1.563
2017    41     1.584
2017    42     1.598
2017    43     1.607
2017    44     1.611
2017    45     1.614
2017    46     1.615
2017    47     1.616
2017    48     1.616
2017    49     1.616
2017    50     1.616
2017    51     1.616
2017    52     1.616
2017    53     1.616
2017    54     1.616
2017    55     1.616
