Germany, Period fertility rates by calendar year, age and birth order (Lexis squares, age in completed years (ACY))
Last modified: 04/02/2019
Year    Age        ASFR       ASFR1       ASFR2       ASFR3       ASFR4      ASFR5p
2009     12-    0.00000     0.00000     0.00000     0.00000     0.00000     0.00000
2009     13     0.00004     0.00004     0.00000     0.00000     0.00000     0.00000
2009     14     0.00036     0.00035     0.00000     0.00000     0.00000     0.00000
2009     15     0.00133     0.00131     0.00003     0.00000     0.00000     0.00000
2009     16     0.00371     0.00360     0.00011     0.00000     0.00000     0.00000
2009     17     0.00730     0.00687     0.00040     0.00002     0.00000     0.00000
2009     18     0.01296     0.01169     0.00116     0.00010     0.00001     0.00000
2009     19     0.02018     0.01741     0.00253     0.00023     0.00001     0.00000
2009     20     0.02722     0.02188     0.00470     0.00057     0.00005     0.00000
2009     21     0.03384     0.02513     0.00736     0.00116     0.00015     0.00004
2009     22     0.04045     0.02799     0.01007     0.00200     0.00032     0.00007
2009     23     0.04774     0.03118     0.01289     0.00292     0.00061     0.00015
2009     24     0.05654     0.03551     0.01601     0.00387     0.00091     0.00025
2009     25     0.06587     0.04017     0.01922     0.00488     0.00122     0.00038
2009     26     0.07476     0.04370     0.02291     0.00605     0.00152     0.00058
2009     27     0.08278     0.04625     0.02670     0.00718     0.00185     0.00080
2009     28     0.08970     0.04824     0.02995     0.00824     0.00223     0.00104
2009     29     0.09527     0.04917     0.03291     0.00940     0.00261     0.00118
2009     30     0.09823     0.04839     0.03522     0.01038     0.00288     0.00136
2009     31     0.09741     0.04514     0.03657     0.01106     0.00306     0.00158
2009     32     0.09320     0.04029     0.03649     0.01155     0.00324     0.00163
2009     33     0.08707     0.03485     0.03510     0.01187     0.00351     0.00174
2009     34     0.07811     0.02910     0.03185     0.01177     0.00351     0.00187
2009     35     0.06778     0.02395     0.02723     0.01141     0.00332     0.00188
2009     36     0.05635     0.01894     0.02241     0.01006     0.00310     0.00184
2009     37     0.04445     0.01433     0.01762     0.00812     0.00270     0.00167
2009     38     0.03414     0.01054     0.01324     0.00663     0.00227     0.00147
2009     39     0.02523     0.00768     0.00939     0.00505     0.00185     0.00125
2009     40     0.01764     0.00542     0.00625     0.00349     0.00141     0.00107
2009     41     0.01117     0.00330     0.00383     0.00227     0.00096     0.00080
2009     42     0.00652     0.00184     0.00216     0.00134     0.00063     0.00056
2009     43     0.00366     0.00101     0.00106     0.00075     0.00041     0.00043
2009     44     0.00190     0.00053     0.00047     0.00040     0.00022     0.00028
2009     45     0.00089     0.00026     0.00022     0.00018     0.00009     0.00013
2009     46     0.00038     0.00012     0.00009     0.00007     0.00004     0.00006
2009     47     0.00019     0.00007     0.00004     0.00004     0.00002     0.00002
2009     48     0.00011     0.00004     0.00003     0.00003     0.00001     0.00001
2009     49     0.00006     0.00002     0.00001     0.00001     0.00001     0.00001
2009     50     0.00004     0.00002     0.00001     0.00001     0.00000     0.00001
2009     51     0.00003     0.00001     0.00001     0.00000     0.00000     0.00000
2009     52     0.00002     0.00001     0.00000     0.00000     0.00000     0.00000
2009     53     0.00001     0.00000     0.00000     0.00000     0.00000     0.00000
2009     54     0.00000     0.00000     0.00000     0.00000     0.00000     0.00000
2009     55+    0.00000     0.00000     0.00000     0.00000     0.00000     0.00000
2010     12-    0.00000     0.00000     0.00000     0.00000     0.00000     0.00000
2010     13     0.00004     0.00004     0.00000     0.00000     0.00000     0.00000
2010     14     0.00035     0.00034     0.00000     0.00000     0.00000     0.00000
2010     15     0.00129     0.00127     0.00002     0.00000     0.00000     0.00000
2010     16     0.00362     0.00350     0.00012     0.00000     0.00000     0.00000
2010     17     0.00716     0.00673     0.00040     0.00003     0.00000     0.00000
2010     18     0.01288     0.01160     0.00120     0.00007     0.00001     0.00000
2010     19     0.01991     0.01702     0.00263     0.00023     0.00003     0.00000
2010     20     0.02622     0.02103     0.00451     0.00059     0.00008     0.00001
2010     21     0.03289     0.02439     0.00714     0.00117     0.00017     0.00002
2010     22     0.03950     0.02723     0.00989     0.00198     0.00035     0.00005
2010     23     0.04686     0.03057     0.01268     0.00291     0.00058     0.00011
2010     24     0.05598     0.03519     0.01573     0.00395     0.00087     0.00023
2010     25     0.06614     0.04029     0.01923     0.00501     0.00122     0.00038
2010     26     0.07520     0.04416     0.02295     0.00602     0.00148     0.00059
2010     27     0.08383     0.04721     0.02682     0.00718     0.00183     0.00079
2010     28     0.09156     0.04950     0.03050     0.00837     0.00222     0.00097
2010     29     0.09735     0.05052     0.03346     0.00954     0.00255     0.00127
2010     30     0.10094     0.04997     0.03594     0.01060     0.00288     0.00155
2010     31     0.10057     0.04660     0.03776     0.01137     0.00318     0.00166
2010     32     0.09664     0.04158     0.03797     0.01197     0.00332     0.00179
2010     33     0.09027     0.03617     0.03647     0.01237     0.00338     0.00188
2010     34     0.08196     0.03067     0.03348     0.01240     0.00352     0.00189
2010     35     0.07181     0.02516     0.02898     0.01210     0.00357     0.00200
2010     36     0.06004     0.01971     0.02408     0.01086     0.00339     0.00200
2010     37     0.04763     0.01500     0.01887     0.00899     0.00292     0.00184
2010     38     0.03643     0.01116     0.01421     0.00715     0.00238     0.00152
2010     39     0.02732     0.00814     0.01031     0.00558     0.00201     0.00128
2010     40     0.01903     0.00576     0.00677     0.00387     0.00155     0.00109
2010     41     0.01196     0.00357     0.00410     0.00240     0.00103     0.00085
2010     42     0.00693     0.00199     0.00231     0.00141     0.00066     0.00056
2010     43     0.00373     0.00104     0.00119     0.00076     0.00040     0.00036
2010     44     0.00199     0.00054     0.00060     0.00040     0.00020     0.00024
2010     45     0.00099     0.00026     0.00029     0.00021     0.00011     0.00012
2010     46     0.00045     0.00012     0.00013     0.00010     0.00005     0.00006
2010     47     0.00020     0.00006     0.00006     0.00003     0.00002     0.00003
2010     48     0.00010     0.00004     0.00003     0.00001     0.00001     0.00002
2010     49     0.00007     0.00003     0.00002     0.00001     0.00000     0.00001
2010     50     0.00005     0.00002     0.00002     0.00001     0.00000     0.00001
2010     51     0.00003     0.00001     0.00001     0.00000     0.00000     0.00001
2010     52     0.00002     0.00001     0.00001     0.00000     0.00000     0.00000
2010     53     0.00001     0.00000     0.00000     0.00000     0.00000     0.00000
2010     54     0.00000     0.00000     0.00000     0.00000     0.00000     0.00000
2010     55+    0.00000     0.00000     0.00000     0.00000     0.00000     0.00000
2011     12-    0.00000     0.00000     0.00000     0.00000     0.00000     0.00000
2011     13     0.00004     0.00004     0.00000     0.00000     0.00000     0.00000
2011     14     0.00036     0.00036     0.00000     0.00000     0.00000     0.00000
2011     15     0.00129     0.00127     0.00002     0.00000     0.00000     0.00000
2011     16     0.00331     0.00322     0.00009     0.00000     0.00000     0.00000
2011     17     0.00656     0.00617     0.00038     0.00002     0.00000     0.00000
2011     18     0.01192     0.01073     0.00109     0.00009     0.00001     0.00000
2011     19     0.01879     0.01615     0.00236     0.00025     0.00002     0.00001
2011     20     0.02490     0.02001     0.00427     0.00054     0.00007     0.00001
2011     21     0.03056     0.02296     0.00649     0.00095     0.00014     0.00002
2011     22     0.03644     0.02552     0.00893     0.00164     0.00030     0.00005
2011     23     0.04365     0.02894     0.01153     0.00249     0.00055     0.00013
2011     24     0.05268     0.03373     0.01442     0.00347     0.00082     0.00024
2011     25     0.06268     0.03879     0.01779     0.00465     0.00109     0.00037
2011     26     0.07193     0.04290     0.02134     0.00571     0.00142     0.00056
2011     27     0.08088     0.04660     0.02522     0.00657     0.00174     0.00075
2011     28     0.08923     0.04905     0.02942     0.00776     0.00204     0.00097
2011     29     0.09524     0.05019     0.03271     0.00887     0.00231     0.00116
2011     30     0.09917     0.04988     0.03521     0.01008     0.00268     0.00131
2011     31     0.09984     0.04694     0.03715     0.01125     0.00300     0.00150
2011     32     0.09570     0.04137     0.03776     0.01179     0.00312     0.00166
2011     33     0.08921     0.03559     0.03666     0.01195     0.00324     0.00176
2011     34     0.08166     0.03073     0.03376     0.01192     0.00336     0.00189
2011     35     0.07231     0.02569     0.02960     0.01167     0.00336     0.00199
2011     36     0.06116     0.02041     0.02468     0.01087     0.00324     0.00195
2011     37     0.04873     0.01533     0.01942     0.00919     0.00297     0.00183
2011     38     0.03753     0.01144     0.01462     0.00739     0.00251     0.00158
2011     39     0.02814     0.00854     0.01077     0.00554     0.00198     0.00132
2011     40     0.01964     0.00587     0.00727     0.00386     0.00154     0.00110
2011     41     0.01229     0.00357     0.00433     0.00251     0.00111     0.00077
2011     42     0.00720     0.00205     0.00245     0.00148     0.00069     0.00052
2011     43     0.00396     0.00110     0.00129     0.00082     0.00038     0.00037
2011     44     0.00206     0.00056     0.00060     0.00045     0.00021     0.00023
2011     45     0.00099     0.00027     0.00025     0.00021     0.00012     0.00013
2011     46     0.00042     0.00012     0.00011     0.00007     0.00005     0.00006
2011     47     0.00020     0.00007     0.00005     0.00003     0.00002     0.00003
2011     48     0.00012     0.00004     0.00003     0.00002     0.00001     0.00002
2011     49     0.00007     0.00003     0.00002     0.00001     0.00001     0.00001
2011     50     0.00005     0.00002     0.00001     0.00001     0.00001     0.00001
2011     51     0.00004     0.00002     0.00001     0.00000     0.00000     0.00001
2011     52     0.00002     0.00001     0.00001     0.00000     0.00000     0.00000
2011     53     0.00001     0.00001     0.00000     0.00000     0.00000     0.00000
2011     54     0.00000     0.00000     0.00000     0.00000     0.00000     0.00000
2011     55+    0.00000     0.00000     0.00000     0.00000     0.00000     0.00000
2012     12-    0.00000     0.00000     0.00000     0.00000     0.00000     0.00000
2012     13     0.00004     0.00004     0.00000     0.00000     0.00000     0.00000
2012     14     0.00035     0.00035     0.00000     0.00000     0.00000     0.00000
2012     15     0.00122     0.00121     0.00002     0.00000     0.00000     0.00000
2012     16     0.00329     0.00319     0.00009     0.00000     0.00000     0.00000
2012     17     0.00655     0.00617     0.00036     0.00002     0.00000     0.00000
2012     18     0.01146     0.01025     0.00112     0.00009     0.00000     0.00000
2012     19     0.01850     0.01573     0.00249     0.00025     0.00003     0.00000
2012     20     0.02502     0.01988     0.00447     0.00061     0.00006     0.00000
2012     21     0.03010     0.02224     0.00661     0.00106     0.00016     0.00002
2012     22     0.03563     0.02483     0.00875     0.00170     0.00030     0.00005
2012     23     0.04289     0.02826     0.01148     0.00254     0.00051     0.00009
2012     24     0.05161     0.03287     0.01432     0.00341     0.00083     0.00018
2012     25     0.06217     0.03845     0.01774     0.00443     0.00120     0.00035
2012     26     0.07242     0.04310     0.02175     0.00553     0.00150     0.00054
2012     27     0.08138     0.04659     0.02567     0.00663     0.00175     0.00074
2012     28     0.08906     0.04894     0.02930     0.00785     0.00205     0.00091
2012     29     0.09634     0.05112     0.03285     0.00890     0.00237     0.00110
2012     30     0.10173     0.05137     0.03619     0.01015     0.00269     0.00132
2012     31     0.10157     0.04786     0.03799     0.01117     0.00304     0.00151
2012     32     0.09777     0.04263     0.03844     0.01180     0.00321     0.00169
2012     33     0.09155     0.03664     0.03770     0.01211     0.00330     0.00180
2012     34     0.08339     0.03098     0.03511     0.01197     0.00342     0.00191
2012     35     0.07404     0.02603     0.03098     0.01164     0.00347     0.00192
2012     36     0.06299     0.02075     0.02595     0.01096     0.00343     0.00190
2012     37     0.05061     0.01562     0.02048     0.00962     0.00315     0.00173
2012     38     0.03943     0.01173     0.01552     0.00790     0.00274     0.00154
2012     39     0.02974     0.00881     0.01127     0.00607     0.00218     0.00141
2012     40     0.02048     0.00616     0.00747     0.00412     0.00161     0.00113
2012     41     0.01295     0.00380     0.00455     0.00260     0.00115     0.00084
2012     42     0.00770     0.00219     0.00261     0.00157     0.00073     0.00060
2012     43     0.00419     0.00119     0.00136     0.00085     0.00041     0.00038
2012     44     0.00214     0.00060     0.00065     0.00043     0.00022     0.00024
2012     45     0.00108     0.00029     0.00030     0.00021     0.00012     0.00015
2012     46     0.00050     0.00016     0.00013     0.00009     0.00006     0.00006
2012     47     0.00025     0.00010     0.00007     0.00003     0.00003     0.00002
2012     48     0.00015     0.00006     0.00005     0.00001     0.00001     0.00001
2012     49     0.00006     0.00002     0.00003     0.00001     0.00000     0.00000
2012     50     0.00004     0.00001     0.00001     0.00001     0.00000     0.00001
2012     51     0.00004     0.00001     0.00001     0.00001     0.00000     0.00001
2012     52     0.00003     0.00001     0.00001     0.00000     0.00000     0.00000
2012     53     0.00001     0.00001     0.00000     0.00000     0.00000     0.00000
2012     54     0.00000     0.00000     0.00000     0.00000     0.00000     0.00000
2012     55+    0.00000     0.00000     0.00000     0.00000     0.00000     0.00000
2013     12-    0.00000     0.00000     0.00000     0.00000     0.00000     0.00000
2013     13     0.00003     0.00003     0.00000     0.00000     0.00000     0.00000
2013     14     0.00036     0.00036     0.00000     0.00000     0.00000     0.00000
2013     15     0.00125     0.00122     0.00003     0.00000     0.00000     0.00000
2013     16     0.00304     0.00292     0.00012     0.00000     0.00000     0.00000
2013     17     0.00643     0.00600     0.00040     0.00003     0.00000     0.00000
2013     18     0.01166     0.01045     0.00111     0.00010     0.00000     0.00000
2013     19     0.01751     0.01486     0.00238     0.00026     0.00002     0.00000
2013     20     0.02333     0.01831     0.00431     0.00061     0.00009     0.00002
2013     21     0.02884     0.02114     0.00634     0.00115     0.00017     0.00003
2013     22     0.03469     0.02403     0.00854     0.00179     0.00028     0.00005
2013     23     0.04152     0.02738     0.01100     0.00253     0.00048     0.00012
2013     24     0.05034     0.03210     0.01385     0.00339     0.00078     0.00022
2013     25     0.06098     0.03811     0.01726     0.00422     0.00105     0.00034
2013     26     0.07110     0.04305     0.02083     0.00530     0.00138     0.00054
2013     27     0.08060     0.04652     0.02493     0.00654     0.00186     0.00075
2013     28     0.08955     0.04950     0.02922     0.00774     0.00217     0.00091
2013     29     0.09613     0.05136     0.03249     0.00884     0.00237     0.00107
2013     30     0.10149     0.05177     0.03586     0.00997     0.00262     0.00127
2013     31     0.10329     0.04934     0.03844     0.01111     0.00296     0.00143
2013     32     0.09951     0.04389     0.03896     0.01169     0.00325     0.00173
2013     33     0.09351     0.03785     0.03825     0.01210     0.00343     0.00188
2013     34     0.08602     0.03245     0.03595     0.01232     0.00352     0.00178
2013     35     0.07585     0.02679     0.03167     0.01216     0.00344     0.00180
2013     36     0.06433     0.02130     0.02663     0.01127     0.00333     0.00180
2013     37     0.05297     0.01664     0.02164     0.00983     0.00307     0.00179
2013     38     0.04152     0.01260     0.01641     0.00812     0.00271     0.00169
2013     39     0.03130     0.00946     0.01183     0.00626     0.00226     0.00149
2013     40     0.02178     0.00656     0.00801     0.00436     0.00168     0.00117
2013     41     0.01366     0.00399     0.00496     0.00275     0.00117     0.00079
2013     42     0.00809     0.00236     0.00284     0.00156     0.00074     0.00058
2013     43     0.00449     0.00132     0.00145     0.00088     0.00042     0.00042
2013     44     0.00229     0.00069     0.00068     0.00046     0.00022     0.00024
2013     45     0.00109     0.00034     0.00032     0.00022     0.00010     0.00012
2013     46     0.00056     0.00017     0.00016     0.00010     0.00004     0.00008
2013     47     0.00026     0.00009     0.00007     0.00004     0.00002     0.00004
2013     48     0.00013     0.00005     0.00003     0.00002     0.00001     0.00001
2013     49     0.00009     0.00003     0.00002     0.00002     0.00001     0.00001
2013     50     0.00006     0.00002     0.00001     0.00001     0.00001     0.00001
2013     51     0.00004     0.00001     0.00001     0.00001     0.00000     0.00000
2013     52     0.00002     0.00001     0.00001     0.00000     0.00000     0.00000
2013     53     0.00001     0.00000     0.00000     0.00000     0.00000     0.00000
2013     54     0.00000     0.00000     0.00000     0.00000     0.00000     0.00000
2013     55+    0.00000     0.00000     0.00000     0.00000     0.00000     0.00000
2014     12-    0.00000     0.00000     0.00000     0.00000     0.00000     0.00000
2014     13     0.00005     0.00005     0.00000     0.00000     0.00000     0.00000
2014     14     0.00042     0.00042     0.00000     0.00000     0.00000     0.00000
2014     15     0.00131     0.00129     0.00002     0.00000     0.00000     0.00000
2014     16     0.00329     0.00318     0.00011     0.00001     0.00000     0.00000
2014     17     0.00650     0.00603     0.00044     0.00003     0.00000     0.00000
2014     18     0.01131     0.00996     0.00124     0.00010     0.00000     0.00000
2014     19     0.01752     0.01472     0.00247     0.00029     0.00004     0.00000
2014     20     0.02300     0.01789     0.00431     0.00069     0.00008     0.00002
2014     21     0.02850     0.02046     0.00664     0.00115     0.00022     0.00004
2014     22     0.03473     0.02359     0.00889     0.00181     0.00037     0.00007
2014     23     0.04164     0.02715     0.01118     0.00261     0.00059     0.00012
2014     24     0.05039     0.03228     0.01367     0.00342     0.00080     0.00022
2014     25     0.06139     0.03857     0.01700     0.00440     0.00105     0.00037
2014     26     0.07222     0.04394     0.02081     0.00547     0.00143     0.00057
2014     27     0.08245     0.04835     0.02487     0.00665     0.00185     0.00074
2014     28     0.09250     0.05205     0.02929     0.00804     0.00220     0.00092
2014     29     0.10099     0.05458     0.03340     0.00919     0.00260     0.00122
2014     30     0.10653     0.05526     0.03668     0.01034     0.00283     0.00141
2014     31     0.10825     0.05250     0.03961     0.01159     0.00302     0.00153
2014     32     0.10518     0.04700     0.04066     0.01250     0.00330     0.00173
2014     33     0.09841     0.04054     0.03971     0.01285     0.00348     0.00183
2014     34     0.09027     0.03433     0.03743     0.01292     0.00365     0.00193
2014     35     0.07998     0.02864     0.03300     0.01262     0.00365     0.00206
2014     36     0.06775     0.02288     0.02763     0.01162     0.00356     0.00205
2014     37     0.05557     0.01762     0.02266     0.01014     0.00330     0.00186
2014     38     0.04444     0.01356     0.01767     0.00854     0.00289     0.00178
2014     39     0.03386     0.01026     0.01292     0.00660     0.00243     0.00165
2014     40     0.02366     0.00709     0.00867     0.00468     0.00192     0.00131
2014     41     0.01512     0.00442     0.00531     0.00312     0.00129     0.00099
2014     42     0.00897     0.00266     0.00306     0.00182     0.00076     0.00067
2014     43     0.00483     0.00138     0.00159     0.00095     0.00047     0.00044
2014     44     0.00238     0.00069     0.00073     0.00047     0.00025     0.00024
2014     45     0.00119     0.00040     0.00034     0.00022     0.00011     0.00012
2014     46     0.00058     0.00020     0.00016     0.00011     0.00005     0.00006
2014     47     0.00029     0.00010     0.00009     0.00005     0.00002     0.00003
2014     48     0.00015     0.00006     0.00004     0.00002     0.00001     0.00001
2014     49     0.00008     0.00003     0.00002     0.00001     0.00001     0.00001
2014     50     0.00006     0.00002     0.00002     0.00001     0.00000     0.00001
2014     51     0.00004     0.00002     0.00001     0.00001     0.00000     0.00001
2014     52     0.00002     0.00001     0.00001     0.00000     0.00000     0.00000
2014     53     0.00001     0.00000     0.00000     0.00000     0.00000     0.00000
2014     54     0.00000     0.00000     0.00000     0.00000     0.00000     0.00000
2014     55+    0.00000     0.00000     0.00000     0.00000     0.00000     0.00000
2015     12-    0.00000     0.00000     0.00000     0.00000     0.00000     0.00000
2015     13     0.00006     0.00005     0.00000     0.00000     0.00000     0.00000
2015     14     0.00046     0.00045     0.00001     0.00000     0.00000     0.00000
2015     15     0.00138     0.00135     0.00003     0.00000     0.00000     0.00000
2015     16     0.00329     0.00315     0.00014     0.00001     0.00000     0.00000
2015     17     0.00636     0.00581     0.00050     0.00004     0.00001     0.00000
2015     18     0.01118     0.00966     0.00136     0.00014     0.00001     0.00000
2015     19     0.01765     0.01443     0.00284     0.00035     0.00003     0.00000
2015     20     0.02354     0.01792     0.00478     0.00071     0.00010     0.00002
2015     21     0.02879     0.02028     0.00701     0.00126     0.00022     0.00002
2015     22     0.03466     0.02300     0.00922     0.00201     0.00036     0.00008
2015     23     0.04179     0.02665     0.01144     0.00290     0.00063     0.00017
2015     24     0.05063     0.03204     0.01375     0.00362     0.00095     0.00027
2015     25     0.06133     0.03835     0.01699     0.00441     0.00120     0.00039
2015     26     0.07272     0.04385     0.02109     0.00567     0.00154     0.00056
2015     27     0.08363     0.04876     0.02531     0.00693     0.00186     0.00077
2015     28     0.09411     0.05299     0.02979     0.00809     0.00226     0.00098
2015     29     0.10246     0.05540     0.03373     0.00943     0.00263     0.00127
2015     30     0.10835     0.05576     0.03724     0.01070     0.00308     0.00156
2015     31     0.10995     0.05341     0.04001     0.01155     0.00335     0.00163
2015     32     0.10757     0.04796     0.04178     0.01259     0.00354     0.00170
2015     33     0.10154     0.04138     0.04126     0.01326     0.00377     0.00187
2015     34     0.09265     0.03512     0.03850     0.01324     0.00371     0.00208
2015     35     0.08254     0.02920     0.03429     0.01320     0.00371     0.00215
2015     36     0.06974     0.02305     0.02876     0.01214     0.00369     0.00210
2015     37     0.05644     0.01780     0.02273     0.01054     0.00341     0.00196
2015     38     0.04500     0.01377     0.01769     0.00884     0.00287     0.00182
2015     39     0.03497     0.01050     0.01344     0.00689     0.00249     0.00165
2015     40     0.02520     0.00755     0.00926     0.00496     0.00203     0.00139
2015     41     0.01592     0.00464     0.00565     0.00316     0.00138     0.00108
2015     42     0.00900     0.00260     0.00306     0.00179     0.00086     0.00069
2015     43     0.00496     0.00148     0.00161     0.00101     0.00044     0.00043
2015     44     0.00265     0.00082     0.00080     0.00053     0.00022     0.00028
2015     45     0.00130     0.00042     0.00038     0.00023     0.00012     0.00015
2015     46     0.00063     0.00022     0.00020     0.00009     0.00006     0.00007
2015     47     0.00031     0.00013     0.00008     0.00004     0.00003     0.00003
2015     48     0.00017     0.00008     0.00004     0.00002     0.00002     0.00002
2015     49     0.00010     0.00005     0.00003     0.00001     0.00001     0.00001
2015     50     0.00006     0.00003     0.00002     0.00001     0.00000     0.00001
2015     51     0.00005     0.00002     0.00001     0.00000     0.00000     0.00001
2015     52     0.00003     0.00001     0.00001     0.00000     0.00000     0.00000
2015     53     0.00001     0.00001     0.00000     0.00000     0.00000     0.00000
2015     54     0.00000     0.00000     0.00000     0.00000     0.00000     0.00000
2015     55+    0.00000     0.00000     0.00000     0.00000     0.00000     0.00000
2016     12-    0.00000     0.00000     0.00000     0.00000     0.00000     0.00000
2016     13     0.00006     0.00006     0.00000     0.00000     0.00000     0.00000
2016     14     0.00050     0.00050     0.00000     0.00000     0.00000     0.00000
2016     15     0.00153     0.00150     0.00003     0.00000     0.00000     0.00000
2016     16     0.00374     0.00351     0.00021     0.00001     0.00000     0.00000
2016     17     0.00737     0.00661     0.00070     0.00006     0.00000     0.00000
2016     18     0.01318     0.01113     0.00180     0.00023     0.00002     0.00000
2016     19     0.02013     0.01602     0.00350     0.00053     0.00007     0.00000
2016     20     0.02657     0.01967     0.00570     0.00104     0.00016     0.00001
2016     21     0.03287     0.02248     0.00831     0.00173     0.00030     0.00005
2016     22     0.03801     0.02443     0.01042     0.00251     0.00054     0.00010
2016     23     0.04459     0.02755     0.01253     0.00345     0.00085     0.00021
2016     24     0.05344     0.03227     0.01519     0.00451     0.00113     0.00034
2016     25     0.06399     0.03838     0.01825     0.00538     0.00147     0.00052
2016     26     0.07590     0.04518     0.02174     0.00637     0.00187     0.00075
2016     27     0.08769     0.05053     0.02626     0.00768     0.00224     0.00099
2016     28     0.09854     0.05469     0.03104     0.00892     0.00265     0.00124
2016     29     0.10740     0.05728     0.03545     0.01019     0.00302     0.00148
2016     30     0.11384     0.05778     0.03930     0.01148     0.00347     0.00180
2016     31     0.11600     0.05524     0.04239     0.01251     0.00378     0.00208
2016     32     0.11266     0.04938     0.04403     0.01314     0.00391     0.00220
2016     33     0.10636     0.04266     0.04347     0.01382     0.00409     0.00231
2016     34     0.09806     0.03664     0.04060     0.01420     0.00429     0.00232
2016     35     0.08757     0.03073     0.03602     0.01413     0.00429     0.00240
2016     36     0.07481     0.02444     0.03060     0.01330     0.00408     0.00239
2016     37     0.06072     0.01863     0.02474     0.01136     0.00374     0.00226
2016     38     0.04817     0.01436     0.01900     0.00930     0.00335     0.00214
2016     39     0.03734     0.01098     0.01419     0.00746     0.00279     0.00191
2016     40     0.02680     0.00787     0.00978     0.00541     0.00209     0.00164
2016     41     0.01733     0.00497     0.00610     0.00350     0.00154     0.00122
2016     42     0.01045     0.00295     0.00364     0.00209     0.00097     0.00081
2016     43     0.00577     0.00162     0.00196     0.00110     0.00053     0.00055
2016     44     0.00287     0.00086     0.00090     0.00053     0.00029     0.00029
2016     45     0.00149     0.00047     0.00044     0.00028     0.00015     0.00015
2016     46     0.00076     0.00027     0.00021     0.00012     0.00006     0.00009
2016     47     0.00037     0.00016     0.00011     0.00005     0.00002     0.00003
2016     48     0.00021     0.00009     0.00007     0.00003     0.00001     0.00001
2016     49     0.00014     0.00007     0.00004     0.00002     0.00001     0.00001
2016     50     0.00010     0.00004     0.00002     0.00002     0.00001     0.00001
2016     51     0.00006     0.00002     0.00001     0.00001     0.00000     0.00001
2016     52     0.00003     0.00001     0.00001     0.00000     0.00000     0.00000
2016     53     0.00001     0.00001     0.00000     0.00000     0.00000     0.00000
2016     54     0.00000     0.00000     0.00000     0.00000     0.00000     0.00000
2016     55+    0.00000     0.00000     0.00000     0.00000     0.00000     0.00000
2017     12-    0.00000     0.00000     0.00000     0.00000     0.00000     0.00000
2017     13     0.00005     0.00005     0.00000     0.00000     0.00000     0.00000
2017     14     0.00039     0.00039     0.00000     0.00000     0.00000     0.00000
2017     15     0.00129     0.00125     0.00005     0.00000     0.00000     0.00000
2017     16     0.00319     0.00298     0.00020     0.00001     0.00000     0.00000
2017     17     0.00626     0.00558     0.00062     0.00005     0.00001     0.00000
2017     18     0.01151     0.00955     0.00174     0.00020     0.00002     0.00000
2017     19     0.01772     0.01386     0.00333     0.00047     0.00006     0.00000
2017     20     0.02370     0.01710     0.00551     0.00093     0.00013     0.00003
2017     21     0.03009     0.01995     0.00808     0.00174     0.00027     0.00005
2017     22     0.03598     0.02267     0.01003     0.00262     0.00056     0.00010
2017     23     0.04238     0.02585     0.01195     0.00352     0.00086     0.00021
2017     24     0.05117     0.03070     0.01466     0.00430     0.00115     0.00035
2017     25     0.06222     0.03699     0.01784     0.00531     0.00158     0.00050
2017     26     0.07400     0.04347     0.02141     0.00650     0.00192     0.00069
2017     27     0.08519     0.04917     0.02565     0.00732     0.00217     0.00088
2017     28     0.09654     0.05372     0.03037     0.00869     0.00257     0.00119
2017     29     0.10672     0.05679     0.03521     0.01020     0.00302     0.00150
2017     30     0.11347     0.05735     0.03956     0.01144     0.00335     0.00176
2017     31     0.11575     0.05476     0.04239     0.01273     0.00381     0.00206
2017     32     0.11298     0.04895     0.04393     0.01383     0.00402     0.00226
2017     33     0.10612     0.04224     0.04327     0.01431     0.00404     0.00227
2017     34     0.09703     0.03558     0.04046     0.01442     0.00425     0.00233
2017     35     0.08722     0.02976     0.03645     0.01423     0.00434     0.00244
2017     36     0.07472     0.02399     0.03097     0.01306     0.00417     0.00252
2017     37     0.06101     0.01840     0.02491     0.01144     0.00383     0.00242
2017     38     0.04851     0.01409     0.01919     0.00966     0.00334     0.00223
2017     39     0.03753     0.01085     0.01434     0.00750     0.00286     0.00199
2017     40     0.02685     0.00766     0.01002     0.00533     0.00221     0.00163
2017     41     0.01753     0.00493     0.00628     0.00359     0.00151     0.00122
2017     42     0.01069     0.00297     0.00361     0.00220     0.00105     0.00086
2017     43     0.00592     0.00165     0.00189     0.00117     0.00063     0.00058
2017     44     0.00316     0.00094     0.00097     0.00063     0.00030     0.00033
2017     45     0.00162     0.00054     0.00048     0.00029     0.00014     0.00016
2017     46     0.00077     0.00028     0.00022     0.00014     0.00006     0.00007
2017     47     0.00037     0.00014     0.00011     0.00007     0.00003     0.00002
2017     48     0.00019     0.00008     0.00006     0.00003     0.00001     0.00001
2017     49     0.00013     0.00006     0.00004     0.00001     0.00000     0.00001
2017     50     0.00010     0.00005     0.00003     0.00001     0.00000     0.00001
2017     51     0.00006     0.00003     0.00001     0.00001     0.00000     0.00001
2017     52     0.00003     0.00001     0.00001     0.00001     0.00000     0.00000
2017     53     0.00001     0.00001     0.00000     0.00000     0.00000     0.00000
2017     54     0.00001     0.00000     0.00000     0.00000     0.00000     0.00000
2017     55+    0.00000     0.00000     0.00000     0.00000     0.00000     0.00000
