Germany, Cumulative cohort fertility rates (horizontal parallelograms
Last modified: 04/02/2019
Cohort  Age     CCFR
1941    12         .
1941    13         .
1941    14         .
1941    15     0.000
1941    16     0.001
1941    17     0.007
1941    18     0.029
1941    19     0.081
1941    20     0.170
1941    21     0.290
1941    22     0.435
1941    23     0.598
1941    24     0.767
1941    25     0.936
1941    26     1.099
1941    27     1.249
1941    28     1.380
1941    29     1.490
1941    30     1.583
1941    31     1.658
1941    32     1.716
1941    33     1.761
1941    34     1.798
1941    35     1.828
1941    36     1.852
1941    37     1.870
1941    38     1.884
1941    39     1.895
1941    40     1.902
1941    41     1.908
1941    42     1.911
1941    43     1.913
1941    44     1.915
1941    45     1.915
1941    46     1.916
1941    47     1.916
1941    48     1.916
1941    49     1.916
1941    50     1.916
1941    51     1.916
1941    52     1.916
1941    53     1.916
1941    54     1.916
1941    55     1.916
1942    12         .
1942    13         .
1942    14     0.000
1942    15     0.000
1942    16     0.002
1942    17     0.009
1942    18     0.033
1942    19     0.089
1942    20     0.181
1942    21     0.304
1942    22     0.450
1942    23     0.611
1942    24     0.778
1942    25     0.944
1942    26     1.099
1942    27     1.238
1942    28     1.356
1942    29     1.457
1942    30     1.541
1942    31     1.607
1942    32     1.661
1942    33     1.706
1942    34     1.743
1942    35     1.774
1942    36     1.798
1942    37     1.816
1942    38     1.831
1942    39     1.842
1942    40     1.851
1942    41     1.856
1942    42     1.860
1942    43     1.862
1942    44     1.863
1942    45     1.864
1942    46     1.864
1942    47     1.865
1942    48     1.865
1942    49     1.865
1942    50     1.865
1942    51     1.865
1942    52     1.865
1942    53     1.865
1942    54     1.865
1942    55     1.865
1943    12         .
1943    13     0.000
1943    14     0.000
1943    15     0.000
1943    16     0.002
1943    17     0.010
1943    18     0.037
1943    19     0.097
1943    20     0.193
1943    21     0.321
1943    22     0.471
1943    23     0.634
1943    24     0.801
1943    25     0.961
1943    26     1.106
1943    27     1.233
1943    28     1.343
1943    29     1.437
1943    30     1.513
1943    31     1.575
1943    32     1.628
1943    33     1.672
1943    34     1.709
1943    35     1.739
1943    36     1.763
1943    37     1.782
1943    38     1.797
1943    39     1.808
1943    40     1.815
1943    41     1.821
1943    42     1.824
1943    43     1.827
1943    44     1.828
1943    45     1.829
1943    46     1.829
1943    47     1.829
1943    48     1.829
1943    49     1.829
1943    50     1.829
1943    51     1.829
1943    52     1.829
1943    53     1.829
1943    54     1.829
1943    55     1.829
1944    12     0.000
1944    13     0.000
1944    14     0.000
1944    15     0.000
1944    16     0.002
1944    17     0.012
1944    18     0.043
1944    19     0.108
1944    20     0.212
1944    21     0.346
1944    22     0.501
1944    23     0.667
1944    24     0.830
1944    25     0.979
1944    26     1.112
1944    27     1.229
1944    28     1.330
1944    29     1.414
1944    30     1.484
1944    31     1.545
1944    32     1.598
1944    33     1.642
1944    34     1.679
1944    35     1.708
1944    36     1.733
1944    37     1.753
1944    38     1.768
1944    39     1.778
1944    40     1.786
1944    41     1.791
1944    42     1.795
1944    43     1.797
1944    44     1.799
1944    45     1.799
1944    46     1.800
1944    47     1.800
1944    48     1.800
1944    49     1.800
1944    50     1.800
1944    51     1.800
1944    52     1.800
1944    53     1.800
1944    54     1.800
1944    55     1.800
1945    12     0.000
1945    13     0.000
1945    14     0.000
1945    15     0.000
1945    16     0.003
1945    17     0.014
1945    18     0.048
1945    19     0.120
1945    20     0.231
1945    21     0.371
1945    22     0.531
1945    23     0.696
1945    24     0.849
1945    25     0.985
1945    26     1.109
1945    27     1.219
1945    28     1.311
1945    29     1.391
1945    30     1.463
1945    31     1.526
1945    32     1.580
1945    33     1.626
1945    34     1.665
1945    35     1.697
1945    36     1.724
1945    37     1.744
1945    38     1.760
1945    39     1.771
1945    40     1.779
1945    41     1.785
1945    42     1.789
1945    43     1.791
1945    44     1.793
1945    45     1.794
1945    46     1.794
1945    47     1.795
1945    48     1.795
1945    49     1.795
1945    50     1.795
1945    51     1.795
1945    52     1.795
1945    53     1.795
1945    54     1.795
1945    55     1.795
1946    12     0.000
1946    13     0.000
1946    14     0.000
1946    15     0.000
1946    16     0.003
1946    17     0.015
1946    18     0.053
1946    19     0.128
1946    20     0.244
1946    21     0.391
1946    22     0.553
1946    23     0.712
1946    24     0.854
1946    25     0.986
1946    26     1.104
1946    27     1.206
1946    28     1.297
1946    29     1.380
1946    30     1.454
1946    31     1.520
1946    32     1.576
1946    33     1.623
1946    34     1.662
1946    35     1.696
1946    36     1.723
1946    37     1.743
1946    38     1.758
1946    39     1.770
1946    40     1.778
1946    41     1.784
1946    42     1.789
1946    43     1.791
1946    44     1.793
1946    45     1.794
1946    46     1.794
1946    47     1.794
1946    48     1.794
1946    49     1.794
1946    50     1.794
1946    51     1.794
1946    52     1.795
1946    53     1.795
1946    54     1.795
1946    55     1.795
1947    12     0.000
1947    13     0.000
1947    14     0.000
1947    15     0.000
1947    16     0.003
1947    17     0.015
1947    18     0.052
1947    19     0.129
1947    20     0.247
1947    21     0.395
1947    22     0.551
1947    23     0.699
1947    24     0.835
1947    25     0.960
1947    26     1.069
1947    27     1.168
1947    28     1.260
1947    29     1.345
1947    30     1.422
1947    31     1.488
1947    32     1.546
1947    33     1.595
1947    34     1.636
1947    35     1.670
1947    36     1.697
1947    37     1.717
1947    38     1.732
1947    39     1.744
1947    40     1.753
1947    41     1.759
1947    42     1.764
1947    43     1.766
1947    44     1.768
1947    45     1.769
1947    46     1.769
1947    47     1.769
1947    48     1.769
1947    49     1.769
1947    50     1.769
1947    51     1.769
1947    52     1.769
1947    53     1.769
1947    54     1.769
1947    55     1.769
1948    12     0.000
1948    13     0.000
1948    14     0.000
1948    15     0.000
1948    16     0.003
1948    17     0.015
1948    18     0.053
1948    19     0.130
1948    20     0.248
1948    21     0.390
1948    22     0.534
1948    23     0.674
1948    24     0.802
1948    25     0.917
1948    26     1.023
1948    27     1.124
1948    28     1.219
1948    29     1.307
1948    30     1.387
1948    31     1.457
1948    32     1.517
1948    33     1.569
1948    34     1.611
1948    35     1.645
1948    36     1.672
1948    37     1.693
1948    38     1.709
1948    39     1.722
1948    40     1.731
1948    41     1.738
1948    42     1.743
1948    43     1.745
1948    44     1.747
1948    45     1.748
1948    46     1.748
1948    47     1.749
1948    48     1.749
1948    49     1.749
1948    50     1.749
1948    51     1.749
1948    52     1.749
1948    53     1.749
1948    54     1.749
1948    55     1.749
1949    12     0.000
1949    13     0.000
1949    14     0.000
1949    15     0.000
1949    16     0.003
1949    17     0.015
1949    18     0.053
1949    19     0.130
1949    20     0.246
1949    21     0.381
1949    22     0.520
1949    23     0.651
1949    24     0.768
1949    25     0.880
1949    26     0.988
1949    27     1.092
1949    28     1.191
1949    29     1.282
1949    30     1.363
1949    31     1.436
1949    32     1.499
1949    33     1.551
1949    34     1.593
1949    35     1.627
1949    36     1.654
1949    37     1.676
1949    38     1.694
1949    39     1.707
1949    40     1.717
1949    41     1.724
1949    42     1.729
1949    43     1.732
1949    44     1.733
1949    45     1.734
1949    46     1.734
1949    47     1.735
1949    48     1.735
1949    49     1.735
1949    50     1.735
1949    51     1.735
1949    52     1.735
1949    53     1.735
1949    54     1.735
1949    55     1.735
1950    12     0.000
1950    13     0.000
1950    14     0.000
1950    15     0.000
1950    16     0.003
1950    17     0.015
1950    18     0.052
1950    19     0.129
1950    20     0.242
1950    21     0.372
1950    22     0.501
1950    23     0.619
1950    24     0.733
1950    25     0.847
1950    26     0.959
1950    27     1.067
1950    28     1.169
1950    29     1.261
1950    30     1.345
1950    31     1.419
1950    32     1.482
1950    33     1.534
1950    34     1.576
1950    35     1.610
1950    36     1.639
1950    37     1.662
1950    38     1.681
1950    39     1.695
1950    40     1.705
1950    41     1.712
1950    42     1.717
1950    43     1.720
1950    44     1.722
1950    45     1.723
1950    46     1.723
1950    47     1.723
1950    48     1.723
1950    49     1.723
1950    50     1.723
1950    51     1.723
1950    52     1.723
1950    53     1.723
1950    54     1.723
1950    55     1.723
1951    12     0.000
1951    13     0.000
1951    14     0.000
1951    15     0.000
1951    16     0.003
1951    17     0.014
1951    18     0.053
1951    19     0.131
1951    20     0.242
1951    21     0.362
1951    22     0.475
1951    23     0.586
1951    24     0.699
1951    25     0.812
1951    26     0.926
1951    27     1.035
1951    28     1.137
1951    29     1.231
1951    30     1.316
1951    31     1.389
1951    32     1.451
1951    33     1.501
1951    34     1.543
1951    35     1.578
1951    36     1.608
1951    37     1.632
1951    38     1.651
1951    39     1.665
1951    40     1.675
1951    41     1.682
1951    42     1.687
1951    43     1.690
1951    44     1.691
1951    45     1.692
1951    46     1.693
1951    47     1.693
1951    48     1.693
1951    49     1.693
1951    50     1.693
1951    51     1.693
1951    52     1.693
1951    53     1.693
1951    54     1.693
1951    55     1.693
1952    12     0.000
1952    13     0.000
1952    14     0.000
1952    15     0.000
1952    16     0.003
1952    17     0.015
1952    18     0.054
1952    19     0.131
1952    20     0.233
1952    21     0.339
1952    22     0.444
1952    23     0.553
1952    24     0.667
1952    25     0.784
1952    26     0.900
1952    27     1.011
1952    28     1.115
1952    29     1.212
1952    30     1.298
1952    31     1.371
1952    32     1.432
1952    33     1.484
1952    34     1.528
1952    35     1.566
1952    36     1.597
1952    37     1.623
1952    38     1.643
1952    39     1.658
1952    40     1.668
1952    41     1.676
1952    42     1.680
1952    43     1.683
1952    44     1.685
1952    45     1.686
1952    46     1.686
1952    47     1.687
1952    48     1.687
1952    49     1.687
1952    50     1.687
1952    51     1.687
1952    52     1.687
1952    53     1.687
1952    54     1.687
1952    55     1.687
1953    12     0.000
1953    13     0.000
1953    14     0.000
1953    15     0.000
1953    16     0.003
1953    17     0.016
1953    18     0.057
1953    19     0.129
1953    20     0.218
1953    21     0.316
1953    22     0.419
1953    23     0.528
1953    24     0.645
1953    25     0.763
1953    26     0.879
1953    27     0.991
1953    28     1.097
1953    29     1.193
1953    30     1.277
1953    31     1.350
1953    32     1.412
1953    33     1.466
1953    34     1.513
1953    35     1.553
1953    36     1.587
1953    37     1.613
1953    38     1.632
1953    39     1.647
1953    40     1.658
1953    41     1.665
1953    42     1.670
1953    43     1.673
1953    44     1.674
1953    45     1.675
1953    46     1.676
1953    47     1.676
1953    48     1.676
1953    49     1.676
1953    50     1.676
1953    51     1.676
1953    52     1.676
1953    53     1.676
1953    54     1.676
1953    55     1.676
1954    12     0.000
1954    13     0.000
1954    14     0.000
1954    15     0.000
1954    16     0.003
1954    17     0.017
1954    18     0.056
1954    19     0.120
1954    20     0.201
1954    21     0.293
1954    22     0.393
1954    23     0.503
1954    24     0.618
1954    25     0.734
1954    26     0.851
1954    27     0.965
1954    28     1.069
1954    29     1.163
1954    30     1.245
1954    31     1.318
1954    32     1.383
1954    33     1.440
1954    34     1.490
1954    35     1.532
1954    36     1.566
1954    37     1.593
1954    38     1.613
1954    39     1.628
1954    40     1.639
1954    41     1.646
1954    42     1.651
1954    43     1.654
1954    44     1.656
1954    45     1.657
1954    46     1.658
1954    47     1.658
1954    48     1.658
1954    49     1.658
1954    50     1.658
1954    51     1.658
1954    52     1.658
1954    53     1.658
1954    54     1.658
1954    55     1.658
1955    12     0.000
1955    13     0.000
1955    14     0.000
1955    15     0.000
1955    16     0.004
1955    17     0.018
1955    18     0.053
1955    19     0.111
1955    20     0.189
1955    21     0.280
1955    22     0.383
1955    23     0.495
1955    24     0.611
1955    25     0.730
1955    26     0.850
1955    27     0.964
1955    28     1.068
1955    29     1.161
1955    30     1.245
1955    31     1.322
1955    32     1.392
1955    33     1.452
1955    34     1.504
1955    35     1.547
1955    36     1.582
1955    37     1.608
1955    38     1.628
1955    39     1.643
1955    40     1.654
1955    41     1.662
1955    42     1.667
1955    43     1.671
1955    44     1.673
1955    45     1.674
1955    46     1.674
1955    47     1.675
1955    48     1.675
1955    49     1.675
1955    50     1.675
1955    51     1.675
1955    52     1.675
1955    53     1.675
1955    54     1.675
1955    55     1.675
1956    12     0.000
1956    13     0.000
1956    14     0.000
1956    15     0.000
1956    16     0.004
1956    17     0.017
1956    18     0.048
1956    19     0.101
1956    20     0.174
1956    21     0.265
1956    22     0.366
1956    23     0.476
1956    24     0.592
1956    25     0.712
1956    26     0.830
1956    27     0.942
1956    28     1.044
1956    29     1.137
1956    30     1.225
1956    31     1.306
1956    32     1.379
1956    33     1.443
1956    34     1.496
1956    35     1.540
1956    36     1.574
1956    37     1.601
1956    38     1.622
1956    39     1.638
1956    40     1.650
1956    41     1.658
1956    42     1.664
1956    43     1.668
1956    44     1.670
1956    45     1.671
1956    46     1.671
1956    47     1.672
1956    48     1.672
1956    49     1.672
1956    50     1.672
1956    51     1.672
1956    52     1.672
1956    53     1.672
1956    54     1.672
1956    55     1.672
1957    12     0.000
1957    13     0.000
1957    14     0.000
1957    15     0.001
1957    16     0.004
1957    17     0.016
1957    18     0.044
1957    19     0.093
1957    20     0.164
1957    21     0.251
1957    22     0.349
1957    23     0.458
1957    24     0.573
1957    25     0.690
1957    26     0.805
1957    27     0.914
1957    28     1.016
1957    29     1.112
1957    30     1.204
1957    31     1.289
1957    32     1.364
1957    33     1.428
1957    34     1.481
1957    35     1.524
1957    36     1.559
1957    37     1.587
1957    38     1.608
1957    39     1.625
1957    40     1.637
1957    41     1.646
1957    42     1.652
1957    43     1.656
1957    44     1.659
1957    45     1.660
1957    46     1.660
1957    47     1.661
1957    48     1.661
1957    49     1.661
1957    50     1.661
1957    51     1.661
1957    52     1.661
1957    53     1.661
1957    54     1.661
1957    55     1.661
1958    12     0.000
1958    13     0.000
1958    14     0.000
1958    15     0.001
1958    16     0.004
1958    17     0.014
1958    18     0.039
1958    19     0.085
1958    20     0.153
1958    21     0.238
1958    22     0.338
1958    23     0.447
1958    24     0.559
1958    25     0.673
1958    26     0.785
1958    27     0.893
1958    28     0.999
1958    29     1.101
1958    30     1.197
1958    31     1.284
1958    32     1.360
1958    33     1.425
1958    34     1.478
1958    35     1.522
1958    36     1.558
1958    37     1.585
1958    38     1.608
1958    39     1.626
1958    40     1.639
1958    41     1.648
1958    42     1.655
1958    43     1.659
1958    44     1.661
1958    45     1.662
1958    46     1.663
1958    47     1.663
1958    48     1.663
1958    49     1.663
1958    50     1.663
1958    51     1.663
1958    52     1.663
1958    53     1.663
1958    54     1.663
1958    55     1.663
1959    12     0.000
1959    13     0.000
1959    14     0.000
1959    15     0.000
1959    16     0.003
1959    17     0.013
1959    18     0.036
1959    19     0.080
1959    20     0.148
1959    21     0.235
1959    22     0.335
1959    23     0.442
1959    24     0.552
1959    25     0.662
1959    26     0.772
1959    27     0.882
1959    28     0.991
1959    29     1.096
1959    30     1.193
1959    31     1.281
1959    32     1.356
1959    33     1.419
1959    34     1.471
1959    35     1.515
1959    36     1.551
1959    37     1.581
1959    38     1.605
1959    39     1.624
1959    40     1.637
1959    41     1.647
1959    42     1.654
1959    43     1.658
1959    44     1.660
1959    45     1.661
1959    46     1.662
1959    47     1.662
1959    48     1.662
1959    49     1.662
1959    50     1.662
1959    51     1.663
1959    52     1.663
1959    53     1.663
1959    54     1.663
1959    55     1.663
1960    12     0.000
1960    13     0.000
1960    14     0.000
1960    15     0.000
1960    16     0.003
1960    17     0.012
1960    18     0.034
1960    19     0.077
1960    20     0.145
1960    21     0.232
1960    22     0.329
1960    23     0.431
1960    24     0.535
1960    25     0.641
1960    26     0.752
1960    27     0.865
1960    28     0.976
1960    29     1.082
1960    30     1.180
1960    31     1.267
1960    32     1.341
1960    33     1.405
1960    34     1.459
1960    35     1.504
1960    36     1.542
1960    37     1.575
1960    38     1.600
1960    39     1.620
1960    40     1.634
1960    41     1.645
1960    42     1.652
1960    43     1.656
1960    44     1.658
1960    45     1.660
1960    46     1.660
1960    47     1.661
1960    48     1.661
1960    49     1.661
1960    50     1.661
1960    51     1.661
1960    52     1.661
1960    53     1.661
1960    54     1.661
1960    55     1.661
1961    12     0.000
1961    13     0.000
1961    14     0.000
1961    15     0.000
1961    16     0.002
1961    17     0.010
1961    18     0.030
1961    19     0.072
1961    20     0.138
1961    21     0.220
1961    22     0.311
1961    23     0.405
1961    24     0.504
1961    25     0.610
1961    26     0.722
1961    27     0.836
1961    28     0.947
1961    29     1.053
1961    30     1.149
1961    31     1.233
1961    32     1.307
1961    33     1.371
1961    34     1.425
1961    35     1.473
1961    36     1.514
1961    37     1.548
1961    38     1.574
1961    39     1.594
1961    40     1.610
1961    41     1.620
1961    42     1.627
1961    43     1.632
1961    44     1.634
1961    45     1.636
1961    46     1.637
1961    47     1.637
1961    48     1.637
1961    49     1.637
1961    50     1.637
1961    51     1.637
1961    52     1.637
1961    53     1.637
1961    54     1.637
1961    55     1.637
1962    12     0.000
1962    13     0.000
1962    14     0.000
1962    15     0.000
1962    16     0.002
1962    17     0.010
1962    18     0.030
1962    19     0.069
1962    20     0.132
1962    21     0.208
1962    22     0.291
1962    23     0.380
1962    24     0.477
1962    25     0.582
1962    26     0.695
1962    27     0.809
1962    28     0.920
1962    29     1.022
1962    30     1.113
1962    31     1.198
1962    32     1.273
1962    33     1.338
1962    34     1.395
1962    35     1.446
1962    36     1.490
1962    37     1.525
1962    38     1.552
1962    39     1.573
1962    40     1.589
1962    41     1.600
1962    42     1.608
1962    43     1.612
1962    44     1.615
1962    45     1.617
1962    46     1.618
1962    47     1.618
1962    48     1.618
1962    49     1.618
1962    50     1.618
1962    51     1.618
1962    52     1.618
1962    53     1.618
1962    54     1.618
1962    55     1.618
1963    12     0.000
1963    13     0.000
1963    14     0.000
1963    15     0.000
1963    16     0.002
1963    17     0.009
1963    18     0.027
1963    19     0.063
1963    20     0.119
1963    21     0.187
1963    22     0.264
1963    23     0.349
1963    24     0.445
1963    25     0.550
1963    26     0.661
1963    27     0.773
1963    28     0.879
1963    29     0.975
1963    30     1.068
1963    31     1.153
1963    32     1.229
1963    33     1.298
1963    34     1.360
1963    35     1.414
1963    36     1.459
1963    37     1.495
1963    38     1.524
1963    39     1.546
1963    40     1.562
1963    41     1.574
1963    42     1.582
1963    43     1.587
1963    44     1.590
1963    45     1.592
1963    46     1.592
1963    47     1.593
1963    48     1.593
1963    49     1.593
1963    50     1.593
1963    51     1.593
1963    52     1.593
1963    53     1.593
1963    54     1.593
1963    55         .
1964    12     0.000
1964    13     0.000
1964    14     0.000
1964    15     0.000
1964    16     0.002
1964    17     0.009
1964    18     0.026
1964    19     0.058
1964    20     0.108
1964    21     0.171
1964    22     0.244
1964    23     0.327
1964    24     0.421
1964    25     0.523
1964    26     0.630
1964    27     0.735
1964    28     0.834
1964    29     0.930
1964    30     1.022
1964    31     1.108
1964    32     1.188
1964    33     1.262
1964    34     1.327
1964    35     1.382
1964    36     1.429
1964    37     1.467
1964    38     1.497
1964    39     1.520
1964    40     1.537
1964    41     1.550
1964    42     1.558
1964    43     1.564
1964    44     1.567
1964    45     1.569
1964    46     1.570
1964    47     1.570
1964    48     1.570
1964    49     1.571
1964    50     1.571
1964    51     1.571
1964    52     1.571
1964    53     1.571
1964    54         .
1964    55         .
1965    12     0.000
1965    13     0.000
1965    14     0.000
1965    15     0.000
1965    16     0.002
1965    17     0.008
1965    18     0.022
1965    19     0.051
1965    20     0.097
1965    21     0.156
1965    22     0.227
1965    23     0.308
1965    24     0.398
1965    25     0.496
1965    26     0.596
1965    27     0.692
1965    28     0.789
1965    29     0.885
1965    30     0.977
1965    31     1.067
1965    32     1.153
1965    33     1.231
1965    34     1.298
1965    35     1.356
1965    36     1.405
1965    37     1.445
1965    38     1.476
1965    39     1.501
1965    40     1.520
1965    41     1.534
1965    42     1.543
1965    43     1.549
1965    44     1.552
1965    45     1.554
1965    46     1.555
1965    47     1.556
1965    48     1.556
1965    49     1.556
1965    50     1.556
1965    51     1.556
1965    52     1.556
1965    53         .
1965    54         .
1965    55         .
1966    12     0.000
1966    13     0.000
1966    14     0.000
1966    15     0.000
1966    16     0.002
1966    17     0.007
1966    18     0.019
1966    19     0.045
1966    20     0.088
1966    21     0.145
1966    22     0.214
1966    23     0.290
1966    24     0.376
1966    25     0.465
1966    26     0.554
1966    27     0.646
1966    28     0.740
1966    29     0.834
1966    30     0.929
1966    31     1.024
1966    32     1.113
1966    33     1.191
1966    34     1.261
1966    35     1.320
1966    36     1.370
1966    37     1.412
1966    38     1.445
1966    39     1.471
1966    40     1.492
1966    41     1.506
1966    42     1.517
1966    43     1.523
1966    44     1.527
1966    45     1.529
1966    46     1.530
1966    47     1.530
1966    48     1.531
1966    49     1.531
1966    50     1.531
1966    51     1.531
1966    52         .
1966    53         .
1966    54         .
1966    55         .
1967    12     0.000
1967    13     0.000
1967    14     0.000
1967    15     0.000
1967    16     0.002
1967    17     0.006
1967    18     0.018
1967    19     0.042
1967    20     0.083
1967    21     0.139
1967    22     0.202
1967    23     0.275
1967    24     0.353
1967    25     0.431
1967    26     0.515
1967    27     0.603
1967    28     0.694
1967    29     0.790
1967    30     0.889
1967    31     0.985
1967    32     1.074
1967    33     1.154
1967    34     1.225
1967    35     1.286
1967    36     1.338
1967    37     1.382
1967    38     1.418
1967    39     1.445
1967    40     1.467
1967    41     1.483
1967    42     1.494
1967    43     1.501
1967    44     1.505
1967    45     1.507
1967    46     1.508
1967    47     1.508
1967    48     1.509
1967    49     1.509
1967    50     1.509
1967    51         .
1967    52         .
1967    53         .
1967    54         .
1967    55         .
1968    12     0.000
1968    13     0.000
1968    14     0.000
1968    15     0.000
1968    16     0.002
1968    17     0.006
1968    18     0.017
1968    19     0.041
1968    20     0.081
1968    21     0.134
1968    22     0.197
1968    23     0.266
1968    24     0.335
1968    25     0.411
1968    26     0.492
1968    27     0.578
1968    28     0.670
1968    29     0.769
1968    30     0.868
1968    31     0.963
1968    32     1.053
1968    33     1.134
1968    34     1.205
1968    35     1.268
1968    36     1.323
1968    37     1.368
1968    38     1.405
1968    39     1.434
1968    40     1.458
1968    41     1.475
1968    42     1.487
1968    43     1.494
1968    44     1.498
1968    45     1.500
1968    46     1.502
1968    47     1.502
1968    48     1.502
1968    49     1.503
1968    50         .
1968    51         .
1968    52         .
1968    53         .
1968    54         .
1968    55         .
1969    12     0.000
1969    13     0.000
1969    14     0.000
1969    15     0.000
1969    16     0.002
1969    17     0.006
1969    18     0.017
1969    19     0.042
1969    20     0.080
1969    21     0.133
1969    22     0.195
1969    23     0.258
1969    24     0.325
1969    25     0.398
1969    26     0.477
1969    27     0.564
1969    28     0.660
1969    29     0.760
1969    30     0.858
1969    31     0.954
1969    32     1.043
1969    33     1.124
1969    34     1.196
1969    35     1.261
1969    36     1.318
1969    37     1.365
1969    38     1.403
1969    39     1.435
1969    40     1.460
1969    41     1.478
1969    42     1.490
1969    43     1.498
1969    44     1.502
1969    45     1.504
1969    46     1.506
1969    47     1.506
1969    48     1.507
1969    49         .
1969    50         .
1969    51         .
1969    52         .
1969    53         .
1969    54         .
1969    55         .
1970    12     0.000
1970    13     0.000
1970    14     0.000
1970    15     0.000
1970    16     0.002
1970    17     0.006
1970    18     0.018
1970    19     0.041
1970    20     0.081
1970    21     0.135
1970    22     0.192
1970    23     0.253
1970    24     0.319
1970    25     0.390
1970    26     0.471
1970    27     0.563
1970    28     0.659
1970    29     0.757
1970    30     0.855
1970    31     0.950
1970    32     1.038
1970    33     1.120
1970    34     1.195
1970    35     1.262
1970    36     1.320
1970    37     1.370
1970    38     1.412
1970    39     1.446
1970    40     1.472
1970    41     1.492
1970    42     1.504
1970    43     1.512
1970    44     1.517
1970    45     1.519
1970    46     1.521
1970    47     1.522
1970    48         .
1970    49         .
1970    50         .
1970    51         .
1970    52         .
1970    53         .
1970    54         .
1970    55         .
1971    12     0.000
1971    13     0.000
1971    14     0.000
1971    15     0.000
1971    16     0.002
1971    17     0.007
1971    18     0.017
1971    19     0.041
1971    20     0.082
1971    21     0.132
1971    22     0.186
1971    23     0.244
1971    24     0.308
1971    25     0.381
1971    26     0.464
1971    27     0.555
1971    28     0.649
1971    29     0.746
1971    30     0.843
1971    31     0.937
1971    32     1.026
1971    33     1.111
1971    34     1.188
1971    35     1.257
1971    36     1.318
1971    37     1.371
1971    38     1.415
1971    39     1.450
1971    40     1.478
1971    41     1.498
1971    42     1.511
1971    43     1.519
1971    44     1.524
1971    45     1.527
1971    46     1.528
1971    47         .
1971    48         .
1971    49         .
1971    50         .
1971    51         .
1971    52         .
1971    53         .
1971    54         .
1971    55         .
1972    12     0.000
1972    13     0.000
1972    14     0.000
1972    15     0.000
1972    16     0.002
1972    17     0.007
1972    18     0.019
1972    19     0.044
1972    20     0.083
1972    21     0.129
1972    22     0.181
1972    23     0.239
1972    24     0.305
1972    25     0.381
1972    26     0.465
1972    27     0.555
1972    28     0.649
1972    29     0.746
1972    30     0.841
1972    31     0.935
1972    32     1.027
1972    33     1.113
1972    34     1.191
1972    35     1.263
1972    36     1.329
1972    37     1.385
1972    38     1.431
1972    39     1.468
1972    40     1.497
1972    41     1.518
1972    42     1.533
1972    43     1.542
1972    44     1.547
1972    45     1.550
1972    46         .
1972    47         .
1972    48         .
1972    49         .
1972    50         .
1972    51         .
1972    52         .
1972    53         .
1972    54         .
1972    55         .
1973    12     0.000
1973    13     0.000
1973    14     0.000
1973    15     0.000
1973    16     0.002
1973    17     0.007
1973    18     0.021
1973    19     0.046
1973    20     0.082
1973    21     0.127
1973    22     0.179
1973    23     0.239
1973    24     0.309
1973    25     0.387
1973    26     0.472
1973    27     0.563
1973    28     0.657
1973    29     0.752
1973    30     0.848
1973    31     0.944
1973    32     1.037
1973    33     1.124
1973    34     1.205
1973    35     1.282
1973    36     1.349
1973    37     1.408
1973    38     1.456
1973    39     1.494
1973    40     1.525
1973    41     1.547
1973    42     1.563
1973    43     1.572
1973    44     1.578
1973    45         .
1973    46         .
1973    47         .
1973    48         .
1973    49         .
1973    50         .
1973    51         .
1973    52         .
1973    53         .
1973    54         .
1973    55         .
1974    12     0.000
1974    13     0.000
1974    14     0.000
1974    15     0.000
1974    16     0.002
1974    17     0.008
1974    18     0.021
1974    19     0.044
1974    20     0.077
1974    21     0.120
1974    22     0.171
1974    23     0.233
1974    24     0.302
1974    25     0.379
1974    26     0.463
1974    27     0.553
1974    28     0.644
1974    29     0.738
1974    30     0.835
1974    31     0.932
1974    32     1.025
1974    33     1.115
1974    34     1.200
1974    35     1.278
1974    36     1.347
1974    37     1.408
1974    38     1.458
1974    39     1.498
1974    40     1.531
1974    41     1.555
1974    42     1.572
1974    43     1.582
1974    44         .
1974    45         .
1974    46         .
1974    47         .
1974    48         .
1974    49         .
1974    50         .
1974    51         .
1974    52         .
1974    53         .
1974    54         .
1974    55         .
1975    12     0.000
1975    13     0.000
1975    14     0.000
1975    15     0.000
1975    16     0.002
1975    17     0.008
1975    18     0.020
1975    19     0.041
1975    20     0.071
1975    21     0.113
1975    22     0.165
1975    23     0.227
1975    24     0.295
1975    25     0.370
1975    26     0.453
1975    27     0.539
1975    28     0.629
1975    29     0.723
1975    30     0.820
1975    31     0.915
1975    32     1.010
1975    33     1.103
1975    34     1.190
1975    35     1.270
1975    36     1.342
1975    37     1.404
1975    38     1.456
1975    39     1.499
1975    40     1.534
1975    41     1.560
1975    42     1.577
1975    43         .
1975    44         .
1975    45         .
1975    46         .
1975    47         .
1975    48         .
1975    49         .
1975    50         .
1975    51         .
1975    52         .
1975    53         .
1975    54         .
1975    55         .
1976    12     0.000
1976    13     0.000
1976    14     0.000
1976    15     0.001
1976    16     0.003
1976    17     0.008
1976    18     0.018
1976    19     0.037
1976    20     0.067
1976    21     0.108
1976    22     0.159
1976    23     0.218
1976    24     0.284
1976    25     0.357
1976    26     0.436
1976    27     0.519
1976    28     0.608
1976    29     0.701
1976    30     0.796
1976    31     0.893
1976    32     0.991
1976    33     1.085
1976    34     1.173
1976    35     1.255
1976    36     1.328
1976    37     1.392
1976    38     1.446
1976    39     1.491
1976    40     1.527
1976    41     1.553
1976    42         .
1976    43         .
1976    44         .
1976    45         .
1976    46         .
1976    47         .
1976    48         .
1976    49         .
1976    50         .
1976    51         .
1976    52         .
1976    53         .
1976    54         .
1976    55         .
1977    12     0.000
1977    13     0.000
1977    14     0.000
1977    15     0.000
1977    16     0.002
1977    17     0.007
1977    18     0.017
1977    19     0.036
1977    20     0.065
1977    21     0.106
1977    22     0.156
1977    23     0.215
1977    24     0.280
1977    25     0.351
1977    26     0.428
1977    27     0.512
1977    28     0.600
1977    29     0.691
1977    30     0.787
1977    31     0.886
1977    32     0.984
1977    33     1.079
1977    34     1.169
1977    35     1.252
1977    36     1.326
1977    37     1.392
1977    38     1.448
1977    39     1.494
1977    40     1.532
1977    41         .
1977    42         .
1977    43         .
1977    44         .
1977    45         .
1977    46         .
1977    47         .
1977    48         .
1977    49         .
1977    50         .
1977    51         .
1977    52         .
1977    53         .
1977    54         .
1977    55         .
1978    12     0.000
1978    13     0.000
1978    14     0.000
1978    15     0.001
1978    16     0.002
1978    17     0.007
1978    18     0.017
1978    19     0.036
1978    20     0.066
1978    21     0.107
1978    22     0.156
1978    23     0.214
1978    24     0.276
1978    25     0.345
1978    26     0.422
1978    27     0.504
1978    28     0.591
1978    29     0.683
1978    30     0.780
1978    31     0.879
1978    32     0.978
1978    33     1.074
1978    34     1.164
1978    35     1.249
1978    36     1.327
1978    37     1.395
1978    38     1.454
1978    39     1.502
1978    40         .
1978    41         .
1978    42         .
1978    43         .
1978    44         .
1978    45         .
1978    46         .
1978    47         .
1978    48         .
1978    49         .
1978    50         .
1978    51         .
1978    52         .
1978    53         .
1978    54         .
1978    55         .
1979    12     0.000
1979    13     0.000
1979    14     0.000
1979    15     0.001
1979    16     0.002
1979    17     0.007
1979    18     0.017
1979    19     0.036
1979    20     0.066
1979    21     0.107
1979    22     0.156
1979    23     0.212
1979    24     0.273
1979    25     0.340
1979    26     0.415
1979    27     0.495
1979    28     0.581
1979    29     0.673
1979    30     0.769
1979    31     0.869
1979    32     0.970
1979    33     1.067
1979    34     1.159
1979    35     1.247
1979    36     1.329
1979    37     1.401
1979    38     1.462
1979    39         .
1979    40         .
1979    41         .
1979    42         .
1979    43         .
1979    44         .
1979    45         .
1979    46         .
1979    47         .
1979    48         .
1979    49         .
1979    50         .
1979    51         .
1979    52         .
1979    53         .
1979    54         .
1979    55         .
1980    12     0.000
1980    13     0.000
1980    14     0.000
1980    15     0.000
1980    16     0.002
1980    17     0.007
1980    18     0.017
1980    19     0.036
1980    20     0.067
1980    21     0.107
1980    22     0.154
1980    23     0.206
1980    24     0.265
1980    25     0.331
1980    26     0.404
1980    27     0.483
1980    28     0.570
1980    29     0.661
1980    30     0.757
1980    31     0.858
1980    32     0.958
1980    33     1.057
1980    34     1.152
1980    35     1.244
1980    36     1.328
1980    37     1.403
1980    38         .
1980    39         .
1980    40         .
1980    41         .
1980    42         .
1980    43         .
1980    44         .
1980    45         .
1980    46         .
1980    47         .
1980    48         .
1980    49         .
1980    50         .
1980    51         .
1980    52         .
1980    53         .
1980    54         .
1980    55         .
1981    12     0.000
1981    13     0.000
1981    14     0.000
1981    15     0.001
1981    16     0.002
1981    17     0.007
1981    18     0.017
1981    19     0.036
1981    20     0.066
1981    21     0.105
1981    22     0.151
1981    23     0.202
1981    24     0.259
1981    25     0.322
1981    26     0.393
1981    27     0.471
1981    28     0.555
1981    29     0.646
1981    30     0.742
1981    31     0.842
1981    32     0.945
1981    33     1.047
1981    34     1.147
1981    35     1.242
1981    36     1.330
1981    37         .
1981    38         .
1981    39         .
1981    40         .
1981    41         .
1981    42         .
1981    43         .
1981    44         .
1981    45         .
1981    46         .
1981    47         .
1981    48         .
1981    49         .
1981    50         .
1981    51         .
1981    52         .
1981    53         .
1981    54         .
1981    55         .
1982    12     0.000
1982    13     0.000
1982    14     0.000
1982    15     0.001
1982    16     0.002
1982    17     0.007
1982    18     0.017
1982    19     0.036
1982    20     0.065
1982    21     0.102
1982    22     0.145
1982    23     0.194
1982    24     0.249
1982    25     0.310
1982    26     0.380
1982    27     0.456
1982    28     0.540
1982    29     0.630
1982    30     0.727
1982    31     0.829
1982    32     0.935
1982    33     1.042
1982    34     1.146
1982    35     1.243
1982    36         .
1982    37         .
1982    38         .
1982    39         .
1982    40         .
1982    41         .
1982    42         .
1982    43         .
1982    44         .
1982    45         .
1982    46         .
1982    47         .
1982    48         .
1982    49         .
1982    50         .
1982    51         .
1982    52         .
1982    53         .
1982    54         .
1982    55         .
1983    12     0.000
1983    13     0.000
1983    14     0.000
1983    15     0.001
1983    16     0.002
1983    17     0.007
1983    18     0.017
1983    19     0.036
1983    20     0.064
1983    21     0.098
1983    22     0.140
1983    23     0.186
1983    24     0.239
1983    25     0.298
1983    26     0.365
1983    27     0.440
1983    28     0.522
1983    29     0.611
1983    30     0.707
1983    31     0.810
1983    32     0.919
1983    33     1.029
1983    34     1.135
1983    35         .
1983    36         .
1983    37         .
1983    38         .
1983    39         .
1983    40         .
1983    41         .
1983    42         .
1983    43         .
1983    44         .
1983    45         .
1983    46         .
1983    47         .
1983    48         .
1983    49         .
1983    50         .
1983    51         .
1983    52         .
1983    53         .
1983    54         .
1983    55         .
1984    12     0.000
1984    13     0.000
1984    14     0.000
1984    15     0.000
1984    16     0.002
1984    17     0.007
1984    18     0.018
1984    19     0.036
1984    20     0.062
1984    21     0.096
1984    22     0.136
1984    23     0.182
1984    24     0.233
1984    25     0.291
1984    26     0.357
1984    27     0.431
1984    28     0.512
1984    29     0.601
1984    30     0.700
1984    31     0.808
1984    32     0.921
1984    33     1.034
1984    34         .
1984    35         .
1984    36         .
1984    37         .
1984    38         .
1984    39         .
1984    40         .
1984    41         .
1984    42         .
1984    43         .
1984    44         .
1984    45         .
1984    46         .
1984    47         .
1984    48         .
1984    49         .
1984    50         .
1984    51         .
1984    52         .
1984    53         .
1984    54         .
1984    55         .
1985    12     0.000
1985    13     0.000
1985    14     0.000
1985    15     0.000
1985    16     0.002
1985    17     0.008
1985    18     0.018
1985    19     0.035
1985    20     0.061
1985    21     0.094
1985    22     0.132
1985    23     0.176
1985    24     0.225
1985    25     0.282
1985    26     0.346
1985    27     0.418
1985    28     0.500
1985    29     0.591
1985    30     0.693
1985    31     0.804
1985    32     0.920
1985    33         .
1985    34         .
1985    35         .
1985    36         .
1985    37         .
1985    38         .
1985    39         .
1985    40         .
1985    41         .
1985    42         .
1985    43         .
1985    44         .
1985    45         .
1985    46         .
1985    47         .
1985    48         .
1985    49         .
1985    50         .
1985    51         .
1985    52         .
1985    53         .
1985    54         .
1985    55         .
1986    12     0.000
1986    13     0.000
1986    14     0.000
1986    15     0.001
1986    16     0.002
1986    17     0.008
1986    18     0.017
1986    19     0.034
1986    20     0.058
1986    21     0.090
1986    22     0.127
1986    23     0.168
1986    24     0.215
1986    25     0.270
1986    26     0.333
1986    27     0.405
1986    28     0.486
1986    29     0.580
1986    30     0.685
1986    31     0.798
1986    32         .
1986    33         .
1986    34         .
1986    35         .
1986    36         .
1986    37         .
1986    38         .
1986    39         .
1986    40         .
1986    41         .
1986    42         .
1986    43         .
1986    44         .
1986    45         .
1986    46         .
1986    47         .
1986    48         .
1986    49         .
1986    50         .
1986    51         .
1986    52         .
1986    53         .
1986    54         .
1986    55         .
1987    12     0.000
1987    13     0.000
1987    14     0.000
1987    15     0.001
1987    16     0.002
1987    17     0.007
1987    18     0.016
1987    19     0.031
1987    20     0.055
1987    21     0.085
1987    22     0.120
1987    23     0.160
1987    24     0.205
1987    25     0.257
1987    26     0.318
1987    27     0.390
1987    28     0.473
1987    29     0.570
1987    30     0.677
1987    31         .
1987    32         .
1987    33         .
1987    34         .
1987    35         .
1987    36         .
1987    37         .
1987    38         .
1987    39         .
1987    40         .
1987    41         .
1987    42         .
1987    43         .
1987    44         .
1987    45         .
1987    46         .
1987    47         .
1987    48         .
1987    49         .
1987    50         .
1987    51         .
1987    52         .
1987    53         .
1987    54         .
1987    55         .
1988    12     0.000
1988    13     0.000
1988    14     0.000
1988    15     0.001
1988    16     0.002
1988    17     0.007
1988    18     0.015
1988    19     0.030
1988    20     0.052
1988    21     0.081
1988    22     0.114
1988    23     0.152
1988    24     0.195
1988    25     0.246
1988    26     0.308
1988    27     0.380
1988    28     0.466
1988    29     0.564
1988    30         .
1988    31         .
1988    32         .
1988    33         .
1988    34         .
1988    35         .
1988    36         .
1988    37         .
1988    38         .
1988    39         .
1988    40         .
1988    41         .
1988    42         .
1988    43         .
1988    44         .
1988    45         .
1988    46         .
1988    47         .
1988    48         .
1988    49         .
1988    50         .
1988    51         .
1988    52         .
1988    53         .
1988    54         .
1988    55         .
1989    12     0.000
1989    13     0.000
1989    14     0.000
1989    15     0.001
1989    16     0.002
1989    17     0.006
1989    18     0.014
1989    19     0.028
1989    20     0.049
1989    21     0.076
1989    22     0.107
1989    23     0.143
1989    24     0.185
1989    25     0.236
1989    26     0.297
1989    27     0.371
1989    28     0.458
1989    29         .
1989    30         .
1989    31         .
1989    32         .
1989    33         .
1989    34         .
1989    35         .
1989    36         .
1989    37         .
1989    38         .
1989    39         .
1989    40         .
1989    41         .
1989    42         .
1989    43         .
1989    44         .
1989    45         .
1989    46         .
1989    47         .
1989    48         .
1989    49         .
1989    50         .
1989    51         .
1989    52         .
1989    53         .
1989    54         .
1989    55         .
1990    12     0.000
1990    13     0.000
1990    14     0.000
1990    15     0.001
1990    16     0.002
1990    17     0.006
1990    18     0.014
1990    19     0.027
1990    20     0.047
1990    21     0.072
1990    22     0.103
1990    23     0.138
1990    24     0.179
1990    25     0.230
1990    26     0.293
1990    27     0.368
1990    28         .
1990    29         .
1990    30         .
1990    31         .
1990    32         .
1990    33         .
1990    34         .
1990    35         .
1990    36         .
1990    37         .
1990    38         .
1990    39         .
1990    40         .
1990    41         .
1990    42         .
1990    43         .
1990    44         .
1990    45         .
1990    46         .
1990    47         .
1990    48         .
1990    49         .
1990    50         .
1990    51         .
1990    52         .
1990    53         .
1990    54         .
1990    55         .
1991    12     0.000
1991    13     0.000
1991    14     0.000
1991    15     0.000
1991    16     0.002
1991    17     0.006
1991    18     0.014
1991    19     0.026
1991    20     0.046
1991    21     0.070
1991    22     0.100
1991    23     0.134
1991    24     0.176
1991    25     0.228
1991    26     0.290
1991    27         .
1991    28         .
1991    29         .
1991    30         .
1991    31         .
1991    32         .
1991    33         .
1991    34         .
1991    35         .
1991    36         .
1991    37         .
1991    38         .
1991    39         .
1991    40         .
1991    41         .
1991    42         .
1991    43         .
1991    44         .
1991    45         .
1991    46         .
1991    47         .
1991    48         .
1991    49         .
1991    50         .
1991    51         .
1991    52         .
1991    53         .
1991    54         .
1991    55         .
1992    12     0.000
1992    13     0.000
1992    14     0.000
1992    15     0.001
1992    16     0.002
1992    17     0.006
1992    18     0.013
1992    19     0.026
1992    20     0.045
1992    21     0.069
1992    22     0.098
1992    23     0.133
1992    24     0.176
1992    25     0.229
1992    26         .
1992    27         .
1992    28         .
1992    29         .
1992    30         .
1992    31         .
1992    32         .
1992    33         .
1992    34         .
1992    35         .
1992    36         .
1992    37         .
1992    38         .
1992    39         .
1992    40         .
1992    41         .
1992    42         .
1992    43         .
1992    44         .
1992    45         .
1992    46         .
1992    47         .
1992    48         .
1992    49         .
1992    50         .
1992    51         .
1992    52         .
1992    53         .
1992    54         .
1992    55         .
1993    12     0.000
1993    13     0.000
1993    14     0.000
1993    15     0.000
1993    16     0.002
1993    17     0.006
1993    18     0.012
1993    19     0.024
1993    20     0.042
1993    21     0.064
1993    22     0.093
1993    23     0.129
1993    24     0.172
1993    25         .
1993    26         .
1993    27         .
1993    28         .
1993    29         .
1993    30         .
1993    31         .
1993    32         .
1993    33         .
1993    34         .
1993    35         .
1993    36         .
1993    37         .
1993    38         .
1993    39         .
1993    40         .
1993    41         .
1993    42         .
1993    43         .
1993    44         .
1993    45         .
1993    46         .
1993    47         .
1993    48         .
1993    49         .
1993    50         .
1993    51         .
1993    52         .
1993    53         .
1993    54         .
1993    55         .
1994    12     0.000
1994    13     0.000
1994    14     0.000
1994    15     0.000
1994    16     0.002
1994    17     0.005
1994    18     0.012
1994    19     0.023
1994    20     0.041
1994    21     0.064
1994    22     0.095
1994    23     0.132
1994    24         .
1994    25         .
1994    26         .
1994    27         .
1994    28         .
1994    29         .
1994    30         .
1994    31         .
1994    32         .
1994    33         .
1994    34         .
1994    35         .
1994    36         .
1994    37         .
1994    38         .
1994    39         .
1994    40         .
1994    41         .
1994    42         .
1994    43         .
1994    44         .
1994    45         .
1994    46         .
1994    47         .
1994    48         .
1994    49         .
1994    50         .
1994    51         .
1994    52         .
1994    53         .
1994    54         .
1994    55         .
1995    12     0.000
1995    13     0.000
1995    14     0.000
1995    15     0.000
1995    16     0.002
1995    17     0.005
1995    18     0.012
1995    19     0.023
1995    20     0.041
1995    21     0.066
1995    22     0.098
1995    23         .
1995    24         .
1995    25         .
1995    26         .
1995    27         .
1995    28         .
1995    29         .
1995    30         .
1995    31         .
1995    32         .
1995    33         .
1995    34         .
1995    35         .
1995    36         .
1995    37         .
1995    38         .
1995    39         .
1995    40         .
1995    41         .
1995    42         .
1995    43         .
1995    44         .
1995    45         .
1995    46         .
1995    47         .
1995    48         .
1995    49         .
1995    50         .
1995    51         .
1995    52         .
1995    53         .
1995    54         .
1995    55         .
1996    12     0.000
1996    13     0.000
1996    14     0.000
1996    15     0.000
1996    16     0.002
1996    17     0.005
1996    18     0.011
1996    19     0.022
1996    20     0.041
1996    21     0.067
1996    22         .
1996    23         .
1996    24         .
1996    25         .
1996    26         .
1996    27         .
1996    28         .
1996    29         .
1996    30         .
1996    31         .
1996    32         .
1996    33         .
1996    34         .
1996    35         .
1996    36         .
1996    37         .
1996    38         .
1996    39         .
1996    40         .
1996    41         .
1996    42         .
1996    43         .
1996    44         .
1996    45         .
1996    46         .
1996    47         .
1996    48         .
1996    49         .
1996    50         .
1996    51         .
1996    52         .
1996    53         .
1996    54         .
1996    55         .
1997    12     0.000
1997    13     0.000
1997    14     0.000
1997    15     0.000
1997    16     0.002
1997    17     0.005
1997    18     0.011
1997    19     0.024
1997    20     0.042
1997    21         .
1997    22         .
1997    23         .
1997    24         .
1997    25         .
1997    26         .
1997    27         .
1997    28         .
1997    29         .
1997    30         .
1997    31         .
1997    32         .
1997    33         .
1997    34         .
1997    35         .
1997    36         .
1997    37         .
1997    38         .
1997    39         .
1997    40         .
1997    41         .
1997    42         .
1997    43         .
1997    44         .
1997    45         .
1997    46         .
1997    47         .
1997    48         .
1997    49         .
1997    50         .
1997    51         .
1997    52         .
1997    53         .
1997    54         .
1997    55         .
1998    12     0.000
1998    13     0.000
1998    14     0.000
1998    15     0.000
1998    16     0.002
1998    17     0.005
1998    18     0.012
1998    19     0.024
1998    20         .
1998    21         .
1998    22         .
1998    23         .
1998    24         .
1998    25         .
1998    26         .
1998    27         .
1998    28         .
1998    29         .
1998    30         .
1998    31         .
1998    32         .
1998    33         .
1998    34         .
1998    35         .
1998    36         .
1998    37         .
1998    38         .
1998    39         .
1998    40         .
1998    41         .
1998    42         .
1998    43         .
1998    44         .
1998    45         .
1998    46         .
1998    47         .
1998    48         .
1998    49         .
1998    50         .
1998    51         .
1998    52         .
1998    53         .
1998    54         .
1998    55         .
1999    12     0.000
1999    13     0.000
1999    14     0.000
1999    15     0.000
1999    16     0.002
1999    17     0.005
1999    18     0.012
1999    19         .
1999    20         .
1999    21         .
1999    22         .
1999    23         .
1999    24         .
1999    25         .
1999    26         .
1999    27         .
1999    28         .
1999    29         .
1999    30         .
1999    31         .
1999    32         .
1999    33         .
1999    34         .
1999    35         .
1999    36         .
1999    37         .
1999    38         .
1999    39         .
1999    40         .
1999    41         .
1999    42         .
1999    43         .
1999    44         .
1999    45         .
1999    46         .
1999    47         .
1999    48         .
1999    49         .
1999    50         .
1999    51         .
1999    52         .
1999    53         .
1999    54         .
1999    55         .
2000    12     0.000
2000    13     0.000
2000    14     0.000
2000    15     0.000
2000    16     0.002
2000    17     0.005
2000    18         .
2000    19         .
2000    20         .
2000    21         .
2000    22         .
2000    23         .
2000    24         .
2000    25         .
2000    26         .
2000    27         .
2000    28         .
2000    29         .
2000    30         .
2000    31         .
2000    32         .
2000    33         .
2000    34         .
2000    35         .
2000    36         .
2000    37         .
2000    38         .
2000    39         .
2000    40         .
2000    41         .
2000    42         .
2000    43         .
2000    44         .
2000    45         .
2000    46         .
2000    47         .
2000    48         .
2000    49         .
2000    50         .
2000    51         .
2000    52         .
2000    53         .
2000    54         .
2000    55         .
2001    12     0.000
2001    13     0.000
2001    14     0.000
2001    15     0.001
2001    16     0.002
2001    17         .
2001    18         .
2001    19         .
2001    20         .
2001    21         .
2001    22         .
2001    23         .
2001    24         .
2001    25         .
2001    26         .
2001    27         .
2001    28         .
2001    29         .
2001    30         .
2001    31         .
2001    32         .
2001    33         .
2001    34         .
2001    35         .
2001    36         .
2001    37         .
2001    38         .
2001    39         .
2001    40         .
2001    41         .
2001    42         .
2001    43         .
2001    44         .
2001    45         .
2001    46         .
2001    47         .
2001    48         .
2001    49         .
2001    50         .
2001    51         .
2001    52         .
2001    53         .
2001    54         .
2001    55         .
2002    12     0.000
2002    13     0.000
2002    14     0.000
2002    15     0.000
2002    16         .
2002    17         .
2002    18         .
2002    19         .
2002    20         .
2002    21         .
2002    22         .
2002    23         .
2002    24         .
2002    25         .
2002    26         .
2002    27         .
2002    28         .
2002    29         .
2002    30         .
2002    31         .
2002    32         .
2002    33         .
2002    34         .
2002    35         .
2002    36         .
2002    37         .
2002    38         .
2002    39         .
2002    40         .
2002    41         .
2002    42         .
2002    43         .
2002    44         .
2002    45         .
2002    46         .
2002    47         .
2002    48         .
2002    49         .
2002    50         .
2002    51         .
2002    52         .
2002    53         .
2002    54         .
2002    55         .
2003    12     0.000
2003    13     0.000
2003    14     0.000
2003    15         .
2003    16         .
2003    17         .
2003    18         .
2003    19         .
2003    20         .
2003    21         .
2003    22         .
2003    23         .
2003    24         .
2003    25         .
2003    26         .
2003    27         .
2003    28         .
2003    29         .
2003    30         .
2003    31         .
2003    32         .
2003    33         .
2003    34         .
2003    35         .
2003    36         .
2003    37         .
2003    38         .
2003    39         .
2003    40         .
2003    41         .
2003    42         .
2003    43         .
2003    44         .
2003    45         .
2003    46         .
2003    47         .
2003    48         .
2003    49         .
2003    50         .
2003    51         .
2003    52         .
2003    53         .
2003    54         .
2003    55         .
2004    12     0.000
2004    13     0.000
2004    14         .
2004    15         .
2004    16         .
2004    17         .
2004    18         .
2004    19         .
2004    20         .
2004    21         .
2004    22         .
2004    23         .
2004    24         .
2004    25         .
2004    26         .
2004    27         .
2004    28         .
2004    29         .
2004    30         .
2004    31         .
2004    32         .
2004    33         .
2004    34         .
2004    35         .
2004    36         .
2004    37         .
2004    38         .
2004    39         .
2004    40         .
2004    41         .
2004    42         .
2004    43         .
2004    44         .
2004    45         .
2004    46         .
2004    47         .
2004    48         .
2004    49         .
2004    50         .
2004    51         .
2004    52         .
2004    53         .
2004    54         .
2004    55         .
