Germany, Female population exposure by calendar year and age (Lexis squares, age in completed years (ACY))
Last modified: 04/02/2019
Year    Age        Exposure
1956     12       493865.67
1956     13       497172.17
1956     14       550407.33
1956     15       633017.00
1956     16       657043.67
1956     17       636169.50
1956     18       599508.00
1956     19       583144.17
1956     20       580041.67
1956     21       561067.50
1956     22       494752.17
1956     23       447414.83
1956     24       457861.67
1956     25       485205.33
1956     26       502050.33
1956     27       502830.00
1956     28       500591.33
1956     29       504483.00
1956     30       530679.00
1956     31       536703.67
1956     32       530246.17
1956     33       548747.50
1956     34       583602.33
1956     35       612442.00
1956     36       546798.83
1956     37       393902.83
1956     38       309027.33
1956     39       319811.50
1956     40       397175.67
1956     41       521226.00
1956     42       593078.33
1956     43       608763.33
1956     44       603114.67
1956     45       603816.00
1956     46       625199.83
1956     47       629612.33
1956     48       619323.33
1956     49       608768.67
1956     50       595421.67
1956     51       583130.00
1956     52       570345.83
1956     53       564759.83
1956     54       561378.00
1956     55       542458.00
1957     12       420634.33
1957     13       493770.83
1957     14       497163.33
1957     15       549754.50
1957     16       632200.50
1957     17       655953.83
1957     18       634525.00
1957     19       596482.17
1957     20       577870.17
1957     21       572336.50
1957     22       551497.67
1957     23       485968.50
1957     24       440316.67
1957     25       451394.50
1957     26       478377.00
1957     27       495786.50
1957     28       497093.00
1957     29       495298.83
1957     30       499722.17
1957     31       525992.17
1957     32       532560.00
1957     33       526402.67
1957     34       545337.33
1957     35       580110.00
1957     36       608889.17
1957     37       544245.00
1957     38       392139.00
1957     39       307457.50
1957     40       318218.00
1957     41       394906.00
1957     42       518709.83
1957     43       590569.67
1957     44       606233.67
1957     45       600835.50
1957     46       601286.00
1957     47       622552.83
1957     48       626958.83
1957     49       616493.50
1957     50       605951.83
1957     51       592562.67
1957     52       579989.00
1957     53       567157.83
1957     54       561315.50
1957     55       557703.50
1958     12       360975.39
1958     13       422795.67
1958     14       495982.00
1958     15       499314.50
1958     16       552108.17
1958     17       634113.67
1958     18       657133.83
1958     19       634521.33
1958     20       594472.50
1958     21       573632.67
1958     22       565916.83
1958     23       545070.67
1958     24       481296.83
1958     25       436536.33
1958     26       447461.17
1958     27       474848.67
1958     28       492816.33
1958     29       494482.17
1958     30       493085.50
1958     31       497853.33
1958     32       524516.00
1958     33       531452.00
1958     34       525742.33
1958     35       544578.17
1958     36       579661.00
1958     37       608415.67
1958     38       543954.00
1958     39       391980.00
1958     40       307414.33
1958     41       318188.50
1958     42       395021.00
1958     43       518933.00
1958     44       590830.83
1958     45       606536.00
1958     46       601165.00
1958     47       601640.33
1958     48       622737.17
1958     49       626938.33
1958     50       616292.33
1958     51       605631.33
1958     52       591875.00
1958     53       579149.17
1958     54       566142.00
1958     55       560016.83
1959     12       432904.39
1959     13       361407.41
1959     14       423410.67
1959     15       496726.50
1959     16       500097.67
1959     17       552741.17
1959     18       634283.17
1959     19       656930.33
1959     20       634795.17
1959     21       594688.83
1959     22       573788.83
1959     23       565831.50
1959     24       545166.50
1959     25       481582.67
1959     26       436968.67
1959     27       447850.00
1959     28       475354.17
1959     29       493052.67
1959     30       494844.00
1959     31       493312.33
1959     32       498007.50
1959     33       524782.33
1959     34       531621.00
1959     35       525794.17
1959     36       544690.17
1959     37       579587.50
1959     38       608177.17
1959     39       543614.83
1959     40       391811.50
1959     41       307228.67
1959     42       317938.67
1959     43       394564.83
1959     44       518315.67
1959     45       589879.50
1959     46       605458.17
1959     47       599920.00
1959     48       600184.83
1959     49       621076.17
1959     50       624970.00
1959     51       614198.33
1959     52       603212.00
1959     53       589332.17
1959     54       576397.83
1959     55       563152.17
1960     12       445521.47
1960     13       432974.05
1960     14       361544.12
1960     15       423657.00
1960     16       497137.00
1960     17       500522.17
1960     18       552893.33
1960     19       634178.83
1960     20       657460.67
1960     21       635115.83
1960     22       594914.83
1960     23       573774.00
1960     24       565997.50
1960     25       545068.83
1960     26       481840.67
1960     27       437158.17
1960     28       447940.17
1960     29       475326.83
1960     30       493184.00
1960     31       494810.33
1960     32       493207.00
1960     33       497957.17
1960     34       524689.17
1960     35       531408.67
1960     36       525479.83
1960     37       544264.50
1960     38       579057.00
1960     39       607500.00
1960     40       542984.17
1960     41       391261.33
1960     42       306762.00
1960     43       317418.00
1960     44       393800.33
1960     45       517217.50
1960     46       588361.50
1960     47       603726.33
1960     48       598028.67
1960     49       598217.83
1960     50       618790.83
1960     51       622440.17
1960     52       611423.83
1960     53       600307.17
1960     54       586099.50
1960     55       572946.17
1961     12       482924.76
1961     13       445090.70
1961     14       433161.41
1961     15       362551.69
1961     16       423545.50
1961     17       497625.00
1961     18       499947.67
1961     19       549714.00
1961     20       631093.00
1961     21       650242.67
1961     22       627260.17
1961     23       588237.50
1961     24       569710.50
1961     25       563572.83
1961     26       545838.00
1961     27       481927.17
1961     28       438236.33
1961     29       448184.67
1961     30       478687.83
1961     31       494869.83
1961     32       497373.67
1961     33       495907.50
1961     34       500946.00
1961     35       527858.17
1961     36       531795.17
1961     37       527504.17
1961     38       546188.67
1961     39       580845.17
1961     40       610253.67
1961     41       542564.83
1961     42       391981.00
1961     43       306376.33
1961     44       317463.83
1961     45       393984.00
1961     46       516251.00
1961     47       587612.50
1961     48       602719.50
1961     49       595949.50
1961     50       597272.33
1961     51       615422.67
1961     52       619677.67
1961     53       608191.83
1961     54       597443.33
1961     55       583289.33
1962     12       503452.12
1962     13       482605.82
1962     14       445456.46
1962     15       434468.82
1962     16       362662.75
1962     17       424242.17
1962     18       497870.17
1962     19       497955.67
1962     20       547698.33
1962     21       624829.67
1962     22       643671.00
1962     23       621721.50
1962     24       585060.83
1962     25       568325.00
1962     26       565274.33
1962     27       546782.67
1962     28       483956.50
1962     29       439313.33
1962     30       452272.67
1962     31       481085.33
1962     32       498143.67
1962     33       500617.83
1962     34       499394.67
1962     35       504639.50
1962     36       528712.50
1962     37       534209.17
1962     38       529769.17
1962     39       548335.33
1962     40       583915.00
1962     41       610041.83
1962     42       543241.83
1962     43       391516.17
1962     44       306541.50
1962     45       317902.83
1962     46       393526.67
1962     47       515848.67
1962     48       586792.33
1962     49       600705.00
1962     50       595079.50
1962     51       594035.00
1962     52       612726.00
1962     53       616508.50
1962     54       605343.50
1962     55       594632.67
1963     12       506447.42
1963     13       503816.09
1963     14       483214.99
1963     15       446207.23
1963     16       435653.36
1963     17       363856.48
1963     18       426714.17
1963     19       500868.17
1963     20       501230.33
1963     21       550458.00
1963     22       627505.17
1963     23       646104.50
1963     24       623767.50
1963     25       587111.50
1963     26       570371.33
1963     27       567193.33
1963     28       548745.50
1963     29       485649.50
1963     30       440926.00
1963     31       453721.67
1963     32       482355.83
1963     33       499172.00
1963     34       501543.00
1963     35       500224.67
1963     36       505262.50
1963     37       529196.83
1963     38       534428.50
1963     39       529866.17
1963     40       548287.00
1963     41       583644.83
1963     42       609505.17
1963     43       542600.50
1963     44       391048.00
1963     45       306060.83
1963     46       317305.67
1963     47       392629.33
1963     48       514495.50
1963     49       584966.33
1963     50       598678.00
1963     51       592849.83
1963     52       591470.50
1963     53       609870.33
1963     54       613356.33
1963     55       601951.50
1964     12       508026.61
1964     13       505440.08
1964     14       503815.49
1964     15       483220.69
1964     16       446135.63
1964     17       436322.93
1964     18       365749.45
1964     19       428390.67
1964     20       503111.33
1964     21       502823.50
1964     22       551149.67
1964     23       628965.50
1964     24       646495.00
1964     25       624214.50
1964     26       586944.00
1964     27       570835.00
1964     28       566553.00
1964     29       547877.17
1964     30       484541.00
1964     31       440166.83
1964     32       453010.67
1964     33       482197.83
1964     34       498108.67
1964     35       501245.50
1964     36       499870.67
1964     37       504446.33
1964     38       528418.00
1964     39       532379.83
1964     40       528852.00
1964     41       546828.00
1964     42       582151.50
1964     43       608245.50
1964     44       540200.33
1964     45       388698.67
1964     46       303771.17
1964     47       315539.67
1964     48       390663.66
1964     49       511941.83
1964     50       582579.17
1964     51       596064.17
1964     52       589707.67
1964     53       588209.67
1964     54       605770.33
1964     55       608805.83
1965     12       507499.63
1965     13       507259.22
1965     14       505742.94
1965     15       504148.68
1965     16       483532.25
1965     17       447312.30
1965     18       439512.41
1965     19       368551.83
1965     20       431566.83
1965     21       505405.33
1965     22       504418.33
1965     23       553258.17
1965     24       630007.00
1965     25       647597.67
1965     26       624422.33
1965     27       587826.83
1965     28       570533.50
1965     29       566070.50
1965     30       547101.67
1965     31       484132.17
1965     32       439811.00
1965     33       453308.83
1965     34       481539.00
1965     35       498186.17
1965     36       501243.67
1965     37       499306.67
1965     38       503990.50
1965     39       526748.33
1965     40       531598.83
1965     41       527706.33
1965     42       545657.33
1965     43       581193.83
1965     44       605821.83
1965     45       537674.67
1965     46       386342.83
1965     47       302108.83
1965     48       313837.83
1965     49       388508.50
1965     50       509761.83
1965     51       580008.67
1965     52       592931.17
1965     53       586523.67
1965     54       584160.17
1965     55       601212.17
1966     12       511024.56
1966     13       508427.97
1966     14       508489.36
1966     15       507260.76
1966     16       506103.78
1966     17       485993.79
1966     18       452046.50
1966     19       445282.28
1966     20       373512.23
1966     21       435631.83
1966     22       509065.83
1966     23       507493.50
1966     24       555979.00
1966     25       632463.50
1966     26       649501.33
1966     27       626260.33
1966     28       589580.50
1966     29       572059.83
1966     30       567541.33
1966     31       548533.00
1966     32       485315.67
1966     33       441152.00
1966     34       454512.33
1966     35       482649.50
1966     36       499140.17
1966     37       502023.17
1966     38       499905.17
1966     39       504500.33
1966     40       527030.17
1966     41       531723.83
1966     42       527580.00
1966     43       545414.50
1966     44       580614.33
1966     45       604878.83
1966     46       536682.67
1966     47       385462.50
1966     48       301402.83
1966     49       312935.67
1966     50       387207.83
1966     51       507920.33
1966     52       577669.67
1966     53       590337.50
1966     54       583464.50
1966     55       580959.17
1967     12       517159.79
1967     13       511659.64
1967     14       509255.47
1967     15       509471.59
1967     16       508416.66
1967     17       507504.47
1967     18       488759.42
1967     19       455066.43
1967     20       447869.92
1967     21       374835.04
1967     22       436384.00
1967     23       509103.17
1967     24       507319.33
1967     25       555267.17
1967     26       631614.67
1967     27       648219.17
1967     28       625178.33
1967     29       588464.50
1967     30       570951.83
1967     31       566595.17
1967     32       547450.83
1967     33       484611.17
1967     34       440562.67
1967     35       453889.83
1967     36       482093.50
1967     37       498552.83
1967     38       501346.33
1967     39       499206.00
1967     40       503836.17
1967     41       526204.00
1967     42       530759.83
1967     43       526572.00
1967     44       544295.33
1967     45       579191.83
1967     46       603306.33
1967     47       535034.17
1967     48       384193.67
1967     49       300258.00
1967     50       311752.17
1967     51       385593.33
1967     52       505668.00
1967     53       575048.50
1967     54       587195.17
1967     55       580202.50
1968     12       525652.43
1968     13       517900.16
1968     14       512545.89
1968     15       510361.18
1968     16       510790.08
1968     17       509994.46
1968     18       511257.17
1968     19       492798.98
1968     20       458234.24
1968     21       449856.34
1968     22       375956.69
1968     23       436940.00
1968     24       509054.33
1968     25       506918.00
1968     26       554766.83
1968     27       630525.50
1968     28       647329.17
1968     29       624355.50
1968     30       587648.33
1968     31       570231.67
1968     32       565849.50
1968     33       546841.00
1968     34       484278.50
1968     35       440220.83
1968     36       453527.33
1968     37       481614.50
1968     38       498126.83
1968     39       500764.67
1968     40       498630.67
1968     41       503024.00
1968     42       525333.33
1968     43       529701.00
1968     44       525474.83
1968     45       543016.33
1968     46       577708.67
1968     47       601511.83
1968     48       533362.50
1968     49       382764.33
1968     50       299090.33
1968     51       310339.33
1968     52       383719.33
1968     53       503170.67
1968     54       572031.67
1968     55       583841.67
1969     12       539973.90
1969     13       527089.64
1969     14       519596.79
1969     15       514751.70
1969     16       513068.66
1969     17       514394.21
1969     18       517834.29
1969     19       520822.04
1969     20       501801.96
1969     21       465699.03
1969     22       456905.15
1969     23       381297.65
1969     24       441523.00
1969     25       513061.17
1969     26       510379.17
1969     27       557874.50
1969     28       633203.83
1969     29       650318.33
1969     30       626921.00
1969     31       590128.17
1969     32       572537.00
1969     33       568018.50
1969     34       548986.83
1969     35       486264.17
1969     36       442002.00
1969     37       455005.83
1969     38       482865.17
1969     39       499194.17
1969     40       501429.67
1969     41       498983.33
1969     42       503142.83
1969     43       525232.67
1969     44       529312.67
1969     45       524902.33
1969     46       542132.17
1969     47       576509.00
1969     48       599951.83
1969     49       531718.67
1969     50       381440.50
1969     51       297891.00
1969     52       308962.83
1969     53       381847.50
1969     54       500618.67
1969     55       568819.50
1970     12       550111.86
1970     13       540256.28
1970     14       527351.99
1970     15       520979.81
1970     16       519099.03
1970     17       516467.55
1970     18       521229.99
1970     19       524581.36
1970     20       525334.58
1970     21       504186.93
1970     22       467418.82
1970     23       458239.82
1970     24       381521.06
1970     25       441991.67
1970     26       512106.33
1970     27       509204.33
1970     28       558037.33
1970     29       634220.50
1970     30       652860.83
1970     31       629422.50
1970     32       592824.33
1970     33       575496.67
1970     34       570068.00
1970     35       550854.00
1970     36       487329.17
1970     37       443013.33
1970     38       455913.00
1970     39       482937.00
1970     40       498962.33
1970     41       500474.00
1970     42       497505.33
1970     43       502268.83
1970     44       523196.83
1970     45       527475.33
1970     46       523018.83
1970     47       539460.83
1970     48       573414.33
1970     49       596333.17
1970     50       528369.00
1970     51       378574.17
1970     52       295697.00
1970     53       307458.83
1970     54       378984.83
1970     55       497115.00
1971     12       572873.86
1971     13       550763.84
1971     14       540952.26
1971     15       529339.34
1971     16       525664.64
1971     17       522662.66
1971     18       522579.54
1971     19       527088.01
1971     20       527982.05
1971     21       527025.88
1971     22       505048.31
1971     23       468410.21
1971     24       457920.89
1971     25       381666.91
1971     26       440967.83
1971     27       510606.17
1971     28       509096.50
1971     29       558364.67
1971     30       636316.33
1971     31       654871.83
1971     32       631667.00
1971     33       595287.33
1971     34       577012.67
1971     35       571525.50
1971     36       551381.67
1971     37       487900.17
1971     38       443641.67
1971     39       455657.00
1971     40       482589.00
1971     41       497959.67
1971     42       498968.83
1971     43       496565.00
1971     44       500243.33
1971     45       521426.50
1971     46       525592.17
1971     47       520415.00
1971     48       536564.33
1971     49       569938.83
1971     50       592826.50
1971     51       524969.17
1971     52       376116.00
1971     53       294301.33
1971     54       305062.00
1971     55       376343.00
1972     12       595318.92
1972     13       575083.60
1972     14       553436.78
1972     15       544447.93
1972     16       533144.29
1972     17       530173.77
1972     18       530265.48
1972     19       532005.87
1972     20       536165.36
1972     21       535619.36
1972     22       534586.92
1972     23       512162.40
1972     24       474609.81
1972     25       463394.19
1972     26       385989.70
1972     27       444893.33
1972     28       513782.00
1972     29       511969.00
1972     30       560997.83
1972     31       638567.50
1972     32       657062.33
1972     33       633650.00
1972     34       596973.50
1972     35       578687.33
1972     36       572715.67
1972     37       552398.17
1972     38       488770.33
1972     39       444441.67
1972     40       456299.33
1972     41       482945.33
1972     42       498093.00
1972     43       498887.33
1972     44       496323.83
1972     45       499836.17
1972     46       520668.00
1972     47       524636.50
1972     48       519282.67
1972     49       535024.00
1972     50       568088.00
1972     51       590552.50
1972     52       522843.67
1972     53       374401.33
1972     54       292835.17
1972     55       303516.50
1973     12       615227.76
1973     13       597596.73
1973     14       577691.24
1973     15       556869.61
1973     16       548015.06
1973     17       537723.88
1973     18       538213.78
1973     19       540294.83
1973     20       541991.65
1973     21       544340.77
1973     22       543024.48
1973     23       541846.08
1973     24       518441.07
1973     25       479767.92
1973     26       467892.53
1973     27       389498.80
1973     28       448012.17
1973     29       516290.33
1973     30       514228.17
1973     31       562914.17
1973     32       640286.83
1973     33       658623.67
1973     34       635049.17
1973     35       598337.83
1973     36       579527.83
1973     37       573314.00
1973     38       552905.17
1973     39       489193.00
1973     40       444850.83
1973     41       456418.83
1973     42       482917.50
1973     43       497787.67
1973     44       498494.17
1973     45       495756.50
1973     46       499022.50
1973     47       519658.33
1973     48       523467.33
1973     49       517847.17
1973     50       533328.67
1973     51       565880.50
1973     52       588082.67
1973     53       520393.17
1973     54       372503.17
1973     55       291198.50
1974     12       627944.94
1974     13       617181.80
1974     14       599913.07
1974     15       580529.70
1974     16       559487.52
1974     17       551320.81
1974     18       543489.19
1974     19       545569.79
1974     20       547189.13
1974     21       547630.52
1974     22       548803.44
1974     23       547350.43
1974     24       545526.30
1974     25       521463.23
1974     26       482124.23
1974     27       469611.33
1974     28       390915.87
1974     29       448934.33
1974     30       516891.00
1974     31       514884.50
1974     32       563285.33
1974     33       640561.83
1974     34       658855.33
1974     35       635210.83
1974     36       598225.17
1974     37       579290.67
1974     38       573055.33
1974     39       552537.83
1974     40       488808.67
1974     41       444478.33
1974     42       455945.33
1974     43       482272.67
1974     44       496888.33
1974     45       497520.33
1974     46       494565.83
1974     47       497803.00
1974     48       518147.83
1974     49       521761.33
1974     50       516048.17
1974     51       531157.67
1974     52       563410.33
1974     53       585269.50
1974     54       517653.33
1974     55       370316.67
1975     12       642198.60
1975     13       628679.24
1975     14       618171.06
1975     15       600960.15
1975     16       581244.46
1975     17       560275.04
1975     18       553051.87
1975     19       545894.54
1975     20       547567.38
1975     21       547849.81
1975     22       547806.25
1975     23       548304.36
1975     24       546668.91
1975     25       544271.94
1975     26       520017.53
1975     27       480284.73
1975     28       467704.17
1975     29       389098.13
1975     30       447020.17
1975     31       515138.67
1975     32       513062.50
1975     33       561452.00
1975     34       638945.17
1975     35       657015.50
1975     36       633456.33
1975     37       596524.00
1975     38       577683.33
1975     39       571400.67
1975     40       550932.17
1975     41       487322.33
1975     42       443037.00
1975     43       454431.17
1975     44       480661.00
1975     45       495246.67
1975     46       495809.00
1975     47       492808.83
1975     48       495904.83
1975     49       516044.17
1975     50       519620.17
1975     51       513697.67
1975     52       528542.17
1975     53       560516.33
1975     54       581991.17
1975     55       514467.17
1976     12       652398.70
1976     13       642453.33
1976     14       628982.85
1976     15       618626.13
1976     16       601195.63
1976     17       581592.49
1976     18       561139.76
1976     19       554297.87
1976     20       547091.19
1976     21       547451.04
1976     22       547127.57
1976     23       546459.56
1976     24       546405.06
1976     25       544352.32
1976     26       541828.13
1976     27       517109.15
1976     28       477553.98
1976     29       464736.21
1976     30       386477.38
1976     31       444632.00
1976     32       512777.67
1976     33       510760.17
1976     34       559436.00
1976     35       636753.17
1976     36       654840.33
1976     37       631450.00
1976     38       594609.67
1976     39       575809.67
1976     40       569596.83
1976     41       549216.17
1976     42       485549.00
1976     43       441337.33
1976     44       452741.50
1976     45       478950.17
1976     46       493435.00
1976     47       494015.17
1976     48       490857.17
1976     49       493855.83
1976     50       513843.17
1976     51       517192.00
1976     52       511147.00
1976     53       525811.83
1976     54       557407.17
1976     55       578518.00
1977     12       644255.89
1977     13       653079.94
1977     14       643274.14
1977     15       629990.66
1977     16       619493.61
1977     17       602529.07
1977     18       583574.44
1977     19       563326.00
1977     20       556779.87
1977     21       548362.32
1977     22       548250.34
1977     23       547211.28
1977     24       546054.03
1977     25       545444.52
1977     26       542956.15
1977     27       540203.03
1977     28       515576.06
1977     29       475777.96
1977     30       462736.29
1977     31       384824.65
1977     32       443061.17
1977     33       511212.83
1977     34       509528.67
1977     35       558066.00
1977     36       635430.50
1977     37       653542.17
1977     38       630266.50
1977     39       593431.00
1977     40       574628.50
1977     41       568396.33
1977     42       547928.50
1977     43       484278.67
1977     44       440108.67
1977     45       451497.67
1977     46       477564.00
1977     47       491963.83
1977     48       492337.67
1977     49       489077.00
1977     50       492003.33
1977     51       511636.33
1977     52       514844.17
1977     53       508746.67
1977     54       523084.67
1977     55       554419.67
1978     12       634990.07
1978     13       645519.90
1978     14       654414.10
1978     15       644761.76
1978     16       631328.03
1978     17       621252.06
1978     18       605490.79
1978     19       586604.73
1978     20       566455.11
1978     21       558655.27
1978     22       550017.06
1978     23       549344.91
1978     24       547893.26
1978     25       546081.68
1978     26       544871.64
1978     27       542344.60
1978     28       539498.09
1978     29       514631.22
1978     30       474761.20
1978     31       461659.15
1978     32       383844.66
1978     33       442179.17
1978     34       510553.83
1978     35       508799.33
1978     36       557577.00
1978     37       634759.00
1978     38       652957.17
1978     39       629529.00
1978     40       592804.50
1978     41       573884.67
1978     42       567659.33
1978     43       546968.00
1978     44       483325.00
1978     45       439249.83
1978     46       450554.67
1978     47       476345.00
1978     48       490570.67
1978     49       490822.17
1978     50       487456.17
1978     51       490164.83
1978     52       509555.17
1978     53       512616.33
1978     54       506295.83
1978     55       520451.83
1979     12       622478.91
1979     13       636934.88
1979     14       647580.32
1979     15       656703.57
1979     16       646973.32
1979     17       633807.30
1979     18       624860.95
1979     19       609309.72
1979     20       590135.14
1979     21       568737.58
1979     22       560610.73
1979     23       551987.96
1979     24       550811.76
1979     25       548673.32
1979     26       546499.47
1979     27       545009.58
1979     28       542152.67
1979     29       539305.59
1979     30       514472.08
1979     31       474514.88
1979     32       461267.30
1979     33       383679.57
1979     34       442090.50
1979     35       510512.00
1979     36       508813.00
1979     37       557571.33
1979     38       634660.67
1979     39       652704.33
1979     40       629366.17
1979     41       592533.67
1979     42       573579.33
1979     43       567083.67
1979     44       546208.17
1979     45       482631.33
1979     46       438553.00
1979     47       449680.83
1979     48       475253.17
1979     49       489309.67
1979     50       489339.83
1979     51       485806.50
1979     52       488376.50
1979     53       507472.50
1979     54       510228.17
1979     55       503860.50
1980     12       604080.45
1980     13       624780.91
1980     14       639686.44
1980     15       650788.86
1980     16       660168.49
1980     17       650741.48
1980     18       638205.74
1980     19       629497.89
1980     20       613956.49
1980     21       593385.76
1980     22       571343.92
1980     23       563280.80
1980     24       554237.72
1980     25       552671.56
1980     26       550103.84
1980     27       547443.92
1980     28       545683.04
1980     29       542615.12
1980     30       539948.67
1980     31       514883.45
1980     32       474793.39
1980     33       461527.82
1980     34       384069.49
1980     35       442574.67
1980     36       510868.67
1980     37       509277.17
1980     38       557946.83
1980     39       634858.00
1980     40       652872.50
1980     41       629450.67
1980     42       592530.00
1980     43       573351.33
1980     44       566671.17
1980     45       545634.17
1980     46       482066.50
1980     47       437966.67
1980     48       448884.17
1980     49       474248.17
1980     50       488142.67
1980     51       487840.67
1980     52       484170.00
1980     53       486476.33
1980     54       505267.83
1980     55       507875.33
1981     12       576473.60
1981     13       606084.28
1981     14       627237.16
1981     15       643249.50
1981     16       653967.05
1981     17       663601.20
1981     18       654588.07
1981     19       642229.30
1981     20       633899.74
1981     21       616834.17
1981     22       595587.31
1981     23       573535.03
1981     24       565086.38
1981     25       555967.74
1981     26       554101.56
1981     27       550972.79
1981     28       548112.64
1981     29       546102.49
1981     30       543245.60
1981     31       540236.98
1981     32       515194.72
1981     33       474927.23
1981     34       461795.78
1981     35       384318.36
1981     36       442731.33
1981     37       511169.33
1981     38       509546.67
1981     39       558041.50
1981     40       635028.67
1981     41       653009.83
1981     42       629324.67
1981     43       592426.17
1981     44       572994.50
1981     45       566172.50
1981     46       544884.00
1981     47       481519.50
1981     48       437314.83
1981     49       447926.83
1981     50       473243.50
1981     51       486875.33
1981     52       486232.67
1981     53       482425.00
1981     54       484449.33
1981     55       502948.33
1982     12       530203.20
1982     13       577217.12
1982     14       607058.30
1982     15       629018.08
1982     16       644089.46
1982     17       655231.76
1982     18       665336.01
1982     19       656819.34
1982     20       644424.73
1982     21       634795.62
1982     22       617376.36
1982     23       596190.44
1982     24       573845.13
1982     25       565350.74
1982     26       556150.98
1982     27       553895.76
1982     28       550622.28
1982     29       547720.93
1982     30       545725.48
1982     31       542645.09
1982     32       539534.18
1982     33       514537.35
1982     34       474287.15
1982     35       461066.98
1982     36       383744.22
1982     37       442288.67
1982     38       510653.50
1982     39       508968.17
1982     40       557621.17
1982     41       634518.67
1982     42       652215.17
1982     43       628631.83
1982     44       591619.00
1982     45       572147.33
1982     46       565041.67
1982     47       543825.00
1982     48       480504.33
1982     49       436143.17
1982     50       446700.83
1982     51       471792.17
1982     52       485097.33
1982     53       484362.83
1982     54       480271.00
1982     55       482135.83
1983     12       501321.83
1983     13       529649.22
1983     14       576766.00
1983     15       606776.07
1983     16       628218.64
1983     17       643606.86
1983     18       655597.58
1983     19       666146.88
1983     20       657606.16
1983     21       644105.64
1983     22       634336.31
1983     23       616723.33
1983     24       595490.55
1983     25       573186.65
1983     26       564554.61
1983     27       555139.93
1983     28       552820.68
1983     29       549496.91
1983     30       546502.53
1983     31       544383.18
1983     32       541214.65
1983     33       538117.65
1983     34       512955.86
1983     35       472826.55
1983     36       459677.86
1983     37       382592.93
1983     38       441104.00
1983     39       509421.83
1983     40       507838.33
1983     41       556429.17
1983     42       633205.00
1983     43       650790.67
1983     44       627264.00
1983     45       590175.17
1983     46       570705.00
1983     47       563462.67
1983     48       542221.00
1983     49       478902.33
1983     50       434550.33
1983     51       444978.33
1983     52       469934.67
1983     53       482986.00
1983     54       482004.00
1983     55       477893.00
1984     12       465056.65
1984     13       499810.33
1984     14       528165.81
1984     15       575471.62
1984     16       605224.77
1984     17       627152.92
1984     18       643538.90
1984     19       656082.58
1984     20       666917.99
1984     21       657485.50
1984     22       643706.24
1984     23       633857.35
1984     24       616132.72
1984     25       594910.01
1984     26       572513.63
1984     27       563533.16
1984     28       554015.24
1984     29       551423.16
1984     30       547948.31
1984     31       544639.84
1984     32       542419.07
1984     33       539082.11
1984     34       535473.13
1984     35       510401.71
1984     36       470176.37
1984     37       457158.93
1984     38       380553.93
1984     39       438911.50
1984     40       507491.50
1984     41       505879.67
1984     42       554424.67
1984     43       631178.67
1984     44       648584.00
1984     45       625128.83
1984     46       588159.33
1984     47       568693.17
1984     48       561373.50
1984     49       540182.00
1984     50       476856.17
1984     51       432547.50
1984     52       442981.00
1984     53       467674.17
1984     54       480549.83
1984     55       479546.67
1985     12       404709.39
1985     13       464123.99
1985     14       498970.22
1985     15       527593.17
1985     16       574722.50
1985     17       604900.37
1985     18       627981.11
1985     19       645007.27
1985     20       658002.32
1985     21       667898.65
1985     22       658215.10
1985     23       644523.55
1985     24       634394.30
1985     25       616549.83
1985     26       595259.12
1985     27       572418.50
1985     28       563358.84
1985     29       553533.53
1985     30       550714.02
1985     31       546898.39
1985     32       543427.21
1985     33       540938.77
1985     34       537260.40
1985     35       533610.16
1985     36       508185.70
1985     37       468163.78
1985     38       455343.63
1985     39       378805.43
1985     40       437349.50
1985     41       505850.33
1985     42       504201.33
1985     43       552843.50
1985     44       629306.67
1985     45       646728.33
1985     46       623234.00
1985     47       586339.83
1985     48       566834.33
1985     49       559488.00
1985     50       538185.50
1985     51       474889.50
1985     52       430681.17
1985     53       440948.33
1985     54       465449.67
1985     55       478179.17
1986     12       383551.77
1986     13       405296.97
1986     14       464868.46
1986     15       500009.77
1986     16       528471.81
1986     17       575724.08
1986     18       607131.53
1986     19       630985.20
1986     20       648577.50
1986     21       660544.02
1986     22       670435.19
1986     23       660521.85
1986     24       646533.96
1986     25       636158.07
1986     26       618181.00
1986     27       596588.14
1986     28       573621.30
1986     29       564515.56
1986     30       554418.41
1986     31       551289.91
1986     32       547447.54
1986     33       543587.78
1986     34       541141.32
1986     35       537223.19
1986     36       533354.46
1986     37       507875.67
1986     38       467942.79
1986     39       455059.23
1986     40       378476.48
1986     41       436902.33
1986     42       505333.83
1986     43       503621.33
1986     44       552135.00
1986     45       628365.50
1986     46       645626.00
1986     47       622072.67
1986     48       585110.50
1986     49       565486.17
1986     50       557985.17
1986     51       536631.67
1986     52       473274.50
1986     53       429094.33
1986     54       439153.67
1986     55       463341.83
1987     12       373111.49
1987     13       381853.68
1987     14       403691.24
1987     15       464937.73
1987     16       499709.59
1987     17       531420.87
1987     18       580086.55
1987     19       612212.67
1987     20       636121.54
1987     21       651157.74
1987     22       661582.01
1987     23       670564.23
1987     24       660436.69
1987     25       647492.99
1987     26       636361.36
1987     27       617978.94
1987     28       596585.20
1987     29       573893.39
1987     30       565488.59
1987     31       555155.47
1987     32       551584.28
1987     33       544192.50
1987     34       542824.50
1987     35       541118.86
1987     36       538503.20
1987     37       535889.21
1987     38       511476.93
1987     39       470487.71
1987     40       457681.72
1987     41       379700.18
1987     42       436947.67
1987     43       505524.17
1987     44       503757.33
1987     45       552012.00
1987     46       628282.00
1987     47       643984.17
1987     48       620906.83
1987     49       584213.67
1987     50       564578.17
1987     51       556665.17
1987     52       534590.67
1987     53       471964.00
1987     54       427652.67
1987     55       436921.83
1988     12       372520.91
1988     13       372437.08
1988     14       381294.26
1988     15       404877.68
1988     16       465511.51
1988     17       503171.57
1988     18       536871.09
1988     19       586788.96
1988     20       618852.94
1988     21       640416.15
1988     22       653876.01
1988     23       663824.20
1988     24       672562.97
1988     25       663228.25
1988     26       649594.42
1988     27       637870.74
1988     28       619677.32
1988     29       598784.81
1988     30       576638.86
1988     31       568071.07
1988     32       557094.46
1988     33       550112.21
1988     34       545019.51
1988     35       544282.86
1988     36       543542.91
1988     37       541953.87
1988     38       540194.19
1988     39       514841.20
1988     40       473589.45
1988     41       459649.66
1988     42       380177.70
1988     43       437625.33
1988     44       506038.50
1988     45       504114.33
1988     46       552469.67
1988     47       627108.17
1988     48       643242.50
1988     49       620453.83
1988     50       583766.17
1988     51       563742.33
1988     52       555009.17
1988     53       533477.33
1988     54       470670.50
1988     55       425867.00
1989     12       384696.95
1989     13       376110.22
1989     14       376107.29
1989     15       385404.96
1989     16       408546.09
1989     17       468992.70
1989     18       509484.55
1989     19       545275.27
1989     20       595820.23
1989     21       627177.29
1989     22       648329.88
1989     23       662010.32
1989     24       671725.71
1989     25       679918.18
1989     26       670531.69
1989     27       656397.46
1989     28       644167.79
1989     29       625992.95
1989     30       604885.86
1989     31       582219.52
1989     32       573312.16
1989     33       561801.30
1989     34       554627.21
1989     35       548948.67
1989     36       547617.08
1989     37       546585.01
1989     38       544533.20
1989     39       542473.85
1989     40       516817.96
1989     41       475039.38
1989     42       460745.35
1989     43       380933.40
1989     44       438281.17
1989     45       506634.67
1989     46       504725.50
1989     47       552825.67
1989     48       627336.17
1989     49       643280.83
1989     50       620378.83
1989     51       583587.17
1989     52       563423.67
1989     53       554280.17
1989     54       532609.83
1989     55       469719.83
1990     12       395596.35
1990     13       388903.14
1990     14       380596.86
1990     15       381018.41
1990     16       390292.13
1990     17       413080.23
1990     18       476500.90
1990     19       519051.43
1990     20       555197.32
1990     21       604621.34
1990     22       635458.11
1990     23       656382.23
1990     24       669674.11
1990     25       679073.74
1990     26       687231.54
1990     27       677290.44
1990     28       662777.65
1990     29       650145.92
1990     30       632047.78
1990     31       610579.41
1990     32       587662.29
1990     33       578345.68
1990     34       566621.05
1990     35       559055.48
1990     36       552845.38
1990     37       551027.00
1990     38       549729.56
1990     39       547364.34
1990     40       545018.83
1990     41       518831.99
1990     42       476295.41
1990     43       462024.27
1990     44       381628.21
1990     45       439416.17
1990     46       507729.33
1990     47       505400.83
1990     48       553767.17
1990     49       627792.33
1990     50       643725.67
1990     51       620607.67
1990     52       583917.83
1990     53       563225.00
1990     54       553925.00
1990     55       531938.33
1991     12       400216.70
1991     13       399639.96
1991     14       393337.17
1991     15       385482.68
1991     16       386042.04
1991     17       395192.87
1991     18       420368.87
1991     19       485538.64
1991     20       528502.00
1991     21       563118.63
1991     22       611966.00
1991     23       642367.59
1991     24       662684.60
1991     25       675417.35
1991     26       684714.66
1991     27       692353.99
1991     28       682504.62
1991     29       667520.39
1991     30       654923.16
1991     31       636760.41
1991     32       614912.68
1991     33       591836.05
1991     34       582167.83
1991     35       570312.09
1991     36       562446.04
1991     37       555662.72
1991     38       553599.54
1991     39       552267.45
1991     40       549455.63
1991     41       546837.16
1991     42       520195.64
1991     43       477581.61
1991     44       462543.85
1991     45       382680.53
1991     46       439660.67
1991     47       507677.33
1991     48       505858.17
1991     49       553696.00
1991     50       627931.83
1991     51       643564.33
1991     52       620579.83
1991     53       583501.17
1991     54       562686.67
1991     55       553078.17
1992     12       421282.96
1992     13       404405.01
1992     14       403963.83
1992     15       398138.05
1992     16       390416.16
1992     17       391151.42
1992     18       402842.98
1992     19       429926.12
1992     20       496313.22
1992     21       538036.47
1992     22       571858.65
1992     23       620252.92
1992     24       650120.46
1992     25       669464.45
1992     26       681790.66
1992     27       690764.79
1992     28       698214.08
1992     29       688043.43
1992     30       672847.52
1992     31       659959.19
1992     32       641595.03
1992     33       619481.33
1992     34       595885.78
1992     35       585923.47
1992     36       573846.53
1992     37       565785.39
1992     38       558589.42
1992     39       556196.97
1992     40       554601.34
1992     41       551428.92
1992     42       548724.41
1992     43       521702.52
1992     44       478543.88
1992     45       463565.52
1992     46       382653.65
1992     47       439508.17
1992     48       507488.00
1992     49       505378.17
1992     50       553452.67
1992     51       627450.00
1992     52       643066.83
1992     53       619845.17
1992     54       582700.33
1992     55       561674.00
1993     12       436829.97
1993     13       425003.96
1993     14       408042.07
1993     15       408198.73
1993     16       402640.67
1993     17       395012.77
1993     18       398123.90
1993     19       412234.89
1993     20       439882.68
1993     21       505526.45
1993     22       546562.94
1993     23       579772.91
1993     24       627492.60
1993     25       656492.85
1993     26       675329.83
1993     27       687440.63
1993     28       696010.06
1993     29       703353.92
1993     30       692981.02
1993     31       677488.32
1993     32       664567.30
1993     33       645879.36
1993     34       623565.03
1993     35       599665.80
1993     36       589396.62
1993     37       577085.53
1993     38       568877.42
1993     39       561244.44
1993     40       558611.90
1993     41       556522.08
1993     42       553247.93
1993     43       550183.32
1993     44       522802.29
1993     45       479358.86
1993     46       464014.96
1993     47       382771.93
1993     48       439241.17
1993     49       506929.33
1993     50       504797.67
1993     51       552905.17
1993     52       626678.33
1993     53       642281.83
1993     54       618894.33
1993     55       581804.00
1994     12       436897.68
1994     13       439567.63
1994     14       427776.18
1994     15       411252.10
1994     16       411775.76
1994     17       406289.60
1994     18       400443.37
1994     19       405708.67
1994     20       420193.12
1994     21       446848.84
1994     22       511830.25
1994     23       552229.77
1994     24       584412.24
1994     25       631145.90
1994     26       659903.07
1994     27       678573.69
1994     28       690552.72
1994     29       698935.50
1994     30       706209.43
1994     31       695754.22
1994     32       680286.37
1994     33       667234.40
1994     34       648627.08
1994     35       626334.22
1994     36       602186.56
1994     37       591630.75
1994     38       579285.99
1994     39       570950.14
1994     40       563065.12
1994     41       559926.91
1994     42       557658.88
1994     43       554240.29
1994     44       550734.44
1994     45       523227.61
1994     46       479449.50
1994     47       463795.07
1994     48       382347.85
1994     49       438416.33
1994     50       505809.00
1994     51       503584.83
1994     52       551743.33
1994     53       625479.50
1994     54       640869.67
1994     55       617624.83
1995     12       436118.19
1995     13       439553.93
1995     14       442316.12
1995     15       430844.01
1995     16       414642.50
1995     17       415311.72
1995     18       411393.73
1995     19       407686.13
1995     20       413618.04
1995     21       427220.79
1995     22       452925.08
1995     23       517400.23
1995     24       556679.60
1995     25       587718.33
1995     26       634134.70
1995     27       662475.79
1995     28       681008.41
1995     29       692754.59
1995     30       700987.96
1995     31       708237.29
1995     32       698000.03
1995     33       682506.88
1995     34       669410.30
1995     35       650827.34
1995     36       628486.03
1995     37       604176.39
1995     38       593531.02
1995     39       580956.66
1995     40       572572.75
1995     41       564282.19
1995     42       560773.14
1995     43       558566.89
1995     44       554781.89
1995     45       551044.78
1995     46       523313.60
1995     47       479260.42
1995     48       463360.31
1995     49       381719.76
1995     50       437420.83
1995     51       504283.00
1995     52       502236.67
1995     53       550332.67
1995     54       623910.67
1995     55       639293.67
1996     12       427817.95
1996     13       438632.18
1996     14       442035.31
1996     15       445279.98
1996     16       434038.39
1996     17       417765.00
1996     18       420283.44
1996     19       418658.14
1996     20       415533.73
1996     21       420672.39
1996     22       433524.72
1996     23       458667.49
1996     24       522301.69
1996     25       560388.99
1996     26       590800.18
1996     27       636689.47
1996     28       664692.04
1996     29       683105.45
1996     30       694580.08
1996     31       702802.78
1996     32       710159.31
1996     33       699969.99
1996     34       684403.33
1996     35       671146.51
1996     36       652488.79
1996     37       630198.38
1996     38       605737.61
1996     39       594726.14
1996     40       582184.61
1996     41       573691.12
1996     42       565029.45
1996     43       561373.52
1996     44       559022.74
1996     45       554946.53
1996     46       551071.47
1996     47       523170.91
1996     48       478774.20
1996     49       462755.48
1996     50       380939.39
1996     51       436140.50
1996     52       502713.33
1996     53       500585.33
1996     54       548707.83
1996     55       622072.83
1997     12       431357.82
1997     13       429258.55
1997     14       440010.75
1997     15       443936.73
1997     16       447526.97
1997     17       436181.90
1997     18       421693.01
1997     19       426627.51
1997     20       425372.80
1997     21       421387.65
1997     22       426014.39
1997     23       438055.79
1997     24       462259.86
1997     25       524772.16
1997     26       562121.67
1997     27       592121.49
1997     28       637421.50
1997     29       665268.64
1997     30       683414.47
1997     31       694973.79
1997     32       703265.41
1997     33       710619.17
1997     34       700484.52
1997     35       684881.42
1997     36       671578.50
1997     37       653030.57
1997     38       630581.26
1997     39       606049.68
1997     40       595027.07
1997     41       582437.87
1997     42       573841.65
1997     43       564880.07
1997     44       561121.44
1997     45       558742.09
1997     46       554460.27
1997     47       550392.97
1997     48       522321.12
1997     49       477821.04
1997     50       461567.56
1997     51       379711.10
1997     52       434498.33
1997     53       500683.33
1997     54       498486.33
1997     55       546583.00
1998     12       437018.69
1998     13       431620.64
1998     14       429566.63
1998     15       440656.56
1998     16       445072.76
1998     17       448821.79
1998     18       439205.30
1998     19       427092.32
1998     20       432617.14
1998     21       430480.22
1998     22       425947.71
1998     23       429675.30
1998     24       440937.39
1998     25       464009.44
1998     26       525427.58
1998     27       562601.30
1998     28       591884.50
1998     29       636770.53
1998     30       664223.88
1998     31       682487.00
1998     32       694051.68
1998     33       702312.59
1998     34       709623.44
1998     35       699686.55
1998     36       684191.96
1998     37       670941.32
1998     38       652370.99
1998     39       630033.94
1998     40       605529.17
1998     41       594324.78
1998     42       581852.40
1998     43       573043.24
1998     44       564104.15
1998     45       560251.57
1998     46       557823.05
1998     47       553451.13
1998     48       549220.94
1998     49       521075.81
1998     50       476434.40
1998     51       460005.77
1998     52       378155.50
1998     53       432621.17
1998     54       498390.00
1998     55       496238.83
1999     12       451701.99
1999     13       437521.37
1999     14       432260.07
1999     15       430344.61
1999     16       441878.83
1999     17       446542.89
1999     18       452071.83
1999     19       444943.74
1999     20       433676.81
1999     21       438369.34
1999     22       435873.37
1999     23       430476.53
1999     24       433570.08
1999     25       443799.86
1999     26       465724.22
1999     27       526799.50
1999     28       563263.81
1999     29       592054.52
1999     30       636417.13
1999     31       663986.68
1999     32       681765.40
1999     33       693345.30
1999     34       701579.07
1999     35       709243.89
1999     36       699160.19
1999     37       683841.33
1999     38       670499.35
1999     39       652006.53
1999     40       629725.76
1999     41       605051.83
1999     42       593878.39
1999     43       581217.26
1999     44       572477.60
1999     45       563437.12
1999     46       559465.95
1999     47       557000.24
1999     48       552497.61
1999     49       548084.51
1999     50       519937.71
1999     51       475129.20
1999     52       458539.13
1999     53       376724.09
1999     54       430772.83
1999     55       496205.50
2000     12       460309.42
2000     13       452637.45
2000     14       438535.50
2000     15       433451.98
2000     16       431905.26
2000     17       443738.67
2000     18       450106.18
2000     19       458432.91
2000     20       452379.19
2000     21       440115.89
2000     22       444965.43
2000     23       441608.02
2000     24       435431.02
2000     25       437416.40
2000     26       446624.10
2000     27       468074.58
2000     28       528449.31
2000     29       564408.69
2000     30       592757.92
2000     31       636875.61
2000     32       664039.38
2000     33       681743.04
2000     34       693385.72
2000     35       701746.77
2000     36       709349.83
2000     37       699298.18
2000     38       683891.08
2000     39       670611.56
2000     40       652195.54
2000     41       629808.60
2000     42       605096.74
2000     43       593695.79
2000     44       580978.63
2000     45       572237.44
2000     46       563012.93
2000     47       558871.17
2000     48       556341.47
2000     49       551703.08
2000     50       547250.79
2000     51       518811.52
2000     52       473917.19
2000     53       457174.27
2000     54       375329.76
2000     55       429017.83
2001     12       459564.96
2001     13       461158.78
2001     14       453630.63
2001     15       439757.44
2001     16       435068.92
2001     17       433873.59
2001     18       447431.59
2001     19       457116.45
2001     20       466547.11
2001     21       459694.57
2001     22       447575.57
2001     23       451969.12
2001     24       447573.64
2001     25       440082.87
2001     26       441037.93
2001     27       449899.09
2001     28       470472.27
2001     29       530428.15
2001     30       565919.76
2001     31       593703.62
2001     32       637603.12
2001     33       664602.34
2001     34       682290.35
2001     35       693827.46
2001     36       702146.22
2001     37       709571.42
2001     38       699531.91
2001     39       684185.96
2001     40       671014.06
2001     41       652469.06
2001     42       630086.57
2001     43       605173.07
2001     44       593623.23
2001     45       580862.58
2001     46       572068.32
2001     47       562628.45
2001     48       558321.20
2001     49       555721.98
2001     50       550924.18
2001     51       546192.80
2001     52       517744.36
2001     53       472703.48
2001     54       455721.86
2001     55       373947.23
2002     12       457787.32
2002     13       460478.88
2002     14       462336.50
2002     15       454948.03
2002     16       441574.38
2002     17       437163.73
2002     18       437622.18
2002     19       454900.51
2002     20       465365.35
2002     21       474286.38
2002     22       467353.82
2002     23       454794.80
2002     24       458248.94
2002     25       452475.99
2002     26       443951.36
2002     27       444567.40
2002     28       452734.22
2002     29       472903.81
2002     30       532403.72
2002     31       567333.22
2002     32       594776.53
2002     33       638472.94
2002     34       665313.01
2002     35       682888.83
2002     36       694228.33
2002     37       702515.05
2002     38       709974.72
2002     39       699909.21
2002     40       684628.49
2002     41       671369.85
2002     42       652722.51
2002     43       630186.55
2002     44       605152.58
2002     45       593502.48
2002     46       580710.87
2002     47       571754.23
2002     48       562196.14
2002     49       557636.59
2002     50       554930.38
2002     51       549969.80
2002     52       545112.62
2002     53       516564.34
2002     54       471339.37
2002     55       454183.82
2003     12       443117.74
2003     13       458359.44
2003     14       461103.76
2003     15       463135.58
2003     16       456213.25
2003     17       443170.30
2003     18       440238.12
2003     19       444148.31
2003     20       462151.64
2003     21       472090.59
2003     22       480725.60
2003     23       473355.13
2003     24       459987.18
2003     25       462249.92
2003     26       455386.05
2003     27       446625.24
2003     28       446857.36
2003     29       454614.52
2003     30       474307.18
2003     31       533233.24
2003     32       567986.26
2003     33       595099.91
2003     34       638626.33
2003     35       665304.75
2003     36       682687.39
2003     37       694200.75
2003     38       702382.47
2003     39       709823.38
2003     40       699815.91
2003     41       684618.10
2003     42       671182.44
2003     43       652408.33
2003     44       629877.70
2003     45       604745.37
2003     46       592983.64
2003     47       580131.31
2003     48       571143.27
2003     49       561401.08
2003     50       556665.60
2003     51       553891.88
2003     52       548703.30
2003     53       543770.85
2003     54       515163.53
2003     55       469736.94
2004     12       410241.89
2004     13       443364.61
2004     14       458559.79
2004     15       461551.14
2004     16       463876.78
2004     17       457355.49
2004     18       445523.10
2004     19       445909.08
2004     20       450699.74
2004     21       468037.57
2004     22       477746.06
2004     23       486123.82
2004     24       477835.68
2004     25       463412.85
2004     26       464606.25
2004     27       457507.43
2004     28       448473.96
2004     29       448357.59
2004     30       455715.98
2004     31       474853.75
2004     32       533592.25
2004     33       567977.19
2004     34       594967.23
2004     35       638271.20
2004     36       664532.41
2004     37       682234.19
2004     38       693728.61
2004     39       701902.98
2004     40       709344.65
2004     41       699526.09
2004     42       684234.18
2004     43       670731.34
2004     44       651826.51
2004     45       629336.97
2004     46       604077.52
2004     47       592168.78
2004     48       579283.49
2004     49       570260.12
2004     50       560373.09
2004     51       555491.46
2004     52       552554.56
2004     53       547224.15
2004     54       542178.95
2004     55       513467.66
2005     12       400632.47
2005     13       410160.04
2005     14       443351.43
2005     15       458721.73
2005     16       461973.06
2005     17       464558.71
2005     18       459216.12
2005     19       450482.88
2005     20       451878.14
2005     21       456060.49
2005     22       473412.65
2005     23       482840.25
2005     24       490109.88
2005     25       480839.49
2005     26       465352.03
2005     27       466289.79
2005     28       458873.68
2005     29       449639.01
2005     30       449263.07
2005     31       456215.10
2005     32       475100.72
2005     33       533541.19
2005     34       567658.64
2005     35       594422.69
2005     36       637282.79
2005     37       663777.16
2005     38       681572.13
2005     39       693132.36
2005     40       701202.14
2005     41       708772.28
2005     42       698887.03
2005     43       683602.34
2005     44       669959.50
2005     45       651058.82
2005     46       628543.57
2005     47       603144.56
2005     48       591163.03
2005     49       578277.47
2005     50       569154.22
2005     51       559081.67
2005     52       554050.89
2005     53       550942.70
2005     54       545454.15
2005     55       540289.50
2006     12       387692.64
2006     13       400276.51
2006     14       409776.36
2006     15       443100.63
2006     16       458758.56
2006     17       462173.03
2006     18       465801.72
2006     19       463223.69
2006     20       455518.84
2006     21       456619.23
2006     22       460557.16
2006     23       477432.93
2006     24       485833.79
2006     25       491990.44
2006     26       481857.44
2006     27       466133.01
2006     28       466767.29
2006     29       459187.10
2006     30       449814.07
2006     31       449135.37
2006     32       455985.53
2006     33       474764.80
2006     34       532803.29
2006     35       566731.35
2006     36       593275.26
2006     37       636090.02
2006     38       662544.93
2006     39       680433.80
2006     40       691994.14
2006     41       700126.86
2006     42       707648.73
2006     43       697788.58
2006     44       682438.44
2006     45       668750.84
2006     46       649808.10
2006     47       627422.63
2006     48       601906.88
2006     49       589845.78
2006     50       576819.90
2006     51       567615.80
2006     52       557465.95
2006     53       552213.53
2006     54       548943.12
2006     55       543313.50
2007     12       377502.41
2007     13       387468.69
2007     14       399839.31
2007     15       409361.79
2007     16       443042.41
2007     17       458804.59
2007     18       463147.34
2007     19       469249.51
2007     20       467933.65
2007     21       459718.17
2007     22       460395.46
2007     23       463705.14
2007     24       479730.90
2007     25       486976.51
2007     26       492362.81
2007     27       481926.76
2007     28       466057.47
2007     29       466535.23
2007     30       458760.00
2007     31       449274.06
2007     32       448639.47
2007     33       455597.10
2007     34       473978.49
2007     35       531889.20
2007     36       565632.85
2007     37       592083.09
2007     38       634773.96
2007     39       661157.94
2007     40       679206.25
2007     41       690782.94
2007     42       698881.54
2007     43       706466.66
2007     44       696467.59
2007     45       681118.30
2007     46       667358.08
2007     47       648508.11
2007     48       626052.98
2007     49       600461.63
2007     50       588239.05
2007     51       575198.27
2007     52       565916.82
2007     53       555634.85
2007     54       550182.22
2007     55       546771.09
2008     12       381172.74
2008     13       377444.15
2008     14       387313.84
2008     15       399556.78
2008     16       409389.57
2008     17       443037.69
2008     18       459791.94
2008     19       466300.25
2008     20       473858.43
2008     21       471820.69
2008     22       463001.02
2008     23       463085.23
2008     24       465750.76
2008     25       480796.33
2008     26       487308.18
2008     27       492278.80
2008     28       481742.01
2008     29       465871.74
2008     30       465974.13
2008     31       458316.99
2008     32       448843.23
2008     33       448328.31
2008     34       455119.71
2008     35       473464.01
2008     36       531072.54
2008     37       564621.09
2008     38       591034.67
2008     39       633571.66
2008     40       660056.82
2008     41       678158.98
2008     42       689533.66
2008     43       697667.92
2008     44       705251.06
2008     45       695207.90
2008     46       679831.76
2008     47       666005.77
2008     48       647063.78
2008     49       624709.90
2008     50       598890.27
2008     51       586706.08
2008     52       573484.32
2008     53       564157.73
2008     54       553756.54
2008     55       548141.53
2009     12       397988.02
2009     13       381193.18
2009     14       377471.60
2009     15       387366.44
2009     16       399881.27
2009     17       409467.98
2009     18       444165.96
2009     19       462834.29
2009     20       470791.27
2009     21       477676.17
2009     22       475010.02
2009     23       465570.97
2009     24       465293.43
2009     25       467117.58
2009     26       481400.45
2009     27       487483.83
2009     28       492364.42
2009     29       481693.83
2009     30       465562.76
2009     31       465741.70
2009     32       458035.41
2009     33       448573.76
2009     34       448139.60
2009     35       454861.37
2009     36       473012.72
2009     37       530236.84
2009     38       563668.92
2009     39       590013.96
2009     40       632535.87
2009     41       659136.41
2009     42       676965.84
2009     43       688305.58
2009     44       696466.42
2009     45       704032.94
2009     46       693977.89
2009     47       678516.36
2009     48       664606.14
2009     49       645587.29
2009     50       623231.09
2009     51       597380.67
2009     52       584986.24
2009     53       571744.17
2009     54       562232.19
2009     55       551769.22
2010     12       389183.84
2010     13       398312.22
2010     14       381434.95
2010     15       377869.73
2010     16       388160.23
2010     17       400331.91
2010     18       410989.98
2010     19       447731.52
2010     20       467826.48
2010     21       475354.22
2010     22       481419.89
2010     23       478452.27
2010     24       468647.19
2010     25       467464.50
2010     26       468612.30
2010     27       482442.03
2010     28       488353.11
2010     29       492814.14
2010     30       482048.94
2010     31       465837.53
2010     32       466099.23
2010     33       458323.13
2010     34       448916.64
2010     35       448300.24
2010     36       454870.37
2010     37       472701.20
2010     38       529661.84
2010     39       563173.82
2010     40       589382.39
2010     41       631921.97
2010     42       658277.47
2010     43       676201.23
2010     44       687377.90
2010     45       695508.00
2010     46       703142.01
2010     47       692771.24
2010     48       677351.76
2010     49       663147.57
2010     50       644150.30
2010     51       621767.16
2010     52       595801.11
2010     53       583223.63
2010     54       569777.50
2010     55       560238.70
2011     12       380962.69
2011     13       389766.42
2011     14       398915.05
2011     15       382127.15
2011     16       378969.28
2011     17       389044.24
2011     18       402553.48
2011     19       415389.59
2011     20       453734.58
2011     21       473526.51
2011     22       480176.63
2011     23       486653.40
2011     24       483079.57
2011     25       472349.85
2011     26       470510.84
2011     27       471097.25
2011     28       484568.71
2011     29       490079.70
2011     30       494203.70
2011     31       483232.41
2011     32       467026.23
2011     33       467248.33
2011     34       459443.45
2011     35       449785.55
2011     36       448989.16
2011     37       455452.91
2011     38       473035.00
2011     39       529958.50
2011     40       563363.62
2011     41       589346.83
2011     42       631745.88
2011     43       658152.25
2011     44       675858.16
2011     45       686957.45
2011     46       695030.11
2011     47       702273.25
2011     48       691940.12
2011     49       676363.06
2011     50       661918.84
2011     51       642878.98
2011     52       620438.61
2011     53       594246.61
2011     54       581528.30
2011     55       567870.54
2012     12       377002.75
2012     13       382024.04
2012     14       390810.13
2012     15       400045.25
2012     16       383613.07
2012     17       380367.18
2012     18       392124.78
2012     19       408385.67
2012     20       422668.39
2012     21       460929.34
2012     22       480429.93
2012     23       487765.79
2012     24       493357.39
2012     25       489074.87
2012     26       477493.91
2012     27       475122.78
2012     28       475095.73
2012     29       488162.58
2012     30       493176.88
2012     31       497077.03
2012     32       485956.24
2012     33       469487.57
2012     34       469539.54
2012     35       461539.26
2012     36       451675.42
2012     37       450908.18
2012     38       457081.76
2012     39       474535.19
2012     40       531428.91
2012     41       564397.76
2012     42       590346.22
2012     43       632515.40
2012     44       658858.18
2012     45       676399.57
2012     46       687179.37
2012     47       694885.76
2012     48       702106.71
2012     49       691562.99
2012     50       675783.18
2012     51       661152.11
2012     52       642022.24
2012     53       619323.70
2012     54       593053.11
2012     55       580051.87
2013     12       369238.70
2013     13       378650.65
2013     14       383530.97
2013     15       392416.72
2013     16       402054.95
2013     17       385488.94
2013     18       384253.18
2013     19       399229.03
2013     20       417197.35
2013     21       431025.14
2013     22       469339.47
2013     23       489423.04
2013     24       495998.40
2013     25       500808.78
2013     26       495675.04
2013     27       483461.52
2013     28       480582.29
2013     29       480019.98
2013     30       492616.22
2013     31       497478.87
2013     32       501015.54
2013     33       489548.19
2013     34       472825.80
2013     35       472754.85
2013     36       464381.79
2013     37       454474.19
2013     38       453456.16
2013     39       459553.05
2013     40       476813.94
2013     41       533444.57
2013     42       566219.72
2013     43       591923.67
2013     44       634113.12
2013     45       660164.17
2013     46       677325.45
2013     47       687646.93
2013     48       695219.00
2013     49       702230.91
2013     50       691545.96
2013     51       675451.88
2013     52       660621.44
2013     53       641223.92
2013     54       618389.92
2013     55       591973.99
2014     12       358672.25
2014     13       371608.03
2014     14       380938.18
2014     15       385799.94
2014     16       395009.41
2014     17       404609.19
2014     18       390329.03
2014     19       392528.88
2014     20       409486.10
2014     21       426421.75
2014     22       439813.98
2014     23       479022.79
2014     24       498561.71
2014     25       504291.59
2014     26       508101.18
2014     27       502416.20
2014     28       489624.84
2014     29       486434.00
2014     30       485319.79
2014     31       497721.28
2014     32       502025.98
2014     33       505240.97
2014     34       493714.17
2014     35       476826.40
2014     36       476304.52
2014     37       467735.08
2014     38       457636.51
2014     39       456593.67
2014     40       462383.90
2014     41       479403.45
2014     42       535833.22
2014     43       568390.75
2014     44       593972.47
2014     45       635859.51
2014     46       661595.70
2014     47       678304.09
2014     48       688316.71
2014     49       695717.72
2014     50       702469.08
2014     51       691416.16
2014     52       675138.43
2014     53       660035.77
2014     54       640435.14
2014     55       617423.31
2015     12       356137.07
2015     13       362826.52
2015     14       375632.59
2015     15       385166.84
2015     16       390261.17
2015     17       399479.64
2015     18       412044.89
2015     19       401684.31
2015     20       405976.20
2015     21       421213.52
2015     22       437637.47
2015     23       451881.44
2015     24       490835.86
2015     25       509627.22
2015     26       514337.50
2015     27       517624.44
2015     28       511128.39
2015     29       497695.09
2015     30       494478.61
2015     31       492658.39
2015     32       504503.77
2015     33       508248.14
2015     34       511119.50
2015     35       499809.23
2015     36       482230.65
2015     37       481261.63
2015     38       472531.86
2015     39       462048.15
2015     40       460889.96
2015     41       466415.55
2015     42       483169.23
2015     43       539173.47
2015     44       571409.28
2015     45       596719.54
2015     46       638319.78
2015     47       663712.10
2015     48       679845.07
2015     49       689413.22
2015     50       696535.18
2015     51       702782.56
2015     52       691578.47
2015     53       674919.11
2015     54       659573.94
2015     55       639819.39
2016     12       357796.37
2016     13       360571.51
2016     14       366985.69
2016     15       380214.71
2016     16       390210.73
2016     17       395220.07
2016     18       407230.78
2016     19       424281.91
2016     20       415249.17
2016     21       417467.88
2016     22       431653.00
2016     23       449142.96
2016     24       462933.25
2016     25       501381.70
2016     26       519277.28
2016     27       523580.09
2016     28       525771.95
2016     29       518798.46
2016     30       505450.29
2016     31       501749.21
2016     32       499106.47
2016     33       510652.04
2016     34       513715.42
2016     35       516816.96
2016     36       505030.29
2016     37       486755.80
2016     38       485839.16
2016     39       476484.63
2016     40       466073.00
2016     41       464528.02
2016     42       469885.66
2016     43       486203.55
2016     44       541792.76
2016     45       573860.92
2016     46       598847.26
2016     47       640090.88
2016     48       665033.08
2016     49       680648.93
2016     50       689923.61
2016     51       696590.71
2016     52       702539.99
2016     53       691023.47
2016     54       674117.24
2016     55       658513.37
2017     12       358759.84
2017     13       360818.20
2017     14       363389.41
2017     15       370030.31
2017     16       383743.47
2017     17       393565.26
2017     18       401014.35
2017     19       416939.50
2017     20       435434.03
2017     21       424569.77
2017     22       425396.84
2017     23       440781.35
2017     24       457654.28
2017     25       470588.47
2017     26       508474.50
2017     27       525862.14
2017     28       529417.42
2017     29       531423.82
2017     30       524087.93
2017     31       510379.92
2017     32       506293.34
2017     33       503386.73
2017     34       514608.79
2017     35       517378.85
2017     36       520355.94
2017     37       508301.99
2017     38       489750.67
2017     39       488658.56
2017     40       479218.03
2017     41       468632.17
2017     42       466938.74
2017     43       472236.63
2017     44       488095.36
2017     45       543416.36
2017     46       575303.59
2017     47       599880.69
2017     48       640827.40
2017     49       665451.27
2017     50       680692.72
2017     51       689646.33
2017     52       695900.88
2017     53       701565.15
2017     54       689708.64
2017     55       672470.17
