West Germany, Period mean ages at birth by birth order and period mean ages at birth by birth order by age 40
Last modified: 04/02/2019
Year       MAB      MAB1      MAB2      MAB3      MAB4     MAB5p     MAB40   MAB40_1   MAB40_2   MAB40_3   MAB40_4  MAB40_5p
2009     30.33     28.90     31.20     32.54     33.37     34.68     29.96     28.64     30.85     32.01     32.59     33.43
2010     30.50     29.05     31.35     32.69     33.51     34.71     30.11     28.78     30.99     32.14     32.72     33.54
2011     30.65     29.19     31.55     32.88     33.69     34.77     30.25     28.91     31.17     32.31     32.85     33.61
2012     30.75     29.28     31.63     32.95     33.79     34.94     30.34     29.00     31.25     32.37     32.95     33.68
2013     30.90     29.45     31.78     33.05     33.84     34.95     30.47     29.16     31.38     32.45     32.99     33.73
2014     31.01     29.60     31.87     33.11     33.84     34.99     30.56     29.29     31.45     32.48     32.95     33.72
2015     31.05     29.66     31.88     33.09     33.82     34.98     30.60     29.35     31.45     32.46     32.92     33.71
2016     31.03     29.62     31.84     32.95     33.65     34.80     30.55     29.29     31.40     32.30     32.76     33.52
2017     31.16     29.76     31.91     33.03     33.71     34.90     30.68     29.43     31.47     32.37     32.79     33.64
