West Germany, Period fertility rates by calendar year, age reached during the year (ARDY) and birth cohort (vertical parallelograms)
Last modified: 04/02/2019
Year    ARDY   Cohort        ASFR
1956     12-    1944+     0.00000
1956     13     1943      0.00002
1956     14     1942      0.00008
1956     15     1941      0.00046
1956     16     1940      0.00227
1956     17     1939      0.00927
1956     18     1938      0.02626
1956     19     1937      0.05194
1956     20     1936      0.07813
1956     21     1935      0.10140
1956     22     1934      0.12316
1956     23     1933      0.13828
1956     24     1932      0.14481
1956     25     1931      0.14776
1956     26     1930      0.14467
1956     27     1929      0.14079
1956     28     1928      0.13477
1956     29     1927      0.12752
1956     30     1926      0.11742
1956     31     1925      0.10493
1956     32     1924      0.09825
1956     33     1923      0.08777
1956     34     1922      0.07685
1956     35     1921      0.06763
1956     36     1920      0.05745
1956     37     1919      0.04984
1956     38     1918      0.04081
1956     39     1917      0.03451
1956     40     1916      0.02745
1956     41     1915      0.02075
1956     42     1914      0.01501
1956     43     1913      0.00993
1956     44     1912      0.00643
1956     45     1911      0.00351
1956     46     1910      0.00189
1956     47     1909      0.00073
1956     48     1908      0.00034
1956     49     1907      0.00011
1956     50     1906      0.00000
1956     51     1905      0.00000
1956     52     1904      0.00000
1956     53     1903      0.00000
1956     54     1902      0.00000
1956     55+    1901-     0.00000
1957     12-    1945+     0.00000
1957     13     1944      0.00000
1957     14     1943      0.00015
1957     15     1942      0.00049
1957     16     1941      0.00239
1957     17     1940      0.01076
1957     18     1939      0.02783
1957     19     1938      0.05312
1957     20     1937      0.08128
1957     21     1936      0.10466
1957     22     1935      0.12795
1957     23     1934      0.14408
1957     24     1933      0.15438
1957     25     1932      0.15735
1957     26     1931      0.15646
1957     27     1930      0.14748
1957     28     1929      0.14087
1957     29     1928      0.13154
1957     30     1927      0.12170
1957     31     1926      0.10988
1957     32     1925      0.09753
1957     33     1924      0.09007
1957     34     1923      0.07986
1957     35     1922      0.06962
1957     36     1921      0.06014
1957     37     1920      0.04943
1957     38     1919      0.04264
1957     39     1918      0.03380
1957     40     1917      0.02782
1957     41     1916      0.02053
1957     42     1915      0.01468
1957     43     1914      0.01001
1957     44     1913      0.00619
1957     45     1912      0.00334
1957     46     1911      0.00201
1957     47     1910      0.00076
1957     48     1909      0.00034
1957     49     1908      0.00011
1957     50     1907      0.00000
1957     51     1906      0.00000
1957     52     1905      0.00000
1957     53     1904      0.00000
1957     54     1903      0.00000
1957     55+    1902-     0.00000
1958     12-    1946+     0.00000
1958     13     1945      0.00000
1958     14     1944      0.00011
1958     15     1943      0.00054
1958     16     1942      0.00267
1958     17     1941      0.01023
1958     18     1940      0.02799
1958     19     1939      0.05197
1958     20     1938      0.07897
1958     21     1937      0.10448
1958     22     1936      0.12825
1958     23     1935      0.14575
1958     24     1934      0.15678
1958     25     1933      0.16128
1958     26     1932      0.15720
1958     27     1931      0.15415
1958     28     1930      0.14178
1958     29     1929      0.13398
1958     30     1928      0.12160
1958     31     1927      0.11088
1958     32     1926      0.10011
1958     33     1925      0.08715
1958     34     1924      0.07936
1958     35     1923      0.06975
1958     36     1922      0.05954
1958     37     1921      0.04984
1958     38     1920      0.04056
1958     39     1919      0.03390
1958     40     1918      0.02608
1958     41     1917      0.01989
1958     42     1916      0.01435
1958     43     1915      0.00927
1958     44     1914      0.00563
1958     45     1913      0.00325
1958     46     1912      0.00166
1958     47     1911      0.00069
1958     48     1910      0.00030
1958     49     1909      0.00010
1958     50     1908      0.00003
1958     51     1907      0.00002
1958     52     1906      0.00001
1958     53     1905      0.00001
1958     54     1904      0.00000
1958     55+    1903-     0.00000
1959     12-    1947+     0.00000
1959     13     1946      0.00000
1959     14     1945      0.00017
1959     15     1944      0.00064
1959     16     1943      0.00295
1959     17     1942      0.01221
1959     18     1941      0.03049
1959     19     1940      0.05687
1959     20     1939      0.08389
1959     21     1938      0.10894
1959     22     1937      0.13337
1959     23     1936      0.14961
1959     24     1935      0.16162
1959     25     1934      0.16622
1959     26     1933      0.16651
1959     27     1932      0.15849
1959     28     1931      0.14975
1959     29     1930      0.13653
1959     30     1929      0.12441
1959     31     1928      0.11304
1959     32     1927      0.10157
1959     33     1926      0.08962
1959     34     1925      0.07806
1959     35     1924      0.06985
1959     36     1923      0.06156
1959     37     1922      0.05210
1959     38     1921      0.04326
1959     39     1920      0.03363
1959     40     1919      0.02712
1959     41     1918      0.02058
1959     42     1917      0.01408
1959     43     1916      0.00958
1959     44     1915      0.00550
1959     45     1914      0.00330
1959     46     1913      0.00162
1959     47     1912      0.00066
1959     48     1911      0.00031
1959     49     1910      0.00014
1959     50     1909      0.00002
1959     51     1908      0.00001
1959     52     1907      0.00001
1959     53     1906      0.00000
1959     54     1905      0.00000
1959     55+    1904-     0.00000
1960     12-    1948+     0.00000
1960     13     1947      0.00004
1960     14     1946      0.00018
1960     15     1945      0.00080
1960     16     1944      0.00391
1960     17     1943      0.01381
1960     18     1942      0.03225
1960     19     1941      0.05858
1960     20     1940      0.08615
1960     21     1939      0.10926
1960     22     1938      0.13152
1960     23     1937      0.15014
1960     24     1936      0.16060
1960     25     1935      0.16788
1960     26     1934      0.16543
1960     27     1933      0.15971
1960     28     1932      0.14903
1960     29     1931      0.13924
1960     30     1930      0.12421
1960     31     1929      0.11429
1960     32     1928      0.10100
1960     33     1927      0.08908
1960     34     1926      0.07812
1960     35     1925      0.06725
1960     36     1924      0.06006
1960     37     1923      0.05143
1960     38     1922      0.04266
1960     39     1921      0.03435
1960     40     1920      0.02559
1960     41     1919      0.02054
1960     42     1918      0.01389
1960     43     1917      0.00912
1960     44     1916      0.00571
1960     45     1915      0.00298
1960     46     1914      0.00160
1960     47     1913      0.00067
1960     48     1912      0.00028
1960     49     1911      0.00008
1960     50     1910      0.00002
1960     51     1909      0.00001
1960     52     1908      0.00001
1960     53     1907      0.00000
1960     54     1906      0.00000
1960     55+    1905-     0.00000
1961     12-    1949+     0.00000
1961     13     1948      0.00003
1961     14     1947      0.00020
1961     15     1946      0.00088
1961     16     1945      0.00502
1961     17     1944      0.01675
1961     18     1943      0.03671
1961     19     1942      0.06305
1961     20     1941      0.09191
1961     21     1940      0.11781
1961     22     1939      0.13891
1961     23     1938      0.15594
1961     24     1937      0.16633
1961     25     1936      0.17017
1961     26     1935      0.16971
1961     27     1934      0.16437
1961     28     1933      0.15520
1961     29     1932      0.14204
1961     30     1931      0.12895
1961     31     1930      0.11374
1961     32     1929      0.10235
1961     33     1928      0.08958
1961     34     1927      0.07935
1961     35     1926      0.06838
1961     36     1925      0.05912
1961     37     1924      0.05120
1961     38     1923      0.04283
1961     39     1922      0.03481
1961     40     1921      0.02670
1961     41     1920      0.01962
1961     42     1919      0.01406
1961     43     1918      0.00908
1961     44     1917      0.00529
1961     45     1916      0.00316
1961     46     1915      0.00142
1961     47     1914      0.00063
1961     48     1913      0.00026
1961     49     1912      0.00010
1961     50     1911      0.00003
1961     51     1910      0.00002
1961     52     1909      0.00001
1961     53     1908      0.00001
1961     54     1907      0.00000
1961     55+    1906-     0.00000
1962     12-    1950+     0.00000
1962     13     1949      0.00002
1962     14     1948      0.00017
1962     15     1947      0.00100
1962     16     1946      0.00500
1962     17     1945      0.01889
1962     18     1944      0.03966
1962     19     1943      0.06641
1962     20     1942      0.09432
1962     21     1941      0.11754
1962     22     1940      0.14325
1962     23     1939      0.15961
1962     24     1938      0.16891
1962     25     1937      0.17081
1962     26     1936      0.16980
1962     27     1935      0.16169
1962     28     1934      0.15292
1962     29     1933      0.14084
1962     30     1932      0.12779
1962     31     1931      0.11412
1962     32     1930      0.09890
1962     33     1929      0.08827
1962     34     1928      0.07669
1962     35     1927      0.06661
1962     36     1926      0.05713
1962     37     1925      0.04862
1962     38     1924      0.04079
1962     39     1923      0.03310
1962     40     1922      0.02596
1962     41     1921      0.01922
1962     42     1920      0.01358
1962     43     1919      0.00939
1962     44     1918      0.00524
1962     45     1917      0.00298
1962     46     1916      0.00136
1962     47     1915      0.00057
1962     48     1914      0.00021
1962     49     1913      0.00008
1962     50     1912      0.00002
1962     51     1911      0.00001
1962     52     1910      0.00001
1962     53     1909      0.00000
1962     54     1908      0.00000
1962     55+    1907-     0.00000
1963     12-    1951+     0.00000
1963     13     1950      0.00002
1963     14     1949      0.00018
1963     15     1948      0.00090
1963     16     1947      0.00521
1963     17     1946      0.02030
1963     18     1945      0.04660
1963     19     1944      0.07402
1963     20     1943      0.09943
1963     21     1942      0.12266
1963     22     1941      0.14653
1963     23     1940      0.16328
1963     24     1939      0.17279
1963     25     1938      0.17682
1963     26     1937      0.17433
1963     27     1936      0.16650
1963     28     1935      0.15508
1963     29     1934      0.14385
1963     30     1933      0.13176
1963     31     1932      0.11739
1963     32     1931      0.10379
1963     33     1930      0.08945
1963     34     1929      0.07848
1963     35     1928      0.06750
1963     36     1927      0.05843
1963     37     1926      0.04928
1963     38     1925      0.04068
1963     39     1924      0.03338
1963     40     1923      0.02653
1963     41     1922      0.02004
1963     42     1921      0.01360
1963     43     1920      0.00855
1963     44     1919      0.00565
1963     45     1918      0.00304
1963     46     1917      0.00135
1963     47     1916      0.00062
1963     48     1915      0.00023
1963     49     1914      0.00008
1963     50     1913      0.00001
1963     51     1912      0.00001
1963     52     1911      0.00000
1963     53     1910      0.00000
1963     54     1909      0.00000
1963     55+    1908-     0.00000
1964     12-    1952+     0.00000
1964     13     1951      0.00005
1964     14     1950      0.00018
1964     15     1949      0.00089
1964     16     1948      0.00518
1964     17     1947      0.02103
1964     18     1946      0.04981
1964     19     1945      0.08261
1964     20     1944      0.10615
1964     21     1943      0.12612
1964     22     1942      0.14746
1964     23     1941      0.16326
1964     24     1940      0.17367
1964     25     1939      0.17682
1964     26     1938      0.17497
1964     27     1937      0.16768
1964     28     1936      0.15545
1964     29     1935      0.14359
1964     30     1934      0.13133
1964     31     1933      0.11820
1964     32     1932      0.10480
1964     33     1931      0.09218
1964     34     1930      0.07887
1964     35     1929      0.06821
1964     36     1928      0.05833
1964     37     1927      0.04959
1964     38     1926      0.04115
1964     39     1925      0.03241
1964     40     1924      0.02622
1964     41     1923      0.01982
1964     42     1922      0.01397
1964     43     1921      0.00927
1964     44     1920      0.00523
1964     45     1919      0.00307
1964     46     1918      0.00143
1964     47     1917      0.00065
1964     48     1916      0.00019
1964     49     1915      0.00010
1964     50     1914      0.00001
1964     51     1913      0.00001
1964     52     1912      0.00000
1964     53     1911      0.00000
1964     54     1910      0.00000
1964     55+    1909-     0.00000
1965     12-    1953+     0.00000
1965     13     1952      0.00004
1965     14     1951      0.00016
1965     15     1950      0.00087
1965     16     1949      0.00535
1965     17     1948      0.02084
1965     18     1947      0.05093
1965     19     1946      0.08627
1965     20     1945      0.11312
1965     21     1944      0.13152
1965     22     1943      0.14859
1965     23     1942      0.15831
1965     24     1941      0.16739
1965     25     1940      0.17171
1965     26     1939      0.17078
1965     27     1938      0.16327
1965     28     1937      0.15302
1965     29     1936      0.13889
1965     30     1935      0.12758
1965     31     1934      0.11370
1965     32     1933      0.10176
1965     33     1932      0.08931
1965     34     1931      0.07715
1965     35     1930      0.06563
1965     36     1929      0.05683
1965     37     1928      0.04729
1965     38     1927      0.03946
1965     39     1926      0.03178
1965     40     1925      0.02502
1965     41     1924      0.01925
1965     42     1923      0.01327
1965     43     1922      0.00874
1965     44     1921      0.00519
1965     45     1920      0.00285
1965     46     1919      0.00148
1965     47     1918      0.00054
1965     48     1917      0.00023
1965     49     1916      0.00008
1965     50     1915      0.00001
1965     51     1914      0.00001
1965     52     1913      0.00000
1965     53     1912      0.00000
1965     54     1911      0.00000
1965     55+    1910-     0.00000
1966     12-    1954+     0.00000
1966     13     1953      0.00002
1966     14     1952      0.00013
1966     15     1951      0.00091
1966     16     1950      0.00552
1966     17     1949      0.02231
1966     18     1948      0.05253
1966     19     1947      0.09103
1966     20     1946      0.12428
1966     21     1945      0.14103
1966     22     1944      0.15525
1966     23     1943      0.16254
1966     24     1942      0.16783
1966     25     1941      0.17095
1966     26     1940      0.16905
1966     27     1939      0.16301
1966     28     1938      0.15293
1966     29     1937      0.14001
1966     30     1936      0.12622
1966     31     1935      0.11264
1966     32     1934      0.09986
1966     33     1933      0.08914
1966     34     1932      0.07667
1966     35     1931      0.06534
1966     36     1930      0.05639
1966     37     1929      0.04687
1966     38     1928      0.03871
1966     39     1927      0.03104
1966     40     1926      0.02386
1966     41     1925      0.01781
1966     42     1924      0.01307
1966     43     1923      0.00852
1966     44     1922      0.00520
1966     45     1921      0.00287
1966     46     1920      0.00127
1966     47     1919      0.00058
1966     48     1918      0.00022
1966     49     1917      0.00007
1966     50     1916      0.00001
1966     51     1915      0.00001
1966     52     1914      0.00000
1966     53     1913      0.00000
1966     54     1912      0.00000
1966     55+    1911-     0.00000
1967     12-    1955+     0.00000
1967     13     1954      0.00003
1967     14     1953      0.00014
1967     15     1952      0.00087
1967     16     1951      0.00534
1967     17     1950      0.02176
1967     18     1949      0.05345
1967     19     1948      0.09186
1967     20     1947      0.12530
1967     21     1946      0.14899
1967     22     1945      0.15977
1967     23     1944      0.16303
1967     24     1943      0.16428
1967     25     1942      0.16412
1967     26     1941      0.16217
1967     27     1940      0.15601
1967     28     1939      0.14752
1967     29     1938      0.13575
1967     30     1937      0.12266
1967     31     1936      0.10874
1967     32     1935      0.09555
1967     33     1934      0.08499
1967     34     1933      0.07517
1967     35     1932      0.06441
1967     36     1931      0.05531
1967     37     1930      0.04501
1967     38     1929      0.03741
1967     39     1928      0.02980
1967     40     1927      0.02338
1967     41     1926      0.01716
1967     42     1925      0.01158
1967     43     1924      0.00813
1967     44     1923      0.00496
1967     45     1922      0.00288
1967     46     1921      0.00125
1967     47     1920      0.00055
1967     48     1919      0.00021
1967     49     1918      0.00007
1967     50     1917      0.00001
1967     51     1916      0.00000
1967     52     1915      0.00000
1967     53     1914      0.00000
1967     54     1913      0.00000
1967     55+    1912-     0.00000
1968     12-    1956+     0.00000
1968     13     1955      0.00003
1968     14     1954      0.00019
1968     15     1953      0.00095
1968     16     1952      0.00547
1968     17     1951      0.02284
1968     18     1950      0.05396
1968     19     1949      0.09187
1968     20     1948      0.12328
1968     21     1947      0.14566
1968     22     1946      0.15834
1968     23     1945      0.15629
1968     24     1944      0.15495
1968     25     1943      0.15362
1968     26     1942      0.15184
1968     27     1941      0.14621
1968     28     1940      0.13835
1968     29     1939      0.12895
1968     30     1938      0.11632
1968     31     1937      0.10354
1968     32     1936      0.09103
1968     33     1935      0.07894
1968     34     1934      0.07085
1968     35     1933      0.06243
1968     36     1932      0.05354
1968     37     1931      0.04456
1968     38     1930      0.03623
1968     39     1929      0.02927
1968     40     1928      0.02274
1968     41     1927      0.01692
1968     42     1926      0.01173
1968     43     1925      0.00765
1968     44     1924      0.00480
1968     45     1923      0.00267
1968     46     1922      0.00125
1968     47     1921      0.00054
1968     48     1920      0.00020
1968     49     1919      0.00007
1968     50     1918      0.00002
1968     51     1917      0.00001
1968     52     1916      0.00001
1968     53     1915      0.00000
1968     54     1914      0.00000
1968     55+    1913-     0.00000
1969     12-    1957+     0.00000
1969     13     1956      0.00005
1969     14     1955      0.00016
1969     15     1954      0.00098
1969     16     1953      0.00589
1969     17     1952      0.02447
1969     18     1951      0.05681
1969     19     1950      0.09049
1969     20     1949      0.11794
1969     21     1948      0.13377
1969     22     1947      0.14292
1969     23     1946      0.14502
1969     24     1945      0.13862
1969     25     1944      0.13919
1969     26     1943      0.13713
1969     27     1942      0.13116
1969     28     1941      0.12496
1969     29     1940      0.11687
1969     30     1939      0.10780
1969     31     1938      0.09645
1969     32     1937      0.08552
1969     33     1936      0.07507
1969     34     1935      0.06529
1969     35     1934      0.05793
1969     36     1933      0.05045
1969     37     1932      0.04226
1969     38     1931      0.03519
1969     39     1930      0.02763
1969     40     1929      0.02101
1969     41     1928      0.01605
1969     42     1927      0.01118
1969     43     1926      0.00727
1969     44     1925      0.00437
1969     45     1924      0.00243
1969     46     1923      0.00116
1969     47     1922      0.00050
1969     48     1921      0.00019
1969     49     1920      0.00008
1969     50     1919      0.00002
1969     51     1918      0.00001
1969     52     1917      0.00001
1969     53     1916      0.00000
1969     54     1915      0.00000
1969     55+    1914-     0.00000
1970     12-    1958+     0.00000
1970     13     1957      0.00004
1970     14     1956      0.00021
1970     15     1955      0.00119
1970     16     1954      0.00679
1970     17     1953      0.02604
1970     18     1952      0.05600
1970     19     1951      0.08860
1970     20     1950      0.10784
1970     21     1949      0.12045
1970     22     1948      0.12758
1970     23     1947      0.12994
1970     24     1946      0.12812
1970     25     1945      0.12268
1970     26     1944      0.12059
1970     27     1943      0.11621
1970     28     1942      0.10975
1970     29     1941      0.10260
1970     30     1940      0.09381
1970     31     1939      0.08505
1970     32     1938      0.07488
1970     33     1937      0.06548
1970     34     1936      0.05745
1970     35     1935      0.05044
1970     36     1934      0.04435
1970     37     1933      0.03888
1970     38     1932      0.03238
1970     39     1931      0.02541
1970     40     1930      0.01963
1970     41     1929      0.01480
1970     42     1928      0.01044
1970     43     1927      0.00673
1970     44     1926      0.00388
1970     45     1925      0.00213
1970     46     1924      0.00115
1970     47     1923      0.00051
1970     48     1922      0.00021
1970     49     1921      0.00007
1970     50     1920      0.00002
1970     51     1919      0.00001
1970     52     1918      0.00001
1970     53     1917      0.00000
1970     54     1916      0.00000
1970     55+    1915-     0.00000
1971     12-    1959+     0.00000
1971     13     1958      0.00004
1971     14     1957      0.00024
1971     15     1956      0.00135
1971     16     1955      0.00778
1971     17     1954      0.02796
1971     18     1953      0.05765
1971     19     1952      0.08452
1971     20     1951      0.10262
1971     21     1950      0.11548
1971     22     1949      0.12516
1971     23     1948      0.12703
1971     24     1947      0.12705
1971     25     1946      0.12609
1971     26     1945      0.11888
1971     27     1944      0.11221
1971     28     1943      0.10628
1971     29     1942      0.09717
1971     30     1941      0.08847
1971     31     1940      0.07820
1971     32     1939      0.06913
1971     33     1938      0.06130
1971     34     1937      0.05331
1971     35     1936      0.04636
1971     36     1935      0.04036
1971     37     1934      0.03496
1971     38     1933      0.02994
1971     39     1932      0.02455
1971     40     1931      0.01879
1971     41     1930      0.01431
1971     42     1929      0.00992
1971     43     1928      0.00668
1971     44     1927      0.00382
1971     45     1926      0.00206
1971     46     1925      0.00100
1971     47     1924      0.00043
1971     48     1923      0.00018
1971     49     1922      0.00007
1971     50     1921      0.00002
1971     51     1920      0.00001
1971     52     1919      0.00001
1971     53     1918      0.00000
1971     54     1917      0.00000
1971     55+    1916-     0.00000
1972     12-    1960+     0.00000
1972     13     1959      0.00003
1972     14     1958      0.00024
1972     15     1957      0.00147
1972     16     1956      0.00775
1972     17     1955      0.02691
1972     18     1954      0.05094
1972     19     1953      0.07325
1972     20     1952      0.08874
1972     21     1951      0.09973
1972     22     1950      0.11015
1972     23     1949      0.11550
1972     24     1948      0.11662
1972     25     1947      0.11496
1972     26     1946      0.11025
1972     27     1945      0.10282
1972     28     1944      0.09596
1972     29     1943      0.08895
1972     30     1942      0.07927
1972     31     1941      0.06978
1972     32     1940      0.06116
1972     33     1939      0.05420
1972     34     1938      0.04668
1972     35     1937      0.04029
1972     36     1936      0.03463
1972     37     1935      0.02989
1972     38     1934      0.02509
1972     39     1933      0.02174
1972     40     1932      0.01701
1972     41     1931      0.01264
1972     42     1930      0.00854
1972     43     1929      0.00580
1972     44     1928      0.00324
1972     45     1927      0.00186
1972     46     1926      0.00091
1972     47     1925      0.00043
1972     48     1924      0.00016
1972     49     1923      0.00009
1972     50     1922      0.00002
1972     51     1921      0.00001
1972     52     1920      0.00001
1972     53     1919      0.00000
1972     54     1918      0.00000
1972     55+    1917-     0.00000
1973     12-    1961+     0.00000
1973     13     1960      0.00004
1973     14     1959      0.00024
1973     15     1958      0.00148
1973     16     1957      0.00715
1973     17     1956      0.02283
1973     18     1955      0.04373
1973     19     1954      0.06169
1973     20     1953      0.07572
1973     21     1952      0.08712
1973     22     1951      0.09650
1973     23     1950      0.10586
1973     24     1949      0.10724
1973     25     1948      0.10764
1973     26     1947      0.10388
1973     27     1946      0.09773
1973     28     1945      0.08844
1973     29     1944      0.08040
1973     30     1943      0.07290
1973     31     1942      0.06360
1973     32     1941      0.05462
1973     33     1940      0.04677
1973     34     1939      0.04122
1973     35     1938      0.03575
1973     36     1937      0.03055
1973     37     1936      0.02604
1973     38     1935      0.02125
1973     39     1934      0.01841
1973     40     1933      0.01486
1973     41     1932      0.01115
1973     42     1931      0.00769
1973     43     1930      0.00512
1973     44     1929      0.00304
1973     45     1928      0.00157
1973     46     1927      0.00076
1973     47     1926      0.00037
1973     48     1925      0.00013
1973     49     1924      0.00007
1973     50     1923      0.00002
1973     51     1922      0.00001
1973     52     1921      0.00001
1973     53     1920      0.00000
1973     54     1919      0.00000
1973     55+    1918-     0.00000
1974     12-    1962+     0.00000
1974     13     1961      0.00001
1974     14     1960      0.00017
1974     15     1959      0.00120
1974     16     1958      0.00646
1974     17     1957      0.02082
1974     18     1956      0.03982
1974     19     1955      0.05857
1974     20     1954      0.07155
1974     21     1953      0.08471
1974     22     1952      0.09473
1974     23     1951      0.10378
1974     24     1950      0.11024
1974     25     1949      0.11013
1974     26     1948      0.10686
1974     27     1947      0.10011
1974     28     1946      0.09226
1974     29     1945      0.08092
1974     30     1944      0.07146
1974     31     1943      0.06309
1974     32     1942      0.05367
1974     33     1941      0.04507
1974     34     1940      0.03880
1974     35     1939      0.03265
1974     36     1938      0.02765
1974     37     1937      0.02326
1974     38     1936      0.01908
1974     39     1935      0.01553
1974     40     1934      0.01282
1974     41     1933      0.00993
1974     42     1932      0.00705
1974     43     1931      0.00466
1974     44     1930      0.00273
1974     45     1929      0.00141
1974     46     1928      0.00078
1974     47     1927      0.00031
1974     48     1926      0.00016
1974     49     1925      0.00005
1974     50     1924      0.00003
1974     51     1923      0.00002
1974     52     1922      0.00001
1974     53     1921      0.00001
1974     54     1920      0.00000
1974     55+    1919-     0.00000
1975     12-    1963+     0.00000
1975     13     1962      0.00002
1975     14     1961      0.00017
1975     15     1960      0.00104
1975     16     1959      0.00555
1975     17     1958      0.01680
1975     18     1957      0.03357
1975     19     1956      0.05205
1975     20     1955      0.06716
1975     21     1954      0.07730
1975     22     1953      0.09067
1975     23     1952      0.09935
1975     24     1951      0.10468
1975     25     1950      0.11029
1975     26     1949      0.10748
1975     27     1948      0.10038
1975     28     1947      0.09232
1975     29     1946      0.08203
1975     30     1945      0.07277
1975     31     1944      0.06188
1975     32     1943      0.05254
1975     33     1942      0.04498
1975     34     1941      0.03680
1975     35     1940      0.03052
1975     36     1939      0.02548
1975     37     1938      0.02096
1975     38     1937      0.01680
1975     39     1936      0.01399
1975     40     1935      0.01068
1975     41     1934      0.00831
1975     42     1933      0.00625
1975     43     1932      0.00413
1975     44     1931      0.00237
1975     45     1930      0.00133
1975     46     1929      0.00063
1975     47     1928      0.00029
1975     48     1927      0.00012
1975     49     1926      0.00006
1975     50     1925      0.00002
1975     51     1924      0.00001
1975     52     1923      0.00001
1975     53     1922      0.00000
1975     54     1921      0.00000
1975     55+    1920-     0.00000
1976     12-    1964+     0.00000
1976     13     1963      0.00002
1976     14     1962      0.00017
1976     15     1961      0.00089
1976     16     1960      0.00498
1976     17     1959      0.01531
1976     18     1958      0.03056
1976     19     1957      0.04974
1976     20     1956      0.06570
1976     21     1955      0.07914
1976     22     1954      0.08906
1976     23     1953      0.09966
1976     24     1952      0.10729
1976     25     1951      0.10924
1976     26     1950      0.11115
1976     27     1949      0.10519
1976     28     1948      0.09594
1976     29     1947      0.08682
1976     30     1946      0.07533
1976     31     1945      0.06373
1976     32     1944      0.05353
1976     33     1943      0.04511
1976     34     1942      0.03735
1976     35     1941      0.02978
1976     36     1940      0.02421
1976     37     1939      0.01955
1976     38     1938      0.01616
1976     39     1937      0.01301
1976     40     1936      0.00963
1976     41     1935      0.00729
1976     42     1934      0.00521
1976     43     1933      0.00368
1976     44     1932      0.00239
1976     45     1931      0.00121
1976     46     1930      0.00060
1976     47     1929      0.00027
1976     48     1928      0.00011
1976     49     1927      0.00007
1976     50     1926      0.00003
1976     51     1925      0.00001
1976     52     1924      0.00001
1976     53     1923      0.00000
1976     54     1922      0.00000
1976     55+    1921-     0.00000
1977     12-    1965+     0.00000
1977     13     1964      0.00002
1977     14     1963      0.00012
1977     15     1962      0.00076
1977     16     1961      0.00406
1977     17     1960      0.01376
1977     18     1959      0.02737
1977     19     1958      0.04533
1977     20     1957      0.05968
1977     21     1956      0.07448
1977     22     1955      0.08609
1977     23     1954      0.09325
1977     24     1953      0.10249
1977     25     1952      0.10673
1977     26     1951      0.10737
1977     27     1950      0.10498
1977     28     1949      0.09632
1977     29     1948      0.08720
1977     30     1947      0.07526
1977     31     1946      0.06417
1977     32     1945      0.05314
1977     33     1944      0.04298
1977     34     1943      0.03603
1977     35     1942      0.02974
1977     36     1941      0.02247
1977     37     1940      0.01839
1977     38     1939      0.01444
1977     39     1938      0.01136
1977     40     1937      0.00867
1977     41     1936      0.00630
1977     42     1935      0.00436
1977     43     1934      0.00315
1977     44     1933      0.00205
1977     45     1932      0.00117
1977     46     1931      0.00054
1977     47     1930      0.00031
1977     48     1929      0.00012
1977     49     1928      0.00005
1977     50     1927      0.00003
1977     51     1926      0.00002
1977     52     1925      0.00001
1977     53     1924      0.00001
1977     54     1923      0.00000
1977     55+    1922-     0.00000
1978     12-    1966+     0.00000
1978     13     1965      0.00002
1978     14     1964      0.00008
1978     15     1963      0.00071
1978     16     1962      0.00358
1978     17     1961      0.01154
1978     18     1960      0.02602
1978     19     1959      0.04217
1978     20     1958      0.05658
1978     21     1957      0.06897
1978     22     1956      0.08253
1978     23     1955      0.09356
1978     24     1954      0.09910
1978     25     1953      0.10520
1978     26     1952      0.10752
1978     27     1951      0.10291
1978     28     1950      0.09801
1978     29     1949      0.08904
1978     30     1948      0.07796
1978     31     1947      0.06506
1978     32     1946      0.05392
1978     33     1945      0.04505
1978     34     1944      0.03516
1978     35     1943      0.02883
1978     36     1942      0.02289
1978     37     1941      0.01724
1978     38     1940      0.01354
1978     39     1939      0.01031
1978     40     1938      0.00776
1978     41     1937      0.00539
1978     42     1936      0.00387
1978     43     1935      0.00262
1978     44     1934      0.00153
1978     45     1933      0.00103
1978     46     1932      0.00053
1978     47     1931      0.00023
1978     48     1930      0.00009
1978     49     1929      0.00003
1978     50     1928      0.00002
1978     51     1927      0.00001
1978     52     1926      0.00001
1978     53     1925      0.00000
1978     54     1924      0.00000
1978     55+    1923-     0.00000
1979     12-    1967+     0.00000
1979     13     1966      0.00003
1979     14     1965      0.00011
1979     15     1964      0.00077
1979     16     1963      0.00338
1979     17     1962      0.01147
1979     18     1961      0.02234
1979     19     1960      0.04007
1979     20     1959      0.05423
1979     21     1958      0.06647
1979     22     1957      0.07862
1979     23     1956      0.09121
1979     24     1955      0.09951
1979     25     1954      0.10495
1979     26     1953      0.10712
1979     27     1952      0.10482
1979     28     1951      0.09915
1979     29     1950      0.09132
1979     30     1949      0.08087
1979     31     1948      0.06845
1979     32     1947      0.05617
1979     33     1946      0.04559
1979     34     1945      0.03760
1979     35     1944      0.02921
1979     36     1943      0.02283
1979     37     1942      0.01801
1979     38     1941      0.01317
1979     39     1940      0.01021
1979     40     1939      0.00730
1979     41     1938      0.00528
1979     42     1937      0.00338
1979     43     1936      0.00218
1979     44     1935      0.00133
1979     45     1934      0.00076
1979     46     1933      0.00047
1979     47     1932      0.00022
1979     48     1931      0.00014
1979     49     1930      0.00009
1979     50     1929      0.00004
1979     51     1928      0.00002
1979     52     1927      0.00001
1979     53     1926      0.00001
1979     54     1925      0.00000
1979     55+    1924-     0.00000
1980     12-    1968+     0.00000
1980     13     1967      0.00003
1980     14     1966      0.00012
1980     15     1965      0.00073
1980     16     1964      0.00357
1980     17     1963      0.01073
1980     18     1962      0.02265
1980     19     1961      0.03915
1980     20     1960      0.05603
1980     21     1959      0.06963
1980     22     1958      0.08190
1980     23     1957      0.09383
1980     24     1956      0.10493
1980     25     1955      0.11144
1980     26     1954      0.11279
1980     27     1953      0.11011
1980     28     1952      0.10526
1980     29     1951      0.09499
1980     30     1950      0.08607
1980     31     1949      0.07289
1980     32     1948      0.06096
1980     33     1947      0.04901
1980     34     1946      0.03953
1980     35     1945      0.03269
1980     36     1944      0.02473
1980     37     1943      0.01914
1980     38     1942      0.01473
1980     39     1941      0.01009
1980     40     1940      0.00753
1980     41     1939      0.00502
1980     42     1938      0.00349
1980     43     1937      0.00223
1980     44     1936      0.00131
1980     45     1935      0.00076
1980     46     1934      0.00041
1980     47     1933      0.00025
1980     48     1932      0.00009
1980     49     1931      0.00007
1980     50     1930      0.00005
1980     51     1929      0.00004
1980     52     1928      0.00002
1980     53     1927      0.00001
1980     54     1926      0.00000
1980     55+    1925-     0.00000
1981     12-    1969+     0.00000
1981     13     1968      0.00004
1981     14     1967      0.00008
1981     15     1966      0.00057
1981     16     1965      0.00309
1981     17     1964      0.00941
1981     18     1963      0.02025
1981     19     1962      0.03654
1981     20     1961      0.05142
1981     21     1960      0.06707
1981     22     1959      0.08072
1981     23     1958      0.09168
1981     24     1957      0.10173
1981     25     1956      0.11032
1981     26     1955      0.11285
1981     27     1954      0.10850
1981     28     1953      0.10412
1981     29     1952      0.09698
1981     30     1951      0.08566
1981     31     1950      0.07484
1981     32     1949      0.06325
1981     33     1948      0.05096
1981     34     1947      0.04077
1981     35     1946      0.03286
1981     36     1945      0.02598
1981     37     1944      0.01922
1981     38     1943      0.01445
1981     39     1942      0.01067
1981     40     1941      0.00753
1981     41     1940      0.00520
1981     42     1939      0.00339
1981     43     1938      0.00218
1981     44     1937      0.00120
1981     45     1936      0.00077
1981     46     1935      0.00042
1981     47     1934      0.00017
1981     48     1933      0.00015
1981     49     1932      0.00009
1981     50     1931      0.00005
1981     51     1930      0.00003
1981     52     1929      0.00002
1981     53     1928      0.00001
1981     54     1927      0.00000
1981     55+    1926-     0.00000
1982     12-    1970+     0.00000
1982     13     1969      0.00003
1982     14     1968      0.00009
1982     15     1967      0.00059
1982     16     1966      0.00268
1982     17     1965      0.00809
1982     18     1964      0.01824
1982     19     1963      0.03185
1982     20     1962      0.04756
1982     21     1961      0.06193
1982     22     1960      0.07725
1982     23     1959      0.08903
1982     24     1958      0.10021
1982     25     1957      0.10806
1982     26     1956      0.11179
1982     27     1955      0.11003
1982     28     1954      0.10368
1982     29     1953      0.09604
1982     30     1952      0.08707
1982     31     1951      0.07393
1982     32     1950      0.06327
1982     33     1949      0.05101
1982     34     1948      0.04100
1982     35     1947      0.03305
1982     36     1946      0.02522
1982     37     1945      0.01994
1982     38     1944      0.01452
1982     39     1943      0.01064
1982     40     1942      0.00773
1982     41     1941      0.00484
1982     42     1940      0.00334
1982     43     1939      0.00204
1982     44     1938      0.00124
1982     45     1937      0.00070
1982     46     1936      0.00032
1982     47     1935      0.00018
1982     48     1934      0.00010
1982     49     1933      0.00010
1982     50     1932      0.00006
1982     51     1931      0.00003
1982     52     1930      0.00002
1982     53     1929      0.00001
1982     54     1928      0.00000
1982     55+    1927-     0.00000
1983     12-    1971+     0.00000
1983     13     1970      0.00001
1983     14     1969      0.00010
1983     15     1968      0.00054
1983     16     1967      0.00214
1983     17     1966      0.00658
1983     18     1965      0.01440
1983     19     1964      0.02685
1983     20     1963      0.04038
1983     21     1962      0.05464
1983     22     1961      0.06894
1983     23     1960      0.08352
1983     24     1959      0.09451
1983     25     1958      0.10320
1983     26     1957      0.10723
1983     27     1956      0.10583
1983     28     1955      0.10120
1983     29     1954      0.09184
1983     30     1953      0.08370
1983     31     1952      0.07227
1983     32     1951      0.06051
1983     33     1950      0.05080
1983     34     1949      0.04056
1983     35     1948      0.03250
1983     36     1947      0.02496
1983     37     1946      0.01929
1983     38     1945      0.01462
1983     39     1944      0.01009
1983     40     1943      0.00727
1983     41     1942      0.00503
1983     42     1941      0.00316
1983     43     1940      0.00195
1983     44     1939      0.00110
1983     45     1938      0.00065
1983     46     1937      0.00032
1983     47     1936      0.00018
1983     48     1935      0.00008
1983     49     1934      0.00004
1983     50     1933      0.00005
1983     51     1932      0.00004
1983     52     1931      0.00002
1983     53     1930      0.00001
1983     54     1929      0.00000
1983     55+    1928-     0.00000
1984     12-    1972+     0.00000
1984     13     1971      0.00002
1984     14     1970      0.00011
1984     15     1969      0.00054
1984     16     1968      0.00207
1984     17     1967      0.00577
1984     18     1966      0.01227
1984     19     1965      0.02363
1984     20     1964      0.03576
1984     21     1963      0.04748
1984     22     1962      0.06192
1984     23     1961      0.07588
1984     24     1960      0.08944
1984     25     1959      0.10032
1984     26     1958      0.10555
1984     27     1957      0.10545
1984     28     1956      0.10118
1984     29     1955      0.09377
1984     30     1954      0.08297
1984     31     1953      0.07389
1984     32     1952      0.06140
1984     33     1951      0.05038
1984     34     1950      0.04161
1984     35     1949      0.03342
1984     36     1948      0.02594
1984     37     1947      0.01950
1984     38     1946      0.01419
1984     39     1945      0.01061
1984     40     1944      0.00711
1984     41     1943      0.00499
1984     42     1942      0.00305
1984     43     1941      0.00182
1984     44     1940      0.00103
1984     45     1939      0.00057
1984     46     1938      0.00030
1984     47     1937      0.00017
1984     48     1936      0.00006
1984     49     1935      0.00005
1984     50     1934      0.00003
1984     51     1933      0.00002
1984     52     1932      0.00001
1984     53     1931      0.00001
1984     54     1930      0.00000
1984     55+    1929-     0.00000
1985     12-    1973+     0.00000
1985     13     1972      0.00003
1985     14     1971      0.00012
1985     15     1970      0.00058
1985     16     1969      0.00210
1985     17     1968      0.00556
1985     18     1967      0.01171
1985     19     1966      0.02133
1985     20     1965      0.03239
1985     21     1964      0.04379
1985     22     1963      0.05648
1985     23     1962      0.07170
1985     24     1961      0.08543
1985     25     1960      0.09737
1985     26     1959      0.10416
1985     27     1958      0.10536
1985     28     1957      0.10132
1985     29     1956      0.09518
1985     30     1955      0.08638
1985     31     1954      0.07461
1985     32     1953      0.06321
1985     33     1952      0.05238
1985     34     1951      0.04250
1985     35     1950      0.03512
1985     36     1949      0.02681
1985     37     1948      0.02008
1985     38     1947      0.01456
1985     39     1946      0.01050
1985     40     1945      0.00761
1985     41     1944      0.00495
1985     42     1943      0.00326
1985     43     1942      0.00191
1985     44     1941      0.00104
1985     45     1940      0.00058
1985     46     1939      0.00028
1985     47     1938      0.00014
1985     48     1937      0.00006
1985     49     1936      0.00004
1985     50     1935      0.00003
1985     51     1934      0.00003
1985     52     1933      0.00002
1985     53     1932      0.00001
1985     54     1931      0.00000
1985     55+    1930-     0.00000
1986     12-    1974+     0.00000
1986     13     1973      0.00004
1986     14     1972      0.00013
1986     15     1971      0.00056
1986     16     1970      0.00221
1986     17     1969      0.00595
1986     18     1968      0.01165
1986     19     1967      0.02044
1986     20     1966      0.03175
1986     21     1965      0.04296
1986     22     1964      0.05651
1986     23     1963      0.07091
1986     24     1962      0.08591
1986     25     1961      0.10127
1986     26     1960      0.10896
1986     27     1959      0.11168
1986     28     1958      0.10941
1986     29     1957      0.10185
1986     30     1956      0.09344
1986     31     1955      0.08168
1986     32     1954      0.06875
1986     33     1953      0.05686
1986     34     1952      0.04575
1986     35     1951      0.03710
1986     36     1950      0.02896
1986     37     1949      0.02215
1986     38     1948      0.01597
1986     39     1947      0.01143
1986     40     1946      0.00809
1986     41     1945      0.00523
1986     42     1944      0.00343
1986     43     1943      0.00185
1986     44     1942      0.00113
1986     45     1941      0.00050
1986     46     1940      0.00029
1986     47     1939      0.00013
1986     48     1938      0.00006
1986     49     1937      0.00006
1986     50     1936      0.00003
1986     51     1935      0.00002
1986     52     1934      0.00001
1986     53     1933      0.00000
1986     54     1932      0.00000
1986     55+    1931-     0.00000
1987     12-    1975+     0.00000
1987     13     1974      0.00002
1987     14     1973      0.00013
1987     15     1972      0.00059
1987     16     1971      0.00243
1987     17     1970      0.00655
1987     18     1969      0.01259
1987     19     1968      0.02116
1987     20     1967      0.03102
1987     21     1966      0.04222
1987     22     1965      0.05472
1987     23     1964      0.06868
1987     24     1963      0.08327
1987     25     1962      0.09791
1987     26     1961      0.10740
1987     27     1960      0.11207
1987     28     1959      0.11117
1987     29     1958      0.10462
1987     30     1957      0.09516
1987     31     1956      0.08442
1987     32     1955      0.07239
1987     33     1954      0.05959
1987     34     1953      0.04930
1987     35     1952      0.03932
1987     36     1951      0.03045
1987     37     1950      0.02341
1987     38     1949      0.01691
1987     39     1948      0.01210
1987     40     1947      0.00842
1987     41     1946      0.00576
1987     42     1945      0.00370
1987     43     1944      0.00204
1987     44     1943      0.00104
1987     45     1942      0.00061
1987     46     1941      0.00030
1987     47     1940      0.00016
1987     48     1939      0.00007
1987     49     1938      0.00004
1987     50     1937      0.00003
1987     51     1936      0.00002
1987     52     1935      0.00001
1987     53     1934      0.00001
1987     54     1933      0.00000
1987     55+    1932-     0.00000
1988     12-    1976+     0.00000
1988     13     1975      0.00003
1988     14     1974      0.00018
1988     15     1973      0.00079
1988     16     1972      0.00281
1988     17     1971      0.00725
1988     18     1970      0.01420
1988     19     1969      0.02333
1988     20     1968      0.03240
1988     21     1967      0.04151
1988     22     1966      0.05455
1988     23     1965      0.06821
1988     24     1964      0.08398
1988     25     1963      0.09898
1988     26     1962      0.11121
1988     27     1961      0.11529
1988     28     1960      0.11495
1988     29     1959      0.10902
1988     30     1958      0.10163
1988     31     1957      0.08922
1988     32     1956      0.07734
1988     33     1955      0.06379
1988     34     1954      0.05217
1988     35     1953      0.04224
1988     36     1952      0.03239
1988     37     1951      0.02413
1988     38     1950      0.01839
1988     39     1949      0.01299
1988     40     1948      0.00893
1988     41     1947      0.00569
1988     42     1946      0.00379
1988     43     1945      0.00225
1988     44     1944      0.00114
1988     45     1943      0.00062
1988     46     1942      0.00031
1988     47     1941      0.00012
1988     48     1940      0.00007
1988     49     1939      0.00005
1988     50     1938      0.00003
1988     51     1937      0.00002
1988     52     1936      0.00001
1988     53     1935      0.00001
1988     54     1934      0.00000
1988     55+    1933-     0.00000
1989     12-    1977+     0.00000
1989     13     1976      0.00003
1989     14     1975      0.00016
1989     15     1974      0.00084
1989     16     1973      0.00332
1989     17     1972      0.00779
1989     18     1971      0.01471
1989     19     1970      0.02574
1989     20     1969      0.03435
1989     21     1968      0.04226
1989     22     1967      0.05094
1989     23     1966      0.06449
1989     24     1965      0.07946
1989     25     1964      0.09362
1989     26     1963      0.10660
1989     27     1962      0.11095
1989     28     1961      0.11156
1989     29     1960      0.10793
1989     30     1959      0.09974
1989     31     1958      0.08880
1989     32     1957      0.07574
1989     33     1956      0.06496
1989     34     1955      0.05251
1989     35     1954      0.04228
1989     36     1953      0.03370
1989     37     1952      0.02575
1989     38     1951      0.01874
1989     39     1950      0.01293
1989     40     1949      0.00937
1989     41     1948      0.00609
1989     42     1947      0.00362
1989     43     1946      0.00226
1989     44     1945      0.00133
1989     45     1944      0.00064
1989     46     1943      0.00029
1989     47     1942      0.00013
1989     48     1941      0.00009
1989     49     1940      0.00006
1989     50     1939      0.00004
1989     51     1938      0.00003
1989     52     1937      0.00002
1989     53     1936      0.00001
1989     54     1935      0.00000
1989     55+    1934-     0.00000
1990     12-    1978+     0.00000
1990     13     1977      0.00001
1990     14     1976      0.00032
1990     15     1975      0.00075
1990     16     1974      0.00317
1990     17     1973      0.00805
1990     18     1972      0.01637
1990     19     1971      0.02699
1990     20     1970      0.03732
1990     21     1969      0.04543
1990     22     1968      0.05364
1990     23     1967      0.06424
1990     24     1966      0.07965
1990     25     1965      0.09554
1990     26     1964      0.10840
1990     27     1963      0.11519
1990     28     1962      0.11755
1990     29     1961      0.11353
1990     30     1960      0.10537
1990     31     1959      0.09415
1990     32     1958      0.08155
1990     33     1957      0.06846
1990     34     1956      0.05628
1990     35     1955      0.04607
1990     36     1954      0.03523
1990     37     1953      0.02603
1990     38     1952      0.01989
1990     39     1951      0.01379
1990     40     1950      0.01016
1990     41     1949      0.00637
1990     42     1948      0.00396
1990     43     1947      0.00227
1990     44     1946      0.00132
1990     45     1945      0.00075
1990     46     1944      0.00032
1990     47     1943      0.00016
1990     48     1942      0.00012
1990     49     1941      0.00006
1990     50     1940      0.00001
1990     51     1939      0.00001
1990     52     1938      0.00000
1990     53     1937      0.00000
1990     54     1936      0.00000
1990     55+    1935-     0.00000
1991     12-    1979+     0.00000
1991     13     1978      0.00001
1991     14     1977      0.00047
1991     15     1976      0.00076
1991     16     1975      0.00319
1991     17     1974      0.00834
1991     18     1973      0.01782
1991     19     1972      0.02872
1991     20     1971      0.03891
1991     21     1970      0.04735
1991     22     1969      0.05409
1991     23     1968      0.06228
1991     24     1967      0.07308
1991     25     1966      0.08778
1991     26     1965      0.10203
1991     27     1964      0.11055
1991     28     1963      0.11333
1991     29     1962      0.10983
1991     30     1961      0.10412
1991     31     1960      0.09280
1991     32     1959      0.08052
1991     33     1958      0.06814
1991     34     1957      0.05583
1991     35     1956      0.04551
1991     36     1955      0.03566
1991     37     1954      0.02755
1991     38     1953      0.01981
1991     39     1952      0.01431
1991     40     1951      0.00979
1991     41     1950      0.00680
1991     42     1949      0.00396
1991     43     1948      0.00238
1991     44     1947      0.00122
1991     45     1946      0.00060
1991     46     1945      0.00031
1991     47     1944      0.00014
1991     48     1943      0.00008
1991     49     1942      0.00007
1991     50     1941      0.00001
1991     51     1940      0.00001
1991     52     1939      0.00000
1991     53     1938      0.00000
1991     54     1937      0.00000
1991     55+    1936-     0.00000
1992     12-    1980+     0.00000
1992     13     1979      0.00001
1992     14     1978      0.00045
1992     15     1977      0.00083
1992     16     1976      0.00335
1992     17     1975      0.00853
1992     18     1974      0.01778
1992     19     1973      0.03042
1992     20     1972      0.04044
1992     21     1971      0.04787
1992     22     1970      0.05583
1992     23     1969      0.06242
1992     24     1968      0.07105
1992     25     1967      0.08263
1992     26     1966      0.09606
1992     27     1965      0.10562
1992     28     1964      0.10992
1992     29     1963      0.10787
1992     30     1962      0.10250
1992     31     1961      0.09297
1992     32     1960      0.08155
1992     33     1959      0.06734
1992     34     1958      0.05708
1992     35     1957      0.04574
1992     36     1956      0.03640
1992     37     1955      0.02750
1992     38     1954      0.02051
1992     39     1953      0.01465
1992     40     1952      0.01054
1992     41     1951      0.00666
1992     42     1950      0.00430
1992     43     1949      0.00243
1992     44     1948      0.00131
1992     45     1947      0.00062
1992     46     1946      0.00030
1992     47     1945      0.00018
1992     48     1944      0.00008
1992     49     1943      0.00004
1992     50     1942      0.00001
1992     51     1941      0.00001
1992     52     1940      0.00000
1992     53     1939      0.00000
1992     54     1938      0.00000
1992     55+    1937-     0.00000
1993     12-    1981+     0.00000
1993     13     1980      0.00000
1993     14     1979      0.00029
1993     15     1978      0.00086
1993     16     1977      0.00289
1993     17     1976      0.00766
1993     18     1975      0.01654
1993     19     1974      0.02880
1993     20     1973      0.04091
1993     21     1972      0.04816
1993     22     1971      0.05414
1993     23     1970      0.06212
1993     24     1969      0.07023
1993     25     1968      0.08123
1993     26     1967      0.09187
1993     27     1966      0.10265
1993     28     1965      0.10872
1993     29     1964      0.10727
1993     30     1963      0.10488
1993     31     1962      0.09417
1993     32     1961      0.08102
1993     33     1960      0.06925
1993     34     1959      0.05730
1993     35     1958      0.04652
1993     36     1957      0.03646
1993     37     1956      0.02810
1993     38     1955      0.02037
1993     39     1954      0.01480
1993     40     1953      0.01030
1993     41     1952      0.00662
1993     42     1951      0.00410
1993     43     1950      0.00258
1993     44     1949      0.00125
1993     45     1948      0.00072
1993     46     1947      0.00029
1993     47     1946      0.00017
1993     48     1945      0.00005
1993     49     1944      0.00005
1993     50     1943      0.00001
1993     51     1942      0.00000
1993     52     1941      0.00000
1993     53     1940      0.00000
1993     54     1939      0.00000
1993     55+    1938-     0.00000
1994     12-    1982+     0.00000
1994     13     1981      0.00000
1994     14     1980      0.00024
1994     15     1979      0.00086
1994     16     1978      0.00293
1994     17     1977      0.00726
1994     18     1976      0.01475
1994     19     1975      0.02648
1994     20     1974      0.03827
1994     21     1973      0.04805
1994     22     1972      0.05379
1994     23     1971      0.06029
1994     24     1970      0.06798
1994     25     1969      0.07645
1994     26     1968      0.08571
1994     27     1967      0.09463
1994     28     1966      0.10192
1994     29     1965      0.10496
1994     30     1964      0.10164
1994     31     1963      0.09174
1994     32     1962      0.08071
1994     33     1961      0.06893
1994     34     1960      0.05700
1994     35     1959      0.04599
1994     36     1958      0.03642
1994     37     1957      0.02783
1994     38     1956      0.02064
1994     39     1955      0.01509
1994     40     1954      0.01039
1994     41     1953      0.00676
1994     42     1952      0.00425
1994     43     1951      0.00239
1994     44     1950      0.00141
1994     45     1949      0.00063
1994     46     1948      0.00035
1994     47     1947      0.00011
1994     48     1946      0.00005
1994     49     1945      0.00004
1994     50     1944      0.00000
1994     51     1943      0.00000
1994     52     1942      0.00000
1994     53     1941      0.00000
1994     54     1940      0.00000
1994     55+    1939-     0.00000
1995     12-    1983+     0.00000
1995     13     1982      0.00000
1995     14     1981      0.00024
1995     15     1980      0.00066
1995     16     1979      0.00275
1995     17     1978      0.00694
1995     18     1977      0.01397
1995     19     1976      0.02483
1995     20     1975      0.03634
1995     21     1974      0.04620
1995     22     1973      0.05450
1995     23     1972      0.05953
1995     24     1971      0.06593
1995     25     1970      0.07561
1995     26     1969      0.08443
1995     27     1968      0.09181
1995     28     1967      0.09918
1995     29     1966      0.10303
1995     30     1965      0.10104
1995     31     1964      0.09303
1995     32     1963      0.08260
1995     33     1962      0.07074
1995     34     1961      0.05887
1995     35     1960      0.04819
1995     36     1959      0.03765
1995     37     1958      0.02828
1995     38     1957      0.02145
1995     39     1956      0.01562
1995     40     1955      0.01055
1995     41     1954      0.00692
1995     42     1953      0.00424
1995     43     1952      0.00247
1995     44     1951      0.00126
1995     45     1950      0.00073
1995     46     1949      0.00027
1995     47     1948      0.00013
1995     48     1947      0.00005
1995     49     1946      0.00003
1995     50     1945      0.00000
1995     51     1944      0.00000
1995     52     1943      0.00000
1995     53     1942      0.00000
1995     54     1941      0.00000
1995     55+    1940-     0.00000
1996     12-    1984+     0.00000
1996     13     1983      0.00000
1996     14     1982      0.00024
1996     15     1981      0.00074
1996     16     1980      0.00273
1996     17     1979      0.00708
1996     18     1978      0.01435
1996     19     1977      0.02545
1996     20     1976      0.03680
1996     21     1975      0.04797
1996     22     1974      0.05715
1996     23     1973      0.06479
1996     24     1972      0.07005
1996     25     1971      0.07790
1996     26     1970      0.08842
1996     27     1969      0.09470
1996     28     1968      0.10102
1996     29     1967      0.10499
1996     30     1966      0.10472
1996     31     1965      0.09866
1996     32     1964      0.08768
1996     33     1963      0.07498
1996     34     1962      0.06207
1996     35     1961      0.05072
1996     36     1960      0.04062
1996     37     1959      0.03047
1996     38     1958      0.02277
1996     39     1957      0.01636
1996     40     1956      0.01155
1996     41     1955      0.00732
1996     42     1954      0.00455
1996     43     1953      0.00254
1996     44     1952      0.00142
1996     45     1951      0.00063
1996     46     1950      0.00032
1996     47     1949      0.00014
1996     48     1948      0.00005
1996     49     1947      0.00004
1996     50     1946      0.00001
1996     51     1945      0.00000
1996     52     1944      0.00000
1996     53     1943      0.00000
1996     54     1942      0.00000
1996     55+    1941-     0.00000
1997     12-    1985+     0.00000
1997     13     1984      0.00000
1997     14     1983      0.00025
1997     15     1982      0.00073
1997     16     1981      0.00253
1997     17     1980      0.00686
1997     18     1979      0.01449
1997     19     1978      0.02530
1997     20     1977      0.03644
1997     21     1976      0.04638
1997     22     1975      0.05791
1997     23     1974      0.06504
1997     24     1973      0.07312
1997     25     1972      0.08022
1997     26     1971      0.08800
1997     27     1970      0.09712
1997     28     1969      0.10293
1997     29     1968      0.10608
1997     30     1967      0.10709
1997     31     1966      0.10238
1997     32     1965      0.09253
1997     33     1964      0.07866
1997     34     1963      0.06618
1997     35     1962      0.05492
1997     36     1961      0.04343
1997     37     1960      0.03338
1997     38     1959      0.02456
1997     39     1958      0.01798
1997     40     1957      0.01228
1997     41     1956      0.00823
1997     42     1955      0.00502
1997     43     1954      0.00289
1997     44     1953      0.00140
1997     45     1952      0.00073
1997     46     1951      0.00031
1997     47     1950      0.00020
1997     48     1949      0.00008
1997     49     1948      0.00003
1997     50     1947      0.00000
1997     51     1946      0.00000
1997     52     1945      0.00000
1997     53     1944      0.00000
1997     54     1943      0.00000
1997     55+    1942-     0.00000
1998     12-    1986+     0.00000
1998     13     1985      0.00000
1998     14     1984      0.00025
1998     15     1983      0.00072
1998     16     1982      0.00253
1998     17     1981      0.00666
1998     18     1980      0.01422
1998     19     1979      0.02520
1998     20     1978      0.03663
1998     21     1977      0.04625
1998     22     1976      0.05494
1998     23     1975      0.06456
1998     24     1974      0.07105
1998     25     1973      0.07992
1998     26     1972      0.08582
1998     27     1971      0.09230
1998     28     1970      0.09866
1998     29     1969      0.10284
1998     30     1968      0.10298
1998     31     1967      0.09841
1998     32     1966      0.09060
1998     33     1965      0.07950
1998     34     1964      0.06666
1998     35     1963      0.05539
1998     36     1962      0.04417
1998     37     1961      0.03370
1998     38     1960      0.02499
1998     39     1959      0.01785
1998     40     1958      0.01264
1998     41     1957      0.00817
1998     42     1956      0.00496
1998     43     1955      0.00285
1998     44     1954      0.00152
1998     45     1953      0.00077
1998     46     1952      0.00029
1998     47     1951      0.00014
1998     48     1950      0.00011
1998     49     1949      0.00003
1998     50     1948      0.00001
1998     51     1947      0.00000
1998     52     1946      0.00000
1998     53     1945      0.00000
1998     54     1944      0.00000
1998     55+    1943-     0.00000
1999     12-    1987+     0.00000
1999     13     1986      0.00000
1999     14     1985      0.00021
1999     15     1984      0.00070
1999     16     1983      0.00262
1999     17     1982      0.00661
1999     18     1981      0.01394
1999     19     1980      0.02444
1999     20     1979      0.03571
1999     21     1978      0.04492
1999     22     1977      0.05471
1999     23     1976      0.06209
1999     24     1975      0.07031
1999     25     1974      0.07917
1999     26     1973      0.08665
1999     27     1972      0.09097
1999     28     1971      0.09682
1999     29     1970      0.10123
1999     30     1969      0.10110
1999     31     1968      0.09767
1999     32     1967      0.09076
1999     33     1966      0.07969
1999     34     1965      0.06868
1999     35     1964      0.05652
1999     36     1963      0.04530
1999     37     1962      0.03425
1999     38     1961      0.02525
1999     39     1960      0.01885
1999     40     1959      0.01300
1999     41     1958      0.00834
1999     42     1957      0.00546
1999     43     1956      0.00302
1999     44     1955      0.00151
1999     45     1954      0.00066
1999     46     1953      0.00034
1999     47     1952      0.00011
1999     48     1951      0.00010
1999     49     1950      0.00005
1999     50     1949      0.00001
1999     51     1948      0.00000
1999     52     1947      0.00000
1999     53     1946      0.00000
1999     54     1945      0.00000
1999     55+    1944-     0.00000
2000     12-    1988+     0.00000
2000     13     1987      0.00000
2000     14     1986      0.00009
2000     15     1985      0.00078
2000     16     1984      0.00261
2000     17     1983      0.00698
2000     18     1982      0.01384
2000     19     1981      0.02513
2000     20     1980      0.03577
2000     21     1979      0.04547
2000     22     1978      0.05408
2000     23     1977      0.06233
2000     24     1976      0.06896
2000     25     1975      0.07908
2000     26     1974      0.08691
2000     27     1973      0.09254
2000     28     1972      0.09712
2000     29     1971      0.09990
2000     30     1970      0.10125
2000     31     1969      0.09734
2000     32     1968      0.09119
2000     33     1967      0.08137
2000     34     1966      0.07078
2000     35     1965      0.05818
2000     36     1964      0.04665
2000     37     1963      0.03572
2000     38     1962      0.02706
2000     39     1961      0.01990
2000     40     1960      0.01402
2000     41     1959      0.00894
2000     42     1958      0.00533
2000     43     1957      0.00329
2000     44     1956      0.00164
2000     45     1955      0.00075
2000     46     1954      0.00036
2000     47     1953      0.00010
2000     48     1952      0.00006
2000     49     1951      0.00003
2000     50     1950      0.00003
2000     51     1949      0.00001
2000     52     1948      0.00001
2000     53     1947      0.00000
2000     54     1946      0.00000
2000     55+    1945-     0.00000
2001     12-    1989+     0.00000
2001     13     1988      0.00000
2001     14     1987      0.00016
2001     15     1986      0.00088
2001     16     1985      0.00292
2001     17     1984      0.00734
2001     18     1983      0.01371
2001     19     1982      0.02462
2001     20     1981      0.03486
2001     21     1980      0.04373
2001     22     1979      0.05250
2001     23     1978      0.05989
2001     24     1977      0.06674
2001     25     1976      0.07471
2001     26     1975      0.08267
2001     27     1974      0.08886
2001     28     1973      0.09340
2001     29     1972      0.09678
2001     30     1971      0.09744
2001     31     1970      0.09452
2001     32     1969      0.08866
2001     33     1968      0.07969
2001     34     1967      0.06982
2001     35     1966      0.05858
2001     36     1965      0.04764
2001     37     1964      0.03648
2001     38     1963      0.02754
2001     39     1962      0.01960
2001     40     1961      0.01390
2001     41     1960      0.00910
2001     42     1959      0.00538
2001     43     1958      0.00320
2001     44     1957      0.00159
2001     45     1956      0.00085
2001     46     1955      0.00039
2001     47     1954      0.00017
2001     48     1953      0.00004
2001     49     1952      0.00002
2001     50     1951      0.00003
2001     51     1950      0.00003
2001     52     1949      0.00002
2001     53     1948      0.00001
2001     54     1947      0.00001
2001     55+    1946-     0.00000
2002     12-    1990+     0.00000
2002     13     1989      0.00000
2002     14     1988      0.00015
2002     15     1987      0.00087
2002     16     1986      0.00293
2002     17     1985      0.00723
2002     18     1984      0.01339
2002     19     1983      0.02294
2002     20     1982      0.03256
2002     21     1981      0.04204
2002     22     1980      0.04952
2002     23     1979      0.05795
2002     24     1978      0.06486
2002     25     1977      0.07301
2002     26     1976      0.07978
2002     27     1975      0.08674
2002     28     1974      0.09229
2002     29     1973      0.09682
2002     30     1972      0.09638
2002     31     1971      0.09472
2002     32     1970      0.08846
2002     33     1969      0.08095
2002     34     1968      0.07058
2002     35     1967      0.06071
2002     36     1966      0.04936
2002     37     1965      0.03848
2002     38     1964      0.02809
2002     39     1963      0.02074
2002     40     1962      0.01475
2002     41     1961      0.00974
2002     42     1960      0.00581
2002     43     1959      0.00331
2002     44     1958      0.00183
2002     45     1957      0.00089
2002     46     1956      0.00035
2002     47     1955      0.00015
2002     48     1954      0.00007
2002     49     1953      0.00006
2002     50     1952      0.00001
2002     51     1951      0.00001
2002     52     1950      0.00001
2002     53     1949      0.00001
2002     54     1948      0.00000
2002     55+    1947-     0.00000
2003     12-    1991+     0.00000
2003     13     1990      0.00000
2003     14     1989      0.00014
2003     15     1988      0.00076
2003     16     1987      0.00270
2003     17     1986      0.00671
2003     18     1985      0.01280
2003     19     1984      0.02198
2003     20     1983      0.03054
2003     21     1982      0.03896
2003     22     1981      0.04825
2003     23     1980      0.05481
2003     24     1979      0.06274
2003     25     1978      0.07180
2003     26     1977      0.07918
2003     27     1976      0.08571
2003     28     1975      0.09142
2003     29     1974      0.09576
2003     30     1973      0.09733
2003     31     1972      0.09526
2003     32     1971      0.08927
2003     33     1970      0.08209
2003     34     1969      0.07166
2003     35     1968      0.06242
2003     36     1967      0.05093
2003     37     1966      0.03970
2003     38     1965      0.02986
2003     39     1964      0.02182
2003     40     1963      0.01515
2003     41     1962      0.00981
2003     42     1961      0.00598
2003     43     1960      0.00356
2003     44     1959      0.00177
2003     45     1958      0.00085
2003     46     1957      0.00042
2003     47     1956      0.00020
2003     48     1955      0.00007
2003     49     1954      0.00005
2003     50     1953      0.00000
2003     51     1952      0.00001
2003     52     1951      0.00001
2003     53     1950      0.00001
2003     54     1949      0.00000
2003     55+    1948-     0.00000
2004     12-    1992+     0.00000
2004     13     1991      0.00000
2004     14     1990      0.00013
2004     15     1989      0.00070
2004     16     1988      0.00250
2004     17     1987      0.00602
2004     18     1986      0.01167
2004     19     1985      0.02079
2004     20     1984      0.02900
2004     21     1983      0.03718
2004     22     1982      0.04590
2004     23     1981      0.05349
2004     24     1980      0.06227
2004     25     1979      0.07038
2004     26     1978      0.07869
2004     27     1977      0.08544
2004     28     1976      0.09070
2004     29     1975      0.09638
2004     30     1974      0.09806
2004     31     1973      0.09744
2004     32     1972      0.09206
2004     33     1971      0.08518
2004     34     1970      0.07542
2004     35     1969      0.06475
2004     36     1968      0.05336
2004     37     1967      0.04212
2004     38     1966      0.03172
2004     39     1965      0.02357
2004     40     1964      0.01654
2004     41     1963      0.01043
2004     42     1962      0.00626
2004     43     1961      0.00356
2004     44     1960      0.00189
2004     45     1959      0.00092
2004     46     1958      0.00043
2004     47     1957      0.00017
2004     48     1956      0.00011
2004     49     1955      0.00004
2004     50     1954      0.00002
2004     51     1953      0.00001
2004     52     1952      0.00001
2004     53     1951      0.00001
2004     54     1950      0.00000
2004     55+    1949-     0.00000
2005     12-    1993+     0.00000
2005     13     1992      0.00000
2005     14     1991      0.00013
2005     15     1990      0.00071
2005     16     1989      0.00240
2005     17     1988      0.00580
2005     18     1987      0.01072
2005     19     1986      0.01978
2005     20     1985      0.02835
2005     21     1984      0.03590
2005     22     1983      0.04271
2005     23     1982      0.05088
2005     24     1981      0.05886
2005     25     1980      0.06762
2005     26     1979      0.07621
2005     27     1978      0.08403
2005     28     1977      0.08856
2005     29     1976      0.09369
2005     30     1975      0.09626
2005     31     1974      0.09724
2005     32     1973      0.09182
2005     33     1972      0.08499
2005     34     1971      0.07610
2005     35     1970      0.06521
2005     36     1969      0.05462
2005     37     1968      0.04259
2005     38     1967      0.03313
2005     39     1966      0.02454
2005     40     1965      0.01736
2005     41     1964      0.01089
2005     42     1963      0.00670
2005     43     1962      0.00398
2005     44     1961      0.00206
2005     45     1960      0.00094
2005     46     1959      0.00045
2005     47     1958      0.00021
2005     48     1957      0.00013
2005     49     1956      0.00007
2005     50     1955      0.00001
2005     51     1954      0.00001
2005     52     1953      0.00001
2005     53     1952      0.00001
2005     54     1951      0.00000
2005     55+    1950-     0.00000
2006     12-    1994+     0.00000
2006     13     1993      0.00000
2006     14     1992      0.00013
2006     15     1991      0.00059
2006     16     1990      0.00226
2006     17     1989      0.00533
2006     18     1988      0.01007
2006     19     1987      0.01844
2006     20     1986      0.02666
2006     21     1985      0.03434
2006     22     1984      0.04113
2006     23     1983      0.04808
2006     24     1982      0.05622
2006     25     1981      0.06530
2006     26     1980      0.07380
2006     27     1979      0.08116
2006     28     1978      0.08800
2006     29     1977      0.09251
2006     30     1976      0.09637
2006     31     1975      0.09605
2006     32     1974      0.09227
2006     33     1973      0.08548
2006     34     1972      0.07610
2006     35     1971      0.06666
2006     36     1970      0.05588
2006     37     1969      0.04412
2006     38     1968      0.03415
2006     39     1967      0.02607
2006     40     1966      0.01827
2006     41     1965      0.01191
2006     42     1964      0.00718
2006     43     1963      0.00429
2006     44     1962      0.00212
2006     45     1961      0.00109
2006     46     1960      0.00050
2006     47     1959      0.00019
2006     48     1958      0.00007
2006     49     1957      0.00006
2006     50     1956      0.00002
2006     51     1955      0.00002
2006     52     1954      0.00001
2006     53     1953      0.00001
2006     54     1952      0.00000
2006     55+    1951-     0.00000
2007     12-    1995+     0.00000
2007     13     1994      0.00000
2007     14     1993      0.00011
2007     15     1992      0.00065
2007     16     1991      0.00218
2007     17     1990      0.00503
2007     18     1989      0.00973
2007     19     1988      0.01758
2007     20     1987      0.02540
2007     21     1986      0.03281
2007     22     1985      0.03998
2007     23     1984      0.04726
2007     24     1983      0.05398
2007     25     1982      0.06391
2007     26     1981      0.07362
2007     27     1980      0.08218
2007     28     1979      0.08892
2007     29     1978      0.09512
2007     30     1977      0.09896
2007     31     1976      0.09916
2007     32     1975      0.09585
2007     33     1974      0.09080
2007     34     1973      0.08135
2007     35     1972      0.07180
2007     36     1971      0.06018
2007     37     1970      0.04846
2007     38     1969      0.03653
2007     39     1968      0.02762
2007     40     1967      0.01984
2007     41     1966      0.01317
2007     42     1965      0.00790
2007     43     1964      0.00442
2007     44     1963      0.00238
2007     45     1962      0.00116
2007     46     1961      0.00050
2007     47     1960      0.00026
2007     48     1959      0.00015
2007     49     1958      0.00006
2007     50     1957      0.00004
2007     51     1956      0.00002
2007     52     1955      0.00001
2007     53     1954      0.00001
2007     54     1953      0.00000
2007     55+    1952-     0.00000
2008     12-    1996+     0.00000
2008     13     1995      0.00000
2008     14     1994      0.00012
2008     15     1993      0.00063
2008     16     1992      0.00227
2008     17     1991      0.00504
2008     18     1990      0.00907
2008     19     1989      0.01652
2008     20     1988      0.02439
2008     21     1987      0.03132
2008     22     1986      0.03740
2008     23     1985      0.04509
2008     24     1984      0.05286
2008     25     1983      0.06111
2008     26     1982      0.07129
2008     27     1981      0.08030
2008     28     1980      0.08816
2008     29     1979      0.09406
2008     30     1978      0.09914
2008     31     1977      0.10037
2008     32     1976      0.09768
2008     33     1975      0.09211
2008     34     1974      0.08381
2008     35     1973      0.07428
2008     36     1972      0.06320
2008     37     1971      0.04989
2008     38     1970      0.03952
2008     39     1969      0.02917
2008     40     1968      0.02157
2008     41     1967      0.01407
2008     42     1966      0.00850
2008     43     1965      0.00486
2008     44     1964      0.00258
2008     45     1963      0.00124
2008     46     1962      0.00058
2008     47     1961      0.00026
2008     48     1960      0.00013
2008     49     1959      0.00006
2008     50     1958      0.00003
2008     51     1957      0.00002
2008     52     1956      0.00001
2008     53     1955      0.00001
2008     54     1954      0.00000
2008     55+    1953-     0.00000
2009     12-    1997+     0.00000
2009     13     1996      0.00000
2009     14     1995      0.00010
2009     15     1994      0.00048
2009     16     1993      0.00190
2009     17     1992      0.00462
2009     18     1991      0.00816
2009     19     1990      0.01514
2009     20     1989      0.02251
2009     21     1988      0.02909
2009     22     1987      0.03543
2009     23     1986      0.04199
2009     24     1985      0.05009
2009     25     1984      0.05916
2009     26     1983      0.06829
2009     27     1982      0.07700
2009     28     1981      0.08530
2009     29     1980      0.09196
2009     30     1979      0.09728
2009     31     1978      0.09897
2009     32     1977      0.09638
2009     33     1976      0.09149
2009     34     1975      0.08448
2009     35     1974      0.07417
2009     36     1973      0.06363
2009     37     1972      0.05170
2009     38     1971      0.04013
2009     39     1970      0.03045
2009     40     1969      0.02199
2009     41     1968      0.01465
2009     42     1967      0.00863
2009     43     1966      0.00497
2009     44     1965      0.00271
2009     45     1964      0.00131
2009     46     1963      0.00059
2009     47     1962      0.00027
2009     48     1961      0.00017
2009     49     1960      0.00008
2009     50     1959      0.00005
2009     51     1958      0.00003
2009     52     1957      0.00002
2009     53     1956      0.00001
2009     54     1955      0.00001
2009     55+    1954-     0.00000
2010     12-    1998+     0.00000
2010     13     1997      0.00000
2010     14     1996      0.00011
2010     15     1995      0.00049
2010     16     1994      0.00179
2010     17     1993      0.00439
2010     18     1992      0.00812
2010     19     1991      0.01481
2010     20     1990      0.02140
2010     21     1989      0.02775
2010     22     1988      0.03452
2010     23     1987      0.04105
2010     24     1986      0.04890
2010     25     1985      0.05881
2010     26     1984      0.06803
2010     27     1983      0.07715
2010     28     1982      0.08633
2010     29     1981      0.09405
2010     30     1980      0.09946
2010     31     1979      0.10252
2010     32     1978      0.09979
2010     33     1977      0.09544
2010     34     1976      0.08714
2010     35     1975      0.07872
2010     36     1974      0.06720
2010     37     1973      0.05505
2010     38     1972      0.04283
2010     39     1971      0.03263
2010     40     1970      0.02380
2010     41     1969      0.01557
2010     42     1968      0.00933
2010     43     1967      0.00523
2010     44     1966      0.00272
2010     45     1965      0.00151
2010     46     1964      0.00067
2010     47     1963      0.00032
2010     48     1962      0.00013
2010     49     1961      0.00008
2010     50     1960      0.00006
2010     51     1959      0.00005
2010     52     1958      0.00003
2010     53     1957      0.00002
2010     54     1956      0.00001
2010     55+    1955-     0.00000
2011     12-    1999+     0.00000
2011     13     1998      0.00000
2011     14     1997      0.00009
2011     15     1996      0.00056
2011     16     1995      0.00166
2011     17     1994      0.00398
2011     18     1993      0.00742
2011     19     1992      0.01391
2011     20     1991      0.01966
2011     21     1990      0.02620
2011     22     1989      0.03162
2011     23     1988      0.03798
2011     24     1987      0.04599
2011     25     1986      0.05524
2011     26     1985      0.06522
2011     27     1984      0.07395
2011     28     1983      0.08380
2011     29     1982      0.09197
2011     30     1981      0.09760
2011     31     1980      0.10128
2011     32     1979      0.10002
2011     33     1978      0.09397
2011     34     1977      0.08759
2011     35     1976      0.07878
2011     36     1975      0.06820
2011     37     1974      0.05596
2011     38     1973      0.04336
2011     39     1972      0.03330
2011     40     1971      0.02433
2011     41     1970      0.01626
2011     42     1969      0.00949
2011     43     1968      0.00544
2011     44     1967      0.00284
2011     45     1966      0.00145
2011     46     1965      0.00066
2011     47     1964      0.00028
2011     48     1963      0.00016
2011     49     1962      0.00010
2011     50     1961      0.00007
2011     51     1960      0.00006
2011     52     1959      0.00004
2011     53     1958      0.00002
2011     54     1957      0.00001
2011     55+    1956-     0.00000
2012     12-    2000+     0.00000
2012     13     1999      0.00000
2012     14     1998      0.00010
2012     15     1997      0.00052
2012     16     1996      0.00165
2012     17     1995      0.00413
2012     18     1994      0.00735
2012     19     1993      0.01329
2012     20     1992      0.01996
2012     21     1991      0.02551
2012     22     1990      0.03103
2012     23     1989      0.03730
2012     24     1988      0.04508
2012     25     1987      0.05394
2012     26     1986      0.06509
2012     27     1985      0.07419
2012     28     1984      0.08430
2012     29     1983      0.09134
2012     30     1982      0.10036
2012     31     1981      0.10320
2012     32     1980      0.10142
2012     33     1979      0.09709
2012     34     1978      0.08968
2012     35     1977      0.08051
2012     36     1976      0.07012
2012     37     1975      0.05744
2012     38     1974      0.04551
2012     39     1973      0.03488
2012     40     1972      0.02573
2012     41     1971      0.01650
2012     42     1970      0.01029
2012     43     1969      0.00571
2012     44     1968      0.00294
2012     45     1967      0.00150
2012     46     1966      0.00079
2012     47     1965      0.00034
2012     48     1964      0.00020
2012     49     1963      0.00011
2012     50     1962      0.00004
2012     51     1961      0.00005
2012     52     1960      0.00003
2012     53     1959      0.00002
2012     54     1958      0.00001
2012     55+    1957-     0.00000
2013     12-    2001+     0.00000
2013     13     2000      0.00000
2013     14     1999      0.00009
2013     15     1998      0.00057
2013     16     1997      0.00166
2013     17     1996      0.00378
2013     18     1995      0.00762
2013     19     1994      0.01293
2013     20     1993      0.01862
2013     21     1992      0.02426
2013     22     1991      0.02959
2013     23     1990      0.03634
2013     24     1989      0.04331
2013     25     1988      0.05320
2013     26     1987      0.06377
2013     27     1986      0.07304
2013     28     1985      0.08381
2013     29     1984      0.09266
2013     30     1983      0.09911
2013     31     1982      0.10473
2013     32     1981      0.10408
2013     33     1980      0.09875
2013     34     1979      0.09296
2013     35     1978      0.08349
2013     36     1977      0.07152
2013     37     1976      0.05989
2013     38     1975      0.04816
2013     39     1974      0.03681
2013     40     1973      0.02697
2013     41     1972      0.01756
2013     42     1971      0.01072
2013     43     1970      0.00612
2013     44     1969      0.00321
2013     45     1968      0.00153
2013     46     1967      0.00075
2013     47     1966      0.00040
2013     48     1965      0.00016
2013     49     1964      0.00010
2013     50     1963      0.00007
2013     51     1962      0.00005
2013     52     1961      0.00003
2013     53     1960      0.00001
2013     54     1959      0.00001
2013     55+    1958-     0.00000
2014     12-    2002+     0.00000
2014     13     2001      0.00000
2014     14     2000      0.00013
2014     15     1999      0.00061
2014     16     1998      0.00172
2014     17     1997      0.00399
2014     18     1996      0.00737
2014     19     1995      0.01294
2014     20     1994      0.01874
2014     21     1993      0.02381
2014     22     1992      0.02985
2014     23     1991      0.03606
2014     24     1990      0.04364
2014     25     1989      0.05337
2014     26     1988      0.06457
2014     27     1987      0.07472
2014     28     1986      0.08606
2014     29     1985      0.09640
2014     30     1984      0.10480
2014     31     1983      0.10980
2014     32     1982      0.10956
2014     33     1981      0.10467
2014     34     1980      0.09697
2014     35     1979      0.08817
2014     36     1978      0.07577
2014     37     1977      0.06290
2014     38     1976      0.05072
2014     39     1975      0.03950
2014     40     1974      0.02918
2014     41     1973      0.01916
2014     42     1972      0.01189
2014     43     1971      0.00663
2014     44     1970      0.00343
2014     45     1969      0.00164
2014     46     1968      0.00087
2014     47     1967      0.00039
2014     48     1966      0.00024
2014     49     1965      0.00009
2014     50     1964      0.00007
2014     51     1963      0.00005
2014     52     1962      0.00004
2014     53     1961      0.00002
2014     54     1960      0.00001
2014     55+    1959-     0.00000
2015     12-    2003+     0.00000
2015     13     2002      0.00000
2015     14     2001      0.00018
2015     15     2000      0.00070
2015     16     1999      0.00184
2015     17     1998      0.00394
2015     18     1997      0.00719
2015     19     1996      0.01295
2015     20     1995      0.01909
2015     21     1994      0.02443
2015     22     1993      0.02999
2015     23     1992      0.03635
2015     24     1991      0.04412
2015     25     1990      0.05346
2015     26     1989      0.06462
2015     27     1988      0.07610
2015     28     1987      0.08795
2015     29     1986      0.09800
2015     30     1985      0.10684
2015     31     1984      0.11230
2015     32     1983      0.11163
2015     33     1982      0.10857
2015     34     1981      0.10014
2015     35     1980      0.09009
2015     36     1979      0.07896
2015     37     1978      0.06452
2015     38     1977      0.05173
2015     39     1976      0.04036
2015     40     1975      0.03039
2015     41     1974      0.02065
2015     42     1973      0.01189
2015     43     1972      0.00674
2015     44     1971      0.00366
2015     45     1970      0.00185
2015     46     1969      0.00087
2015     47     1968      0.00046
2015     48     1967      0.00021
2015     49     1966      0.00013
2015     50     1965      0.00008
2015     51     1964      0.00005
2015     52     1963      0.00003
2015     53     1962      0.00002
2015     54     1961      0.00001
2015     55+    1960-     0.00000
2016     12-    2004+     0.00000
2016     13     2003      0.00000
2016     14     2002      0.00016
2016     15     2001      0.00070
2016     16     2000      0.00210
2016     17     1999      0.00461
2016     18     1998      0.00867
2016     19     1997      0.01547
2016     20     1996      0.02131
2016     21     1995      0.02825
2016     22     1994      0.03385
2016     23     1993      0.03892
2016     24     1992      0.04698
2016     25     1991      0.05599
2016     26     1990      0.06805
2016     27     1989      0.07981
2016     28     1988      0.09177
2016     29     1987      0.10337
2016     30     1986      0.11216
2016     31     1985      0.11880
2016     32     1984      0.11859
2016     33     1983      0.11320
2016     34     1982      0.10592
2016     35     1981      0.09597
2016     36     1980      0.08418
2016     37     1979      0.06946
2016     38     1978      0.05534
2016     39     1977      0.04366
2016     40     1976      0.03241
2016     41     1975      0.02175
2016     42     1974      0.01349
2016     43     1973      0.00779
2016     44     1972      0.00411
2016     45     1971      0.00200
2016     46     1970      0.00113
2016     47     1969      0.00051
2016     48     1968      0.00029
2016     49     1967      0.00018
2016     50     1966      0.00012
2016     51     1965      0.00008
2016     52     1964      0.00005
2016     53     1963      0.00002
2016     54     1962      0.00001
2016     55+    1961-     0.00000
2017     12-    2005+     0.00000
2017     13     2004      0.00000
2017     14     2003      0.00013
2017     15     2002      0.00056
2017     16     2001      0.00175
2017     17     2000      0.00386
2017     18     1999      0.00747
2017     19     1998      0.01350
2017     20     1997      0.01891
2017     21     1996      0.02568
2017     22     1995      0.03148
2017     23     1994      0.03753
2017     24     1993      0.04450
2017     25     1992      0.05495
2017     26     1991      0.06610
2017     27     1990      0.07798
2017     28     1989      0.08926
2017     29     1988      0.10203
2017     30     1987      0.11179
2017     31     1986      0.11799
2017     32     1985      0.11884
2017     33     1984      0.11392
2017     34     1983      0.10530
2017     35     1982      0.09568
2017     36     1981      0.08445
2017     37     1980      0.06954
2017     38     1979      0.05580
2017     39     1978      0.04373
2017     40     1977      0.03277
2017     41     1976      0.02189
2017     42     1975      0.01363
2017     43     1974      0.00813
2017     44     1973      0.00420
2017     45     1972      0.00232
2017     46     1971      0.00108
2017     47     1970      0.00052
2017     48     1969      0.00026
2017     49     1968      0.00015
2017     50     1967      0.00011
2017     51     1966      0.00008
2017     52     1965      0.00005
2017     53     1964      0.00002
2017     54     1963      0.00001
2017     55+    1962-     0.00000
