West Germany, Cumulative cohort fertility rates (horizontal parallelograms
Last modified: 04/02/2019
Cohort  Age     CCFR
1941    12         .
1941    13         .
1941    14         .
1941    15     0.000
1941    16     0.001
1941    17     0.007
1941    18     0.026
1941    19     0.070
1941    20     0.146
1941    21     0.251
1941    22     0.383
1941    23     0.538
1941    24     0.704
1941    25     0.874
1941    26     1.041
1941    27     1.195
1941    28     1.331
1941    29     1.445
1941    30     1.541
1941    31     1.620
1941    32     1.682
1941    33     1.731
1941    34     1.772
1941    35     1.806
1941    36     1.832
1941    37     1.851
1941    38     1.867
1941    39     1.878
1941    40     1.887
1941    41     1.893
1941    42     1.897
1941    43     1.899
1941    44     1.901
1941    45     1.902
1941    46     1.902
1941    47     1.902
1941    48     1.902
1941    49     1.902
1941    50     1.902
1941    51     1.902
1941    52     1.902
1941    53     1.902
1941    54     1.902
1941    55     1.902
1942    12         .
1942    13         .
1942    14     0.000
1942    15     0.000
1942    16     0.002
1942    17     0.008
1942    18     0.030
1942    19     0.077
1942    20     0.156
1942    21     0.264
1942    22     0.400
1942    23     0.553
1942    24     0.717
1942    25     0.883
1942    26     1.042
1942    27     1.183
1942    28     1.304
1942    29     1.407
1942    30     1.496
1942    31     1.567
1942    32     1.626
1942    33     1.675
1942    34     1.716
1942    35     1.750
1942    36     1.776
1942    37     1.796
1942    38     1.813
1942    39     1.825
1942    40     1.834
1942    41     1.841
1942    42     1.845
1942    43     1.847
1942    44     1.849
1942    45     1.849
1942    46     1.850
1942    47     1.850
1942    48     1.850
1942    49     1.850
1942    50     1.850
1942    51     1.850
1942    52     1.850
1942    53     1.850
1942    54     1.850
1942    55     1.850
1943    12         .
1943    13     0.000
1943    14     0.000
1943    15     0.000
1943    16     0.002
1943    17     0.009
1943    18     0.034
1943    19     0.085
1943    20     0.168
1943    21     0.281
1943    22     0.419
1943    23     0.575
1943    24     0.739
1943    25     0.898
1943    26     1.044
1943    27     1.171
1943    28     1.282
1943    29     1.380
1943    30     1.461
1943    31     1.529
1943    32     1.587
1943    33     1.635
1943    34     1.676
1943    35     1.708
1943    36     1.734
1943    37     1.755
1943    38     1.772
1943    39     1.784
1943    40     1.793
1943    41     1.799
1943    42     1.803
1943    43     1.806
1943    44     1.807
1943    45     1.808
1943    46     1.808
1943    47     1.809
1943    48     1.809
1943    49     1.809
1943    50     1.809
1943    51     1.809
1943    52     1.809
1943    53     1.809
1943    54     1.809
1943    55     1.809
1944    12     0.000
1944    13     0.000
1944    14     0.000
1944    15     0.000
1944    16     0.002
1944    17     0.012
1944    18     0.039
1944    19     0.096
1944    20     0.186
1944    21     0.306
1944    22     0.449
1944    23     0.609
1944    24     0.769
1944    25     0.916
1944    26     1.046
1944    27     1.162
1944    28     1.266
1944    29     1.355
1944    30     1.431
1944    31     1.497
1944    32     1.555
1944    33     1.603
1944    34     1.642
1944    35     1.674
1944    36     1.701
1944    37     1.723
1944    38     1.740
1944    39     1.752
1944    40     1.761
1944    41     1.767
1944    42     1.771
1944    43     1.774
1944    44     1.775
1944    45     1.776
1944    46     1.777
1944    47     1.777
1944    48     1.777
1944    49     1.777
1944    50     1.777
1944    51     1.777
1944    52     1.777
1944    53     1.777
1944    54     1.777
1944    55     1.777
1945    12     0.000
1945    13     0.000
1945    14     0.000
1945    15     0.000
1945    16     0.003
1945    17     0.014
1945    18     0.046
1945    19     0.110
1945    20     0.209
1945    21     0.336
1945    22     0.487
1945    23     0.646
1945    24     0.794
1945    25     0.924
1945    26     1.046
1945    27     1.156
1945    28     1.252
1945    29     1.337
1945    30     1.414
1945    31     1.482
1945    32     1.541
1945    33     1.590
1945    34     1.631
1945    35     1.666
1945    36     1.695
1945    37     1.718
1945    38     1.735
1945    39     1.748
1945    40     1.757
1945    41     1.763
1945    42     1.768
1945    43     1.770
1945    44     1.772
1945    45     1.773
1945    46     1.774
1945    47     1.774
1945    48     1.774
1945    49     1.774
1945    50     1.774
1945    51     1.774
1945    52     1.774
1945    53     1.774
1945    54     1.774
1945    55     1.774
1946    12     0.000
1946    13     0.000
1946    14     0.000
1946    15     0.001
1946    16     0.003
1946    17     0.015
1946    18     0.050
1946    19     0.119
1946    20     0.226
1946    21     0.364
1946    22     0.519
1946    23     0.671
1946    24     0.807
1946    25     0.934
1946    26     1.052
1946    27     1.156
1946    28     1.251
1946    29     1.338
1946    30     1.416
1946    31     1.486
1946    32     1.544
1946    33     1.594
1946    34     1.636
1946    35     1.672
1946    36     1.701
1946    37     1.723
1946    38     1.739
1946    39     1.751
1946    40     1.761
1946    41     1.767
1946    42     1.772
1946    43     1.775
1946    44     1.777
1946    45     1.778
1946    46     1.778
1946    47     1.778
1946    48     1.778
1946    49     1.778
1946    50     1.778
1946    51     1.778
1946    52     1.778
1946    53     1.778
1946    54     1.778
1946    55     1.778
1947    12     0.000
1947    13     0.000
1947    14     0.000
1947    15     0.001
1947    16     0.003
1947    17     0.015
1947    18     0.050
1947    19     0.120
1947    20     0.229
1947    21     0.365
1947    22     0.510
1947    23     0.647
1947    24     0.776
1947    25     0.897
1947    26     1.007
1947    27     1.109
1947    28     1.205
1947    29     1.295
1947    30     1.376
1947    31     1.447
1947    32     1.507
1947    33     1.560
1947    34     1.605
1947    35     1.641
1947    36     1.670
1947    37     1.693
1947    38     1.710
1947    39     1.723
1947    40     1.732
1947    41     1.739
1947    42     1.744
1947    43     1.747
1947    44     1.749
1947    45     1.750
1947    46     1.750
1947    47     1.750
1947    48     1.750
1947    49     1.750
1947    50     1.750
1947    51     1.750
1947    52     1.750
1947    53     1.750
1947    54     1.750
1947    55     1.750
1948    12     0.000
1948    13     0.000
1948    14     0.000
1948    15     0.001
1948    16     0.003
1948    17     0.015
1948    18     0.050
1948    19     0.122
1948    20     0.231
1948    21     0.360
1948    22     0.492
1948    23     0.619
1948    24     0.741
1948    25     0.854
1948    26     0.961
1948    27     1.065
1948    28     1.163
1948    29     1.255
1948    30     1.338
1948    31     1.411
1948    32     1.476
1948    33     1.531
1948    34     1.577
1948    35     1.614
1948    36     1.643
1948    37     1.666
1948    38     1.684
1948    39     1.698
1948    40     1.708
1948    41     1.716
1948    42     1.721
1948    43     1.724
1948    44     1.726
1948    45     1.727
1948    46     1.727
1948    47     1.727
1948    48     1.727
1948    49     1.728
1948    50     1.728
1948    51     1.728
1948    52     1.728
1948    53     1.728
1948    54     1.728
1948    55     1.728
1949    12     0.000
1949    13     0.000
1949    14     0.000
1949    15     0.001
1949    16     0.003
1949    17     0.015
1949    18     0.052
1949    19     0.124
1949    20     0.230
1949    21     0.350
1949    22     0.473
1949    23     0.594
1949    24     0.705
1949    25     0.814
1949    26     0.923
1949    27     1.030
1949    28     1.131
1949    29     1.224
1949    30     1.309
1949    31     1.386
1949    32     1.454
1949    33     1.511
1949    34     1.557
1949    35     1.594
1949    36     1.624
1949    37     1.649
1949    38     1.668
1949    39     1.683
1949    40     1.694
1949    41     1.702
1949    42     1.707
1949    43     1.710
1949    44     1.712
1949    45     1.713
1949    46     1.713
1949    47     1.714
1949    48     1.714
1949    49     1.714
1949    50     1.714
1949    51     1.714
1949    52     1.714
1949    53     1.714
1949    54     1.714
1949    55     1.714
1950    12     0.000
1950    13     0.000
1950    14     0.000
1950    15     0.001
1950    16     0.003
1950    17     0.015
1950    18     0.052
1950    19     0.124
1950    20     0.224
1950    21     0.336
1950    22     0.449
1950    23     0.557
1950    24     0.666
1950    25     0.776
1950    26     0.887
1950    27     0.995
1950    28     1.097
1950    29     1.192
1950    30     1.281
1950    31     1.362
1950    32     1.431
1950    33     1.488
1950    34     1.534
1950    35     1.572
1950    36     1.604
1950    37     1.631
1950    38     1.652
1950    39     1.667
1950    40     1.679
1950    41     1.687
1950    42     1.693
1950    43     1.696
1950    44     1.698
1950    45     1.699
1950    46     1.700
1950    47     1.700
1950    48     1.700
1950    49     1.700
1950    50     1.700
1950    51     1.700
1950    52     1.700
1950    53     1.700
1950    54     1.700
1950    55     1.700
1951    12     0.000
1951    13     0.000
1951    14     0.000
1951    15     0.001
1951    16     0.003
1951    17     0.015
1951    18     0.054
1951    19     0.127
1951    20     0.223
1951    21     0.325
1951    22     0.423
1951    23     0.523
1951    24     0.628
1951    25     0.735
1951    26     0.843
1951    27     0.949
1951    28     1.050
1951    29     1.148
1951    30     1.238
1951    31     1.318
1951    32     1.385
1951    33     1.441
1951    34     1.487
1951    35     1.527
1951    36     1.561
1951    37     1.588
1951    38     1.610
1951    39     1.626
1951    40     1.638
1951    41     1.646
1951    42     1.651
1951    43     1.655
1951    44     1.656
1951    45     1.657
1951    46     1.658
1951    47     1.658
1951    48     1.658
1951    49     1.658
1951    50     1.658
1951    51     1.658
1951    52     1.658
1951    53     1.658
1951    54     1.658
1951    55     1.658
1952    12     0.000
1952    13     0.000
1952    14     0.000
1952    15     0.000
1952    16     0.003
1952    17     0.016
1952    18     0.055
1952    19     0.126
1952    20     0.214
1952    21     0.302
1952    22     0.393
1952    23     0.490
1952    24     0.593
1952    25     0.700
1952    26     0.808
1952    27     0.914
1952    28     1.020
1952    29     1.121
1952    30     1.213
1952    31     1.293
1952    32     1.360
1952    33     1.417
1952    34     1.466
1952    35     1.509
1952    36     1.545
1952    37     1.574
1952    38     1.596
1952    39     1.614
1952    40     1.626
1952    41     1.634
1952    42     1.640
1952    43     1.643
1952    44     1.645
1952    45     1.646
1952    46     1.647
1952    47     1.647
1952    48     1.647
1952    49     1.647
1952    50     1.647
1952    51     1.647
1952    52     1.647
1952    53     1.647
1952    54     1.647
1952    55     1.647
1953    12     0.000
1953    13     0.000
1953    14     0.000
1953    15     0.001
1953    16     0.003
1953    17     0.017
1953    18     0.058
1953    19     0.125
1953    20     0.200
1953    21     0.280
1953    22     0.367
1953    23     0.463
1953    24     0.564
1953    25     0.668
1953    26     0.774
1953    27     0.883
1953    28     0.991
1953    29     1.091
1953    30     1.181
1953    31     1.260
1953    32     1.329
1953    33     1.389
1953    34     1.442
1953    35     1.488
1953    36     1.526
1953    37     1.556
1953    38     1.579
1953    39     1.596
1953    40     1.608
1953    41     1.617
1953    42     1.622
1953    43     1.626
1953    44     1.628
1953    45     1.629
1953    46     1.629
1953    47     1.630
1953    48     1.630
1953    49     1.630
1953    50     1.630
1953    51     1.630
1953    52     1.630
1953    53     1.630
1953    54     1.630
1953    55     1.630
1954    12     0.000
1954    13     0.000
1954    14     0.000
1954    15     0.001
1954    16     0.004
1954    17     0.019
1954    18     0.059
1954    19     0.116
1954    20     0.182
1954    21     0.257
1954    22     0.340
1954    23     0.431
1954    24     0.527
1954    25     0.630
1954    26     0.739
1954    27     0.850
1954    28     0.956
1954    29     1.054
1954    30     1.142
1954    31     1.221
1954    32     1.293
1954    33     1.357
1954    34     1.413
1954    35     1.460
1954    36     1.499
1954    37     1.530
1954    38     1.554
1954    39     1.572
1954    40     1.584
1954    41     1.593
1954    42     1.599
1954    43     1.602
1954    44     1.605
1954    45     1.606
1954    46     1.606
1954    47     1.606
1954    48     1.607
1954    49     1.607
1954    50     1.607
1954    51     1.607
1954    52     1.607
1954    53     1.607
1954    54     1.607
1954    55     1.607
1955    12     0.000
1955    13     0.000
1955    14     0.000
1955    15     0.001
1955    16     0.004
1955    17     0.020
1955    18     0.056
1955    19     0.107
1955    20     0.170
1955    21     0.243
1955    22     0.326
1955    23     0.416
1955    24     0.512
1955    25     0.618
1955    26     0.731
1955    27     0.842
1955    28     0.948
1955    29     1.046
1955    30     1.136
1955    31     1.220
1955    32     1.298
1955    33     1.366
1955    34     1.424
1955    35     1.473
1955    36     1.514
1955    37     1.546
1955    38     1.570
1955    39     1.587
1955    40     1.600
1955    41     1.609
1955    42     1.615
1955    43     1.619
1955    44     1.621
1955    45     1.622
1955    46     1.623
1955    47     1.623
1955    48     1.623
1955    49     1.623
1955    50     1.623
1955    51     1.623
1955    52     1.623
1955    53     1.623
1955    54     1.623
1955    55     1.623
1956    12     0.000
1956    13     0.000
1956    14     0.000
1956    15     0.001
1956    16     0.004
1956    17     0.019
1956    18     0.050
1956    19     0.096
1956    20     0.155
1956    21     0.225
1956    22     0.304
1956    23     0.391
1956    24     0.489
1956    25     0.597
1956    26     0.708
1956    27     0.817
1956    28     0.921
1956    29     1.019
1956    30     1.114
1956    31     1.203
1956    32     1.284
1956    33     1.355
1956    34     1.416
1956    35     1.467
1956    36     1.508
1956    37     1.540
1956    38     1.564
1956    39     1.582
1956    40     1.596
1956    41     1.606
1956    42     1.612
1956    43     1.616
1956    44     1.619
1956    45     1.620
1956    46     1.620
1956    47     1.621
1956    48     1.621
1956    49     1.621
1956    50     1.621
1956    51     1.621
1956    52     1.621
1956    53     1.621
1956    54     1.621
1956    55     1.621
1957    12     0.000
1957    13     0.000
1957    14     0.000
1957    15     0.001
1957    16     0.004
1957    17     0.018
1957    18     0.045
1957    19     0.086
1957    20     0.141
1957    21     0.206
1957    22     0.279
1957    23     0.365
1957    24     0.463
1957    25     0.568
1957    26     0.676
1957    27     0.783
1957    28     0.887
1957    29     0.989
1957    30     1.087
1957    31     1.180
1957    32     1.262
1957    33     1.335
1957    34     1.397
1957    35     1.448
1957    36     1.489
1957    37     1.521
1957    38     1.545
1957    39     1.564
1957    40     1.579
1957    41     1.589
1957    42     1.595
1957    43     1.600
1957    44     1.602
1957    45     1.603
1957    46     1.604
1957    47     1.604
1957    48     1.604
1957    49     1.605
1957    50     1.605
1957    51     1.605
1957    52     1.605
1957    53     1.605
1957    54     1.605
1957    55     1.605
1958    12     0.000
1958    13     0.000
1958    14     0.000
1958    15     0.001
1958    16     0.004
1958    17     0.015
1958    18     0.039
1958    19     0.076
1958    20     0.128
1958    21     0.189
1958    22     0.263
1958    23     0.350
1958    24     0.446
1958    25     0.548
1958    26     0.653
1958    27     0.759
1958    28     0.866
1958    29     0.974
1958    30     1.077
1958    31     1.172
1958    32     1.258
1958    33     1.333
1958    34     1.395
1958    35     1.447
1958    36     1.488
1958    37     1.521
1958    38     1.546
1958    39     1.567
1958    40     1.582
1958    41     1.592
1958    42     1.599
1958    43     1.603
1958    44     1.606
1958    45     1.607
1958    46     1.608
1958    47     1.608
1958    48     1.608
1958    49     1.608
1958    50     1.608
1958    51     1.608
1958    52     1.608
1958    53     1.608
1958    54     1.608
1958    55     1.608
1959    12     0.000
1959    13     0.000
1959    14     0.000
1959    15     0.001
1959    16     0.004
1959    17     0.013
1959    18     0.034
1959    19     0.069
1959    20     0.117
1959    21     0.179
1959    22     0.254
1959    23     0.339
1959    24     0.431
1959    25     0.528
1959    26     0.631
1959    27     0.739
1959    28     0.851
1959    29     0.961
1959    30     1.066
1959    31     1.163
1959    32     1.251
1959    33     1.325
1959    34     1.387
1959    35     1.439
1959    36     1.481
1959    37     1.515
1959    38     1.542
1959    39     1.563
1959    40     1.579
1959    41     1.590
1959    42     1.597
1959    43     1.601
1959    44     1.604
1959    45     1.605
1959    46     1.606
1959    47     1.606
1959    48     1.606
1959    49     1.606
1959    50     1.606
1959    51     1.606
1959    52     1.606
1959    53     1.606
1959    54     1.606
1959    55     1.606
1960    12     0.000
1960    13     0.000
1960    14     0.000
1960    15     0.001
1960    16     0.003
1960    17     0.012
1960    18     0.031
1960    19     0.064
1960    20     0.112
1960    21     0.174
1960    22     0.246
1960    23     0.326
1960    24     0.413
1960    25     0.506
1960    26     0.610
1960    27     0.720
1960    28     0.834
1960    29     0.946
1960    30     1.053
1960    31     1.152
1960    32     1.240
1960    33     1.315
1960    34     1.379
1960    35     1.431
1960    36     1.476
1960    37     1.513
1960    38     1.542
1960    39     1.564
1960    40     1.580
1960    41     1.592
1960    42     1.599
1960    43     1.604
1960    44     1.606
1960    45     1.608
1960    46     1.608
1960    47     1.609
1960    48     1.609
1960    49     1.609
1960    50     1.609
1960    51     1.609
1960    52     1.609
1960    53     1.609
1960    54     1.609
1960    55     1.609
1961    12     0.000
1961    13     0.000
1961    14     0.000
1961    15     0.001
1961    16     0.003
1961    17     0.010
1961    18     0.027
1961    19     0.057
1961    20     0.102
1961    21     0.159
1961    22     0.224
1961    23     0.297
1961    24     0.377
1961    25     0.470
1961    26     0.575
1961    27     0.687
1961    28     0.801
1961    29     0.913
1961    30     1.023
1961    31     1.121
1961    32     1.209
1961    33     1.284
1961    34     1.348
1961    35     1.402
1961    36     1.450
1961    37     1.488
1961    38     1.518
1961    39     1.540
1961    40     1.557
1961    41     1.569
1961    42     1.577
1961    43     1.581
1961    44     1.584
1961    45     1.586
1961    46     1.586
1961    47     1.587
1961    48     1.587
1961    49     1.587
1961    50     1.587
1961    51     1.587
1961    52     1.587
1961    53     1.587
1961    54     1.587
1961    55     1.587
1962    12     0.000
1962    13     0.000
1962    14     0.000
1962    15     0.000
1962    16     0.002
1962    17     0.009
1962    18     0.026
1962    19     0.055
1962    20     0.097
1962    21     0.148
1962    22     0.207
1962    23     0.273
1962    24     0.352
1962    25     0.444
1962    26     0.549
1962    27     0.660
1962    28     0.775
1962    29     0.889
1962    30     0.995
1962    31     1.094
1962    32     1.182
1962    33     1.257
1962    34     1.324
1962    35     1.382
1962    36     1.432
1962    37     1.471
1962    38     1.502
1962    39     1.525
1962    40     1.542
1962    41     1.554
1962    42     1.562
1962    43     1.567
1962    44     1.570
1962    45     1.572
1962    46     1.573
1962    47     1.573
1962    48     1.573
1962    49     1.574
1962    50     1.574
1962    51     1.574
1962    52     1.574
1962    53     1.574
1962    54     1.574
1962    55     1.574
1963    12     0.000
1963    13     0.000
1963    14     0.000
1963    15     0.000
1963    16     0.002
1963    17     0.009
1963    18     0.024
1963    19     0.049
1963    20     0.086
1963    21     0.130
1963    22     0.181
1963    23     0.245
1963    24     0.322
1963    25     0.413
1963    26     0.516
1963    27     0.627
1963    28     0.741
1963    29     0.852
1963    30     0.959
1963    31     1.058
1963    32     1.145
1963    33     1.224
1963    34     1.295
1963    35     1.356
1963    36     1.406
1963    37     1.447
1963    38     1.478
1963    39     1.502
1963    40     1.520
1963    41     1.533
1963    42     1.542
1963    43     1.547
1963    44     1.550
1963    45     1.552
1963    46     1.553
1963    47     1.553
1963    48     1.554
1963    49     1.554
1963    50     1.554
1963    51     1.554
1963    52     1.554
1963    53     1.554
1963    54     1.554
1963    55         .
1964    12     0.000
1964    13     0.000
1964    14     0.000
1964    15     0.000
1964    16     0.002
1964    17     0.008
1964    18     0.022
1964    19     0.044
1964    20     0.075
1964    21     0.115
1964    22     0.165
1964    23     0.227
1964    24     0.303
1964    25     0.392
1964    26     0.493
1964    27     0.603
1964    28     0.714
1964    29     0.822
1964    30     0.927
1964    31     1.025
1964    32     1.116
1964    33     1.199
1964    34     1.272
1964    35     1.333
1964    36     1.385
1964    37     1.427
1964    38     1.459
1964    39     1.484
1964    40     1.503
1964    41     1.517
1964    42     1.526
1964    43     1.531
1964    44     1.535
1964    45     1.537
1964    46     1.538
1964    47     1.538
1964    48     1.538
1964    49     1.539
1964    50     1.539
1964    51     1.539
1964    52     1.539
1964    53     1.539
1964    54         .
1964    55         .
1965    12     0.000
1965    13     0.000
1965    14     0.000
1965    15     0.000
1965    16     0.002
1965    17     0.007
1965    18     0.018
1965    19     0.037
1965    20     0.065
1965    21     0.102
1965    22     0.151
1965    23     0.212
1965    24     0.286
1965    25     0.373
1965    26     0.472
1965    27     0.576
1965    28     0.684
1965    29     0.791
1965    30     0.894
1965    31     0.994
1965    32     1.090
1965    33     1.176
1965    34     1.251
1965    35     1.314
1965    36     1.367
1965    37     1.410
1965    38     1.444
1965    39     1.471
1965    40     1.492
1965    41     1.506
1965    42     1.516
1965    43     1.522
1965    44     1.526
1965    45     1.528
1965    46     1.529
1965    47     1.530
1965    48     1.530
1965    49     1.530
1965    50     1.530
1965    51     1.530
1965    52     1.530
1965    53         .
1965    54         .
1965    55         .
1966    12     0.000
1966    13     0.000
1966    14     0.000
1966    15     0.000
1966    16     0.002
1966    17     0.006
1966    18     0.015
1966    19     0.032
1966    20     0.058
1966    21     0.095
1966    22     0.143
1966    23     0.202
1966    24     0.274
1966    25     0.358
1966    26     0.450
1966    27     0.549
1966    28     0.652
1966    29     0.755
1966    30     0.859
1966    31     0.963
1966    32     1.060
1966    33     1.145
1966    34     1.220
1966    35     1.285
1966    36     1.339
1966    37     1.384
1966    38     1.420
1966    39     1.448
1966    40     1.469
1966    41     1.485
1966    42     1.496
1966    43     1.502
1966    44     1.506
1966    45     1.508
1966    46     1.509
1966    47     1.510
1966    48     1.510
1966    49     1.510
1966    50     1.510
1966    51     1.510
1966    52         .
1966    53         .
1966    54         .
1966    55         .
1967    12     0.000
1967    13     0.000
1967    14     0.000
1967    15     0.000
1967    16     0.002
1967    17     0.005
1967    18     0.014
1967    19     0.029
1967    20     0.055
1967    21     0.091
1967    22     0.137
1967    23     0.194
1967    24     0.263
1967    25     0.341
1967    26     0.428
1967    27     0.521
1967    28     0.618
1967    29     0.721
1967    30     0.827
1967    31     0.930
1967    32     1.025
1967    33     1.111
1967    34     1.187
1967    35     1.253
1967    36     1.309
1967    37     1.355
1967    38     1.393
1967    39     1.422
1967    40     1.445
1967    41     1.462
1967    42     1.474
1967    43     1.480
1967    44     1.484
1967    45     1.486
1967    46     1.488
1967    47     1.488
1967    48     1.488
1967    49     1.489
1967    50     1.489
1967    51         .
1967    52         .
1967    53         .
1967    54         .
1967    55         .
1968    12     0.000
1968    13     0.000
1968    14     0.000
1968    15     0.000
1968    16     0.001
1968    17     0.005
1968    18     0.013
1968    19     0.029
1968    20     0.056
1968    21     0.093
1968    22     0.141
1968    23     0.199
1968    24     0.265
1968    25     0.341
1968    26     0.424
1968    27     0.513
1968    28     0.610
1968    29     0.713
1968    30     0.818
1968    31     0.919
1968    32     1.014
1968    33     1.099
1968    34     1.175
1968    35     1.242
1968    36     1.300
1968    37     1.348
1968    38     1.386
1968    39     1.417
1968    40     1.442
1968    41     1.460
1968    42     1.472
1968    43     1.479
1968    44     1.483
1968    45     1.485
1968    46     1.487
1968    47     1.487
1968    48     1.488
1968    49     1.488
1968    50         .
1968    51         .
1968    52         .
1968    53         .
1968    54         .
1968    55         .
1969    12     0.000
1969    13     0.000
1969    14     0.000
1969    15     0.000
1969    16     0.001
1969    17     0.005
1969    18     0.014
1969    19     0.032
1969    20     0.060
1969    21     0.100
1969    22     0.150
1969    23     0.208
1969    24     0.274
1969    25     0.347
1969    26     0.427
1969    27     0.517
1969    28     0.615
1969    29     0.719
1969    30     0.821
1969    31     0.920
1969    32     1.014
1969    33     1.099
1969    34     1.176
1969    35     1.244
1969    36     1.304
1969    37     1.353
1969    38     1.394
1969    39     1.427
1969    40     1.452
1969    41     1.471
1969    42     1.484
1969    43     1.491
1969    44     1.496
1969    45     1.498
1969    46     1.499
1969    47     1.500
1969    48     1.500
1969    49         .
1969    50         .
1969    51         .
1969    52         .
1969    53         .
1969    54         .
1969    55         .
1970    12     0.000
1970    13     0.000
1970    14     0.000
1970    15     0.000
1970    16     0.002
1970    17     0.006
1970    18     0.016
1970    19     0.035
1970    20     0.067
1970    21     0.109
1970    22     0.160
1970    23     0.219
1970    24     0.284
1970    25     0.356
1970    26     0.438
1970    27     0.530
1970    28     0.629
1970    29     0.729
1970    30     0.830
1970    31     0.928
1970    32     1.020
1970    33     1.106
1970    34     1.185
1970    35     1.255
1970    36     1.316
1970    37     1.368
1970    38     1.412
1970    39     1.447
1970    40     1.474
1970    41     1.494
1970    42     1.508
1970    43     1.516
1970    44     1.520
1970    45     1.523
1970    46     1.524
1970    47     1.525
1970    48         .
1970    49         .
1970    50         .
1970    51         .
1970    52         .
1970    53         .
1970    54         .
1970    55         .
1971    12     0.000
1971    13     0.000
1971    14     0.000
1971    15     0.000
1971    16     0.002
1971    17     0.006
1971    18     0.017
1971    19     0.037
1971    20     0.070
1971    21     0.113
1971    22     0.164
1971    23     0.221
1971    24     0.284
1971    25     0.356
1971    26     0.439
1971    27     0.529
1971    28     0.624
1971    29     0.722
1971    30     0.821
1971    31     0.918
1971    32     1.010
1971    33     1.097
1971    34     1.178
1971    35     1.250
1971    36     1.313
1971    37     1.369
1971    38     1.414
1971    39     1.450
1971    40     1.479
1971    41     1.499
1971    42     1.513
1971    43     1.521
1971    44     1.526
1971    45     1.529
1971    46     1.531
1971    47         .
1971    48         .
1971    49         .
1971    50         .
1971    51         .
1971    52         .
1971    53         .
1971    54         .
1971    55         .
1972    12     0.000
1972    13     0.000
1972    14     0.000
1972    15     0.000
1972    16     0.002
1972    17     0.007
1972    18     0.018
1972    19     0.041
1972    20     0.075
1972    21     0.119
1972    22     0.170
1972    23     0.227
1972    24     0.291
1972    25     0.366
1972    26     0.449
1972    27     0.538
1972    28     0.632
1972    29     0.729
1972    30     0.826
1972    31     0.922
1972    32     1.016
1972    33     1.105
1972    34     1.185
1972    35     1.259
1972    36     1.327
1972    37     1.385
1972    38     1.432
1972    39     1.470
1972    40     1.500
1972    41     1.522
1972    42     1.536
1972    43     1.546
1972    44     1.551
1972    45     1.554
1972    46         .
1972    47         .
1972    48         .
1972    49         .
1972    50         .
1972    51         .
1972    52         .
1972    53         .
1972    54         .
1972    55         .
1973    12     0.000
1973    13     0.000
1973    14     0.000
1973    15     0.000
1973    16     0.002
1973    17     0.008
1973    18     0.020
1973    19     0.044
1973    20     0.080
1973    21     0.124
1973    22     0.175
1973    23     0.235
1973    24     0.304
1973    25     0.380
1973    26     0.463
1973    27     0.553
1973    28     0.646
1973    29     0.741
1973    30     0.839
1973    31     0.936
1973    32     1.031
1973    33     1.120
1973    34     1.204
1973    35     1.282
1973    36     1.351
1973    37     1.410
1973    38     1.460
1973    39     1.499
1973    40     1.530
1973    41     1.553
1973    42     1.568
1973    43     1.578
1973    44     1.584
1973    45         .
1973    46         .
1973    47         .
1973    48         .
1973    49         .
1973    50         .
1973    51         .
1973    52         .
1973    53         .
1973    54         .
1973    55         .
1974    12     0.000
1974    13     0.000
1974    14     0.000
1974    15     0.001
1974    16     0.002
1974    17     0.008
1974    18     0.020
1974    19     0.043
1974    20     0.077
1974    21     0.119
1974    22     0.171
1974    23     0.232
1974    24     0.300
1974    25     0.375
1974    26     0.458
1974    27     0.546
1974    28     0.636
1974    29     0.731
1974    30     0.828
1974    31     0.926
1974    32     1.021
1974    33     1.112
1974    34     1.200
1974    35     1.279
1974    36     1.350
1974    37     1.412
1974    38     1.462
1974    39     1.504
1974    40     1.537
1974    41     1.562
1974    42     1.579
1974    43     1.589
1974    44         .
1974    45         .
1974    46         .
1974    47         .
1974    48         .
1974    49         .
1974    50         .
1974    51         .
1974    52         .
1974    53         .
1974    54         .
1974    55         .
1975    12     0.000
1975    13     0.000
1975    14     0.000
1975    15     0.001
1975    16     0.002
1975    17     0.008
1975    18     0.020
1975    19     0.041
1975    20     0.072
1975    21     0.115
1975    22     0.167
1975    23     0.229
1975    24     0.296
1975    25     0.371
1975    26     0.452
1975    27     0.536
1975    28     0.625
1975    29     0.719
1975    30     0.816
1975    31     0.912
1975    32     1.008
1975    33     1.103
1975    34     1.191
1975    35     1.273
1975    36     1.347
1975    37     1.410
1975    38     1.463
1975    39     1.506
1975    40     1.541
1975    41     1.568
1975    42     1.585
1975    43         .
1975    44         .
1975    45         .
1975    46         .
1975    47         .
1975    48         .
1975    49         .
1975    50         .
1975    51         .
1975    52         .
1975    53         .
1975    54         .
1975    55         .
1976    12     0.000
1976    13     0.000
1976    14     0.000
1976    15     0.001
1976    16     0.002
1976    17     0.008
1976    18     0.019
1976    19     0.038
1976    20     0.069
1976    21     0.110
1976    22     0.161
1976    23     0.220
1976    24     0.285
1976    25     0.357
1976    26     0.434
1976    27     0.517
1976    28     0.605
1976    29     0.697
1976    30     0.793
1976    31     0.891
1976    32     0.989
1976    33     1.084
1976    34     1.174
1976    35     1.257
1976    36     1.332
1976    37     1.397
1976    38     1.452
1976    39     1.497
1976    40     1.534
1976    41     1.561
1976    42         .
1976    43         .
1976    44         .
1976    45         .
1976    46         .
1976    47         .
1976    48         .
1976    49         .
1976    50         .
1976    51         .
1976    52         .
1976    53         .
1976    54         .
1976    55         .
1977    12     0.000
1977    13     0.000
1977    14     0.000
1977    15     0.001
1977    16     0.002
1977    17     0.007
1977    18     0.018
1977    19     0.037
1977    20     0.068
1977    21     0.109
1977    22     0.160
1977    23     0.218
1977    24     0.283
1977    25     0.353
1977    26     0.429
1977    27     0.511
1977    28     0.598
1977    29     0.689
1977    30     0.785
1977    31     0.885
1977    32     0.983
1977    33     1.079
1977    34     1.171
1977    35     1.255
1977    36     1.332
1977    37     1.399
1977    38     1.456
1977    39     1.504
1977    40     1.542
1977    41         .
1977    42         .
1977    43         .
1977    44         .
1977    45         .
1977    46         .
1977    47         .
1977    48         .
1977    49         .
1977    50         .
1977    51         .
1977    52         .
1977    53         .
1977    54         .
1977    55         .
1978    12     0.000
1978    13     0.000
1978    14     0.000
1978    15     0.001
1978    16     0.002
1978    17     0.007
1978    18     0.017
1978    19     0.037
1978    20     0.068
1978    21     0.109
1978    22     0.158
1978    23     0.215
1978    24     0.277
1978    25     0.346
1978    26     0.421
1978    27     0.502
1978    28     0.588
1978    29     0.680
1978    30     0.777
1978    31     0.877
1978    32     0.976
1978    33     1.073
1978    34     1.165
1978    35     1.252
1978    36     1.332
1978    37     1.402
1978    38     1.462
1978    39     1.512
1978    40         .
1978    41         .
1978    42         .
1978    43         .
1978    44         .
1978    45         .
1978    46         .
1978    47         .
1978    48         .
1978    49         .
1978    50         .
1978    51         .
1978    52         .
1978    53         .
1978    54         .
1978    55         .
1979    12     0.000
1979    13     0.000
1979    14     0.000
1979    15     0.001
1979    16     0.002
1979    17     0.007
1979    18     0.017
1979    19     0.037
1979    20     0.068
1979    21     0.108
1979    22     0.157
1979    23     0.213
1979    24     0.273
1979    25     0.339
1979    26     0.413
1979    27     0.491
1979    28     0.576
1979    29     0.668
1979    30     0.764
1979    31     0.864
1979    32     0.966
1979    33     1.064
1979    34     1.160
1979    35     1.250
1979    36     1.334
1979    37     1.409
1979    38     1.471
1979    39         .
1979    40         .
1979    41         .
1979    42         .
1979    43         .
1979    44         .
1979    45         .
1979    46         .
1979    47         .
1979    48         .
1979    49         .
1979    50         .
1979    51         .
1979    52         .
1979    53         .
1979    54         .
1979    55         .
1980    12     0.000
1980    13     0.000
1980    14     0.000
1980    15     0.001
1980    16     0.002
1980    17     0.007
1980    18     0.017
1980    19     0.036
1980    20     0.066
1980    21     0.106
1980    22     0.153
1980    23     0.205
1980    24     0.263
1980    25     0.328
1980    26     0.399
1980    27     0.477
1980    28     0.562
1980    29     0.652
1980    30     0.748
1980    31     0.849
1980    32     0.951
1980    33     1.051
1980    34     1.149
1980    35     1.243
1980    36     1.330
1980    37     1.407
1980    38         .
1980    39         .
1980    40         .
1980    41         .
1980    42         .
1980    43         .
1980    44         .
1980    45         .
1980    46         .
1980    47         .
1980    48         .
1980    49         .
1980    50         .
1980    51         .
1980    52         .
1980    53         .
1980    54         .
1980    55         .
1981    12     0.000
1981    13     0.000
1981    14     0.000
1981    15     0.001
1981    16     0.002
1981    17     0.006
1981    18     0.016
1981    19     0.036
1981    20     0.066
1981    21     0.104
1981    22     0.149
1981    23     0.200
1981    24     0.256
1981    25     0.318
1981    26     0.388
1981    27     0.465
1981    28     0.548
1981    29     0.637
1981    30     0.733
1981    31     0.834
1981    32     0.938
1981    33     1.043
1981    34     1.145
1981    35     1.244
1981    36     1.334
1981    37         .
1981    38         .
1981    39         .
1981    40         .
1981    41         .
1981    42         .
1981    43         .
1981    44         .
1981    45         .
1981    46         .
1981    47         .
1981    48         .
1981    49         .
1981    50         .
1981    51         .
1981    52         .
1981    53         .
1981    54         .
1981    55         .
1982    12     0.000
1982    13     0.000
1982    14     0.000
1982    15     0.001
1982    16     0.002
1982    17     0.006
1982    18     0.016
1982    19     0.035
1982    20     0.064
1982    21     0.100
1982    22     0.142
1982    23     0.191
1982    24     0.244
1982    25     0.304
1982    26     0.372
1982    27     0.446
1982    28     0.527
1982    29     0.617
1982    30     0.713
1982    31     0.816
1982    32     0.923
1982    33     1.033
1982    34     1.140
1982    35     1.241
1982    36         .
1982    37         .
1982    38         .
1982    39         .
1982    40         .
1982    41         .
1982    42         .
1982    43         .
1982    44         .
1982    45         .
1982    46         .
1982    47         .
1982    48         .
1982    49         .
1982    50         .
1982    51         .
1982    52         .
1982    53         .
1982    54         .
1982    55         .
1983    12     0.000
1983    13     0.000
1983    14     0.000
1983    15     0.001
1983    16     0.002
1983    17     0.007
1983    18     0.017
1983    19     0.035
1983    20     0.062
1983    21     0.095
1983    22     0.135
1983    23     0.181
1983    24     0.232
1983    25     0.289
1983    26     0.354
1983    27     0.426
1983    28     0.507
1983    29     0.594
1983    30     0.690
1983    31     0.795
1983    32     0.906
1983    33     1.018
1983    34     1.128
1983    35         .
1983    36         .
1983    37         .
1983    38         .
1983    39         .
1983    40         .
1983    41         .
1983    42         .
1983    43         .
1983    44         .
1983    45         .
1983    46         .
1983    47         .
1983    48         .
1983    49         .
1983    50         .
1983    51         .
1983    52         .
1983    53         .
1983    54         .
1983    55         .
1984    12     0.000
1984    13     0.000
1984    14     0.000
1984    15     0.001
1984    16     0.002
1984    17     0.007
1984    18     0.017
1984    19     0.034
1984    20     0.060
1984    21     0.093
1984    22     0.131
1984    23     0.175
1984    24     0.225
1984    25     0.281
1984    26     0.345
1984    27     0.416
1984    28     0.495
1984    29     0.583
1984    30     0.682
1984    31     0.791
1984    32     0.907
1984    33     1.024
1984    34         .
1984    35         .
1984    36         .
1984    37         .
1984    38         .
1984    39         .
1984    40         .
1984    41         .
1984    42         .
1984    43         .
1984    44         .
1984    45         .
1984    46         .
1984    47         .
1984    48         .
1984    49         .
1984    50         .
1984    51         .
1984    52         .
1984    53         .
1984    54         .
1984    55         .
1985    12     0.000
1985    13     0.000
1985    14     0.000
1985    15     0.001
1985    16     0.002
1985    17     0.007
1985    18     0.017
1985    19     0.033
1985    20     0.058
1985    21     0.089
1985    22     0.127
1985    23     0.169
1985    24     0.217
1985    25     0.271
1985    26     0.333
1985    27     0.403
1985    28     0.481
1985    29     0.572
1985    30     0.673
1985    31     0.786
1985    32     0.906
1985    33         .
1985    34         .
1985    35         .
1985    36         .
1985    37         .
1985    38         .
1985    39         .
1985    40         .
1985    41         .
1985    42         .
1985    43         .
1985    44         .
1985    45         .
1985    46         .
1985    47         .
1985    48         .
1985    49         .
1985    50         .
1985    51         .
1985    52         .
1985    53         .
1985    54         .
1985    55         .
1986    12     0.000
1986    13     0.000
1986    14     0.000
1986    15     0.000
1986    16     0.002
1986    17     0.007
1986    18     0.016
1986    19     0.031
1986    20     0.055
1986    21     0.085
1986    22     0.120
1986    23     0.159
1986    24     0.205
1986    25     0.257
1986    26     0.317
1986    27     0.386
1986    28     0.465
1986    29     0.558
1986    30     0.663
1986    31     0.778
1986    32         .
1986    33         .
1986    34         .
1986    35         .
1986    36         .
1986    37         .
1986    38         .
1986    39         .
1986    40         .
1986    41         .
1986    42         .
1986    43         .
1986    44         .
1986    45         .
1986    46         .
1986    47         .
1986    48         .
1986    49         .
1986    50         .
1986    51         .
1986    52         .
1986    53         .
1986    54         .
1986    55         .
1987    12     0.000
1987    13     0.000
1987    14     0.000
1987    15     0.001
1987    16     0.002
1987    17     0.006
1987    18     0.015
1987    19     0.029
1987    20     0.051
1987    21     0.079
1987    22     0.113
1987    23     0.151
1987    24     0.194
1987    25     0.244
1987    26     0.303
1987    27     0.372
1987    28     0.453
1987    29     0.549
1987    30     0.657
1987    31         .
1987    32         .
1987    33         .
1987    34         .
1987    35         .
1987    36         .
1987    37         .
1987    38         .
1987    39         .
1987    40         .
1987    41         .
1987    42         .
1987    43         .
1987    44         .
1987    45         .
1987    46         .
1987    47         .
1987    48         .
1987    49         .
1987    50         .
1987    51         .
1987    52         .
1987    53         .
1987    54         .
1987    55         .
1988    12     0.000
1988    13     0.000
1988    14     0.000
1988    15     0.000
1988    16     0.002
1988    17     0.006
1988    18     0.014
1988    19     0.027
1988    20     0.048
1988    21     0.075
1988    22     0.107
1988    23     0.143
1988    24     0.185
1988    25     0.234
1988    26     0.292
1988    27     0.363
1988    28     0.446
1988    29     0.543
1988    30         .
1988    31         .
1988    32         .
1988    33         .
1988    34         .
1988    35         .
1988    36         .
1988    37         .
1988    38         .
1988    39         .
1988    40         .
1988    41         .
1988    42         .
1988    43         .
1988    44         .
1988    45         .
1988    46         .
1988    47         .
1988    48         .
1988    49         .
1988    50         .
1988    51         .
1988    52         .
1988    53         .
1988    54         .
1988    55         .
1989    12     0.000
1989    13     0.000
1989    14     0.000
1989    15     0.000
1989    16     0.002
1989    17     0.006
1989    18     0.013
1989    19     0.026
1989    20     0.045
1989    21     0.071
1989    22     0.100
1989    23     0.135
1989    24     0.175
1989    25     0.223
1989    26     0.282
1989    27     0.354
1989    28     0.439
1989    29         .
1989    30         .
1989    31         .
1989    32         .
1989    33         .
1989    34         .
1989    35         .
1989    36         .
1989    37         .
1989    38         .
1989    39         .
1989    40         .
1989    41         .
1989    42         .
1989    43         .
1989    44         .
1989    45         .
1989    46         .
1989    47         .
1989    48         .
1989    49         .
1989    50         .
1989    51         .
1989    52         .
1989    53         .
1989    54         .
1989    55         .
1990    12     0.000
1990    13     0.000
1990    14     0.000
1990    15     0.000
1990    16     0.002
1990    17     0.005
1990    18     0.012
1990    19     0.024
1990    20     0.043
1990    21     0.066
1990    22     0.095
1990    23     0.129
1990    24     0.169
1990    25     0.217
1990    26     0.278
1990    27     0.351
1990    28         .
1990    29         .
1990    30         .
1990    31         .
1990    32         .
1990    33         .
1990    34         .
1990    35         .
1990    36         .
1990    37         .
1990    38         .
1990    39         .
1990    40         .
1990    41         .
1990    42         .
1990    43         .
1990    44         .
1990    45         .
1990    46         .
1990    47         .
1990    48         .
1990    49         .
1990    50         .
1990    51         .
1990    52         .
1990    53         .
1990    54         .
1990    55         .
1991    12     0.000
1991    13     0.000
1991    14     0.000
1991    15     0.000
1991    16     0.002
1991    17     0.005
1991    18     0.012
1991    19     0.023
1991    20     0.040
1991    21     0.063
1991    22     0.090
1991    23     0.123
1991    24     0.163
1991    25     0.213
1991    26     0.273
1991    27         .
1991    28         .
1991    29         .
1991    30         .
1991    31         .
1991    32         .
1991    33         .
1991    34         .
1991    35         .
1991    36         .
1991    37         .
1991    38         .
1991    39         .
1991    40         .
1991    41         .
1991    42         .
1991    43         .
1991    44         .
1991    45         .
1991    46         .
1991    47         .
1991    48         .
1991    49         .
1991    50         .
1991    51         .
1991    52         .
1991    53         .
1991    54         .
1991    55         .
1992    12     0.000
1992    13     0.000
1992    14     0.000
1992    15     0.000
1992    16     0.002
1992    17     0.005
1992    18     0.011
1992    19     0.022
1992    20     0.039
1992    21     0.061
1992    22     0.088
1992    23     0.121
1992    24     0.163
1992    25     0.213
1992    26         .
1992    27         .
1992    28         .
1992    29         .
1992    30         .
1992    31         .
1992    32         .
1992    33         .
1992    34         .
1992    35         .
1992    36         .
1992    37         .
1992    38         .
1992    39         .
1992    40         .
1992    41         .
1992    42         .
1992    43         .
1992    44         .
1992    45         .
1992    46         .
1992    47         .
1992    48         .
1992    49         .
1992    50         .
1992    51         .
1992    52         .
1992    53         .
1992    54         .
1992    55         .
1993    12     0.000
1993    13     0.000
1993    14     0.000
1993    15     0.000
1993    16     0.002
1993    17     0.005
1993    18     0.010
1993    19     0.020
1993    20     0.036
1993    21     0.058
1993    22     0.084
1993    23     0.119
1993    24     0.160
1993    25         .
1993    26         .
1993    27         .
1993    28         .
1993    29         .
1993    30         .
1993    31         .
1993    32         .
1993    33         .
1993    34         .
1993    35         .
1993    36         .
1993    37         .
1993    38         .
1993    39         .
1993    40         .
1993    41         .
1993    42         .
1993    43         .
1993    44         .
1993    45         .
1993    46         .
1993    47         .
1993    48         .
1993    49         .
1993    50         .
1993    51         .
1993    52         .
1993    53         .
1993    54         .
1993    55         .
1994    12     0.000
1994    13     0.000
1994    14     0.000
1994    15     0.000
1994    16     0.001
1994    17     0.004
1994    18     0.010
1994    19     0.020
1994    20     0.035
1994    21     0.057
1994    22     0.086
1994    23     0.122
1994    24         .
1994    25         .
1994    26         .
1994    27         .
1994    28         .
1994    29         .
1994    30         .
1994    31         .
1994    32         .
1994    33         .
1994    34         .
1994    35         .
1994    36         .
1994    37         .
1994    38         .
1994    39         .
1994    40         .
1994    41         .
1994    42         .
1994    43         .
1994    44         .
1994    45         .
1994    46         .
1994    47         .
1994    48         .
1994    49         .
1994    50         .
1994    51         .
1994    52         .
1994    53         .
1994    54         .
1994    55         .
1995    12     0.000
1995    13     0.000
1995    14     0.000
1995    15     0.000
1995    16     0.001
1995    17     0.004
1995    18     0.010
1995    19     0.020
1995    20     0.036
1995    21     0.060
1995    22     0.090
1995    23         .
1995    24         .
1995    25         .
1995    26         .
1995    27         .
1995    28         .
1995    29         .
1995    30         .
1995    31         .
1995    32         .
1995    33         .
1995    34         .
1995    35         .
1995    36         .
1995    37         .
1995    38         .
1995    39         .
1995    40         .
1995    41         .
1995    42         .
1995    43         .
1995    44         .
1995    45         .
1995    46         .
1995    47         .
1995    48         .
1995    49         .
1995    50         .
1995    51         .
1995    52         .
1995    53         .
1995    54         .
1995    55         .
1996    12     0.000
1996    13     0.000
1996    14     0.000
1996    15     0.000
1996    16     0.001
1996    17     0.004
1996    18     0.009
1996    19     0.019
1996    20     0.037
1996    21     0.060
1996    22         .
1996    23         .
1996    24         .
1996    25         .
1996    26         .
1996    27         .
1996    28         .
1996    29         .
1996    30         .
1996    31         .
1996    32         .
1996    33         .
1996    34         .
1996    35         .
1996    36         .
1996    37         .
1996    38         .
1996    39         .
1996    40         .
1996    41         .
1996    42         .
1996    43         .
1996    44         .
1996    45         .
1996    46         .
1996    47         .
1996    48         .
1996    49         .
1996    50         .
1996    51         .
1996    52         .
1996    53         .
1996    54         .
1996    55         .
1997    12     0.000
1997    13     0.000
1997    14     0.000
1997    15     0.000
1997    16     0.001
1997    17     0.004
1997    18     0.009
1997    19     0.020
1997    20     0.038
1997    21         .
1997    22         .
1997    23         .
1997    24         .
1997    25         .
1997    26         .
1997    27         .
1997    28         .
1997    29         .
1997    30         .
1997    31         .
1997    32         .
1997    33         .
1997    34         .
1997    35         .
1997    36         .
1997    37         .
1997    38         .
1997    39         .
1997    40         .
1997    41         .
1997    42         .
1997    43         .
1997    44         .
1997    45         .
1997    46         .
1997    47         .
1997    48         .
1997    49         .
1997    50         .
1997    51         .
1997    52         .
1997    53         .
1997    54         .
1997    55         .
1998    12     0.000
1998    13     0.000
1998    14     0.000
1998    15     0.000
1998    16     0.001
1998    17     0.004
1998    18     0.010
1998    19     0.021
1998    20         .
1998    21         .
1998    22         .
1998    23         .
1998    24         .
1998    25         .
1998    26         .
1998    27         .
1998    28         .
1998    29         .
1998    30         .
1998    31         .
1998    32         .
1998    33         .
1998    34         .
1998    35         .
1998    36         .
1998    37         .
1998    38         .
1998    39         .
1998    40         .
1998    41         .
1998    42         .
1998    43         .
1998    44         .
1998    45         .
1998    46         .
1998    47         .
1998    48         .
1998    49         .
1998    50         .
1998    51         .
1998    52         .
1998    53         .
1998    54         .
1998    55         .
1999    12     0.000
1999    13     0.000
1999    14     0.000
1999    15     0.000
1999    16     0.001
1999    17     0.005
1999    18     0.010
1999    19         .
1999    20         .
1999    21         .
1999    22         .
1999    23         .
1999    24         .
1999    25         .
1999    26         .
1999    27         .
1999    28         .
1999    29         .
1999    30         .
1999    31         .
1999    32         .
1999    33         .
1999    34         .
1999    35         .
1999    36         .
1999    37         .
1999    38         .
1999    39         .
1999    40         .
1999    41         .
1999    42         .
1999    43         .
1999    44         .
1999    45         .
1999    46         .
1999    47         .
1999    48         .
1999    49         .
1999    50         .
1999    51         .
1999    52         .
1999    53         .
1999    54         .
1999    55         .
2000    12     0.000
2000    13     0.000
2000    14     0.000
2000    15     0.000
2000    16     0.002
2000    17     0.005
2000    18         .
2000    19         .
2000    20         .
2000    21         .
2000    22         .
2000    23         .
2000    24         .
2000    25         .
2000    26         .
2000    27         .
2000    28         .
2000    29         .
2000    30         .
2000    31         .
2000    32         .
2000    33         .
2000    34         .
2000    35         .
2000    36         .
2000    37         .
2000    38         .
2000    39         .
2000    40         .
2000    41         .
2000    42         .
2000    43         .
2000    44         .
2000    45         .
2000    46         .
2000    47         .
2000    48         .
2000    49         .
2000    50         .
2000    51         .
2000    52         .
2000    53         .
2000    54         .
2000    55         .
2001    12     0.000
2001    13     0.000
2001    14     0.000
2001    15     0.000
2001    16     0.002
2001    17         .
2001    18         .
2001    19         .
2001    20         .
2001    21         .
2001    22         .
2001    23         .
2001    24         .
2001    25         .
2001    26         .
2001    27         .
2001    28         .
2001    29         .
2001    30         .
2001    31         .
2001    32         .
2001    33         .
2001    34         .
2001    35         .
2001    36         .
2001    37         .
2001    38         .
2001    39         .
2001    40         .
2001    41         .
2001    42         .
2001    43         .
2001    44         .
2001    45         .
2001    46         .
2001    47         .
2001    48         .
2001    49         .
2001    50         .
2001    51         .
2001    52         .
2001    53         .
2001    54         .
2001    55         .
2002    12     0.000
2002    13     0.000
2002    14     0.000
2002    15     0.000
2002    16         .
2002    17         .
2002    18         .
2002    19         .
2002    20         .
2002    21         .
2002    22         .
2002    23         .
2002    24         .
2002    25         .
2002    26         .
2002    27         .
2002    28         .
2002    29         .
2002    30         .
2002    31         .
2002    32         .
2002    33         .
2002    34         .
2002    35         .
2002    36         .
2002    37         .
2002    38         .
2002    39         .
2002    40         .
2002    41         .
2002    42         .
2002    43         .
2002    44         .
2002    45         .
2002    46         .
2002    47         .
2002    48         .
2002    49         .
2002    50         .
2002    51         .
2002    52         .
2002    53         .
2002    54         .
2002    55         .
2003    12     0.000
2003    13     0.000
2003    14     0.000
2003    15         .
2003    16         .
2003    17         .
2003    18         .
2003    19         .
2003    20         .
2003    21         .
2003    22         .
2003    23         .
2003    24         .
2003    25         .
2003    26         .
2003    27         .
2003    28         .
2003    29         .
2003    30         .
2003    31         .
2003    32         .
2003    33         .
2003    34         .
2003    35         .
2003    36         .
2003    37         .
2003    38         .
2003    39         .
2003    40         .
2003    41         .
2003    42         .
2003    43         .
2003    44         .
2003    45         .
2003    46         .
2003    47         .
2003    48         .
2003    49         .
2003    50         .
2003    51         .
2003    52         .
2003    53         .
2003    54         .
2003    55         .
2004    12     0.000
2004    13     0.000
2004    14         .
2004    15         .
2004    16         .
2004    17         .
2004    18         .
2004    19         .
2004    20         .
2004    21         .
2004    22         .
2004    23         .
2004    24         .
2004    25         .
2004    26         .
2004    27         .
2004    28         .
2004    29         .
2004    30         .
2004    31         .
2004    32         .
2004    33         .
2004    34         .
2004    35         .
2004    36         .
2004    37         .
2004    38         .
2004    39         .
2004    40         .
2004    41         .
2004    42         .
2004    43         .
2004    44         .
2004    45         .
2004    46         .
2004    47         .
2004    48         .
2004    49         .
2004    50         .
2004    51         .
2004    52         .
2004    53         .
2004    54         .
2004    55         .
