West Germany, Live births by calendar year, age and birth order (Lexis squares, age in completed years (ACY))
Last modified: 04/02/2019
Year    Age        Total          B1          B2          B3          B4         B5p
2009     12-        0.13        0.13        0.00        0.00        0.00        0.00
2009     13        10.42       10.42        0.00        0.00        0.00        0.00
2009     14        87.68       87.07        0.61        0.00        0.00        0.00
2009     15       358.15      349.94        8.21        0.00        0.00        0.00
2009     16      1101.88     1076.65       24.95        0.13        0.15        0.00
2009     17      2222.89     2103.80      110.93        6.31        1.86        0.00
2009     18      4211.89     3812.12      370.74       27.12        1.90        0.00
2009     19      6970.05     6019.78      865.88       79.50        4.89        0.00
2009     20      9666.05     7734.24     1697.84      212.91       20.27        0.78
2009     21     12145.34     8952.53     2716.60      414.16       49.30       12.76
2009     22     14479.26     9929.50     3713.31      707.15      106.59       22.70
2009     23     16822.47    10818.10     4711.09     1041.01      204.15       48.14
2009     24     20025.19    12328.28     5878.84     1419.25      318.36       80.45
2009     25     23513.14    14025.36     7111.48     1811.71      437.49      127.10
2009     26     27804.20    15916.40     8747.08     2369.26      561.18      210.27
2009     27     31683.06    17422.73    10345.94     2906.05      710.50      297.85
2009     28     34965.21    18621.97    11697.33     3366.50      884.38      395.03
2009     29     36459.92    18806.79    12460.30     3729.99     1015.28      447.56
2009     30     36584.34    18156.62    12869.39     3980.27     1087.47      490.59
2009     31     36565.21    17156.32    13422.46     4243.54     1172.57      570.32
2009     32     35004.64    15366.99    13389.83     4407.25     1247.96      592.60
2009     33     32479.95    13210.53    12828.86     4466.58     1347.01      626.98
2009     34     29389.19    11131.88    11795.73     4440.86     1329.01      691.71
2009     35     25927.94     9313.50    10317.39     4347.97     1249.03      700.05
2009     36     22628.16     7753.92     8915.00     4031.08     1220.96      707.20
2009     37     19714.82     6529.86     7730.58     3590.30     1146.22      717.86
2009     38     16189.22     5141.81     6237.38     3105.64     1034.64      669.76
2009     39     12655.76     3945.54     4722.40     2483.96      902.37      601.48
2009     40      9543.51     2992.72     3404.93     1844.92      736.18      564.75
2009     41      6254.67     1898.51     2166.50     1243.78      519.75      426.15
2009     42      3706.88     1094.32     1244.35      728.10      342.30      297.79
2009     43      2111.60      610.40      622.34      413.13      222.55      243.19
2009     44      1097.49      320.37      285.90      222.63      113.54      155.05
2009     45       513.61      158.54      129.49      102.82       49.49       73.27
2009     46       226.19       74.16       53.03       41.67       23.14       34.19
2009     47       115.15       42.18       27.83       20.09       11.73       13.31
2009     48        63.82       22.92       15.95       11.82        8.07        5.08
2009     49        33.54       12.62        7.12        5.14        4.16        4.49
2009     50        21.23        9.79        4.26        2.41        0.55        4.21
2009     51        13.37        6.78        2.91        1.51        0.00        2.16
2009     52         7.52        4.02        1.80        0.86        0.00        0.85
2009     53         3.65        2.00        0.98        0.42        0.00        0.25
2009     54         1.43        0.78        0.41        0.17        0.00        0.07
2009     55+        0.18        0.10        0.05        0.02        0.00        0.01
2010     12-        0.12        0.12        0.00        0.00        0.00        0.00
2010     13        10.75       10.75        0.00        0.00        0.00        0.00
2010     14        90.11       90.11        0.00        0.00        0.00        0.00
2010     15       339.45      337.33        2.12        0.00        0.00        0.00
2010     16      1013.63      979.88       33.33        0.42        0.00        0.00
2010     17      2140.82     2031.48      102.66        6.54        0.14        0.00
2010     18      3995.88     3607.40      367.09       18.56        2.54        0.29
2010     19      6774.98     5827.90      859.91       74.96        9.49        2.71
2010     20      9181.14     7393.01     1554.79      199.85       29.93        3.57
2010     21     11745.76     8647.27     2617.70      408.46       64.82        7.51
2010     22     14351.71     9781.97     3713.31      716.24      126.79       13.40
2010     23     16945.53    10914.00     4723.87     1073.39      198.71       35.56
2010     24     19847.01    12231.36     5749.68     1484.09      306.04       75.83
2010     25     23433.47    13951.56     7026.22     1886.58      445.03      124.09
2010     26     26909.50    15518.10     8421.71     2233.99      535.03      200.67
2010     27     31392.72    17423.10    10191.22     2795.71      696.99      285.69
2010     28     35320.98    18962.06    11762.80     3366.03      871.80      358.30
2010     29     38245.01    19843.77    13029.40     3884.49     1015.01      472.34
2010     30     39023.40    19446.13    13636.89     4256.54     1119.25      564.58
2010     31     37744.67    17727.68    13861.31     4379.76     1183.09      592.85
2010     32     36581.71    15983.78    14071.50     4608.10     1247.38      670.94
2010     33     34041.26    13847.84    13467.35     4739.04     1281.76      705.27
2010     34     30624.15    11612.93    12310.94     4682.22     1329.81      688.24
2010     35     27069.09     9625.85    10790.34     4560.03     1351.07      741.81
2010     36     23004.01     7713.97     9127.50     4138.62     1281.51      742.40
2010     37     19146.21     6168.57     7518.61     3588.59     1163.08      707.37
2010     38     16177.58     5067.18     6274.14     3138.27     1043.23      654.76
2010     39     12965.02     3958.81     4863.00     2620.45      940.97      581.79
2010     40      9469.52     2941.33     3365.08     1903.72      755.83      503.56
2010     41      6425.63     1987.80     2218.98     1267.38      522.72      428.75
2010     42      3892.81     1170.75     1298.31      778.93      345.97      298.84
2010     43      2143.94      618.05      683.91      424.27      219.47      198.25
2010     44      1162.54      326.68      357.08      221.15      116.71      140.93
2010     45       589.97      161.75      176.84      121.18       57.44       72.74
2010     46       269.97       73.55       73.97       56.91       26.14       39.41
2010     47       117.55       38.41       33.75       15.87       11.88       17.64
2010     48        55.94       21.06       15.32        4.62        4.42       10.53
2010     49        37.34       15.01        9.34        4.52        2.06        6.40
2010     50        27.37        9.69        8.98        4.36        1.20        3.14
2010     51        19.24        5.92        6.09        2.73        0.37        4.14
2010     52        10.56        3.42        3.48        1.46        0.18        2.01
2010     53         4.92        1.83        1.74        0.69        0.09        0.57
2010     54         1.82        0.75        0.67        0.25        0.03        0.12
2010     55+        0.21        0.09        0.08        0.03        0.00        0.01
2011     12-        0.09        0.08        0.00        0.02        0.00        0.00
2011     13         8.62        8.16        0.00        0.47        0.00        0.00
2011     14        96.17       95.15        0.49        0.52        0.00        0.00
2011     15       344.00      338.38        5.62        0.00        0.00        0.00
2011     16       893.95      874.95       18.67        0.33        0.00        0.00
2011     17      1902.11     1802.88       95.82        3.42        0.00        0.00
2011     18      3667.12     3326.94      320.92       18.58        0.53        0.14
2011     19      6046.12     5238.61      723.33       73.45        8.94        1.79
2011     20      8638.10     7002.08     1434.73      179.02       18.69        3.59
2011     21     10946.41     8216.36     2355.40      319.66       45.39        9.59
2011     22     13244.96     9199.66     3331.24      590.58      104.33       19.16
2011     23     16094.72    10504.20     4409.05      932.97      201.04       47.46
2011     24     19302.83    12086.75     5537.07     1295.46      299.14       84.40
2011     25     22440.88    13582.29     6626.29     1727.91      384.76      119.63
2011     26     25910.70    15159.37     7873.64     2153.04      529.33      195.32
2011     27     29419.92    16653.00     9339.85     2497.18      662.37      267.51
2011     28     33973.81    18489.14    11274.59     3065.49      787.01      357.58
2011     29     37286.60    19660.98    12721.67     3561.13      916.37      426.46
2011     30     39481.56    19965.33    13805.62     4116.13     1089.38      505.10
2011     31     39049.41    18576.20    14225.00     4501.13     1180.51      566.57
2011     32     36277.31    15908.56    14053.10     4536.73     1178.81      600.11
2011     33     34080.79    13794.59    13760.34     4613.46     1255.73      656.66
2011     34     31117.11    11899.04    12667.50     4568.89     1292.05      689.64
2011     35     27229.81     9789.07    11039.65     4406.86     1273.42      720.81
2011     36     23069.88     7767.04     9257.70     4091.63     1229.33      724.17
2011     37     18674.29     5954.32     7428.77     3472.65     1143.40      675.16
2011     38     14999.47     4673.97     5811.16     2898.88     1005.89      609.58
2011     39     12384.22     3853.69     4705.00     2408.95      854.45      562.13
2011     40      9319.56     2850.44     3447.98     1807.61      711.15      502.38
2011     41      6134.24     1820.30     2174.66     1229.65      539.85      369.77
2011     42      3835.02     1116.29     1321.40      769.34      364.31      263.68
2011     43      2199.00      623.01      732.09      444.34      207.00      192.56
2011     44      1160.94      320.73      344.20      254.57      117.58      123.87
2011     45       568.72      161.23      143.84      123.57       66.76       73.31
2011     46       249.58       77.28       66.46       44.11       29.49       32.24
2011     47       120.14       39.21       31.44       18.70       12.35       18.43
2011     48        70.38       23.00       20.04       10.90        5.68       10.77
2011     49        43.37       15.78       11.82        5.84        3.99        5.94
2011     50        32.19       13.51        6.22        3.15        3.45        5.87
2011     51        24.31       11.01        6.13        1.94        2.12        3.10
2011     52        13.41        6.38        3.88        1.05        0.96        1.14
2011     53         5.85        2.87        1.84        0.49        0.34        0.31
2011     54         2.09        1.04        0.70        0.18        0.10        0.07
2011     55+        0.24        0.12        0.08        0.02        0.01        0.01
2012     12-        0.10        0.10        0.00        0.00        0.00        0.00
2012     13         9.16        9.16        0.00        0.00        0.00        0.00
2012     14        91.85       91.70        0.14        0.00        0.00        0.00
2012     15       343.04      337.96        4.93        0.17        0.00        0.00
2012     16       916.04      889.01       25.73        1.29        0.00        0.00
2012     17      1878.70     1772.92      100.32        5.46        0.00        0.00
2012     18      3466.94     3122.01      319.05       25.49        0.39        0.00
2012     19      5904.54     5057.54      763.25       76.33        7.41        0.00
2012     20      8281.16     6604.11     1462.99      193.87       19.82        0.39
2012     21     10793.28     7991.38     2377.20      363.22       54.75        6.72
2012     22     13079.61     9074.49     3270.74      613.66      104.68       16.04
2012     23     15938.28    10384.52     4381.77      960.86      177.46       33.67
2012     24     19264.25    12059.09     5533.17     1316.54      289.31       66.14
2012     25     23021.94    13891.18     6854.06     1717.24      434.07      125.39
2012     26     26295.51    15323.28     8124.62     2106.73      557.71      183.17
2012     27     29827.34    16849.88     9514.10     2548.23      655.25      259.87
2012     28     33078.36    18019.28    10911.13     3049.12      771.02      327.82
2012     29     37332.42    19765.41    12667.43     3566.17      926.71      406.70
2012     30     40420.43    20507.68    14214.59     4114.41     1086.50      497.26
2012     31     40881.85    19523.40    14995.35     4554.69     1236.93      571.46
2012     32     38691.24    17124.63    14958.36     4727.80     1264.40      616.06
2012     33     35139.35    14259.05    14256.61     4721.62     1255.08      647.00
2012     34     32130.72    12160.31    13301.16     4657.11     1314.06      698.07
2012     35     28330.79    10135.23    11724.11     4431.59     1338.79      701.07
2012     36     23730.73     7939.06     9700.21     4112.25     1301.41      677.81
2012     37     19168.46     5972.50     7708.57     3654.71     1203.03      629.63
2012     38     15174.97     4565.58     5927.90     3050.51     1061.66      569.33
2012     39     11947.51     3628.37     4509.38     2397.19      872.37      540.20
2012     40      9046.17     2776.19     3316.57     1777.48      693.36      482.57
2012     41      6118.64     1833.71     2171.33     1194.03      525.34      394.22
2012     42      3811.89     1120.16     1308.08      744.53      353.12      286.00
2012     43      2203.98      643.91      732.94      428.93      207.01      191.19
2012     44      1173.24      337.96      364.57      221.88      114.78      134.06
2012     45       621.73      175.74      174.32      117.84       66.97       86.86
2012     46       297.79       98.28       81.09       49.56       30.70       38.16
2012     47       147.39       57.95       42.93       17.01       14.97       14.53
2012     48        88.09       36.66       29.84        8.72        8.74        4.13
2012     49        38.95       14.75       15.32        4.27        3.27        1.34
2012     50        22.85        7.20        7.38        3.44        1.74        3.10
2012     51        21.82        8.52        4.89        3.55        1.21        3.66
2012     52        13.30        5.90        2.82        2.18        0.62        1.77
2012     53         6.15        3.00        1.43        0.96        0.26        0.50
2012     54         2.20        1.12        0.56        0.32        0.09        0.11
2012     55+        0.26        0.13        0.07        0.04        0.01        0.01
2013     12-        0.09        0.09        0.00        0.00        0.00        0.00
2013     13         8.07        8.07        0.00        0.00        0.00        0.00
2013     14        93.14       92.71        0.43        0.00        0.00        0.00
2013     15       353.76      343.94        9.82        0.00        0.00        0.00
2013     16       899.26      863.94       35.05        0.27        0.00        0.00
2013     17      1847.44     1725.01      113.01        9.27        0.15        0.00
2013     18      3411.82     3076.49      304.02       29.58        1.73        0.00
2013     19      5493.18     4699.74      711.47       75.29        6.43        0.25
2013     20      7741.15     6117.25     1395.03      195.61       27.50        5.77
2013     21      9926.32     7360.50     2132.53      371.79       50.09       11.41
2013     22     12789.11     8888.74     3148.97      635.05       97.59       18.75
2013     23     15541.59    10117.20     4260.90      949.72      175.74       38.03
2013     24     18976.56    11845.38     5465.18     1307.79      286.12       72.09
2013     25     23189.22    14169.79     6801.04     1698.43      399.28      120.69
2013     26     26876.40    15966.29     8094.52     2120.24      508.73      186.61
2013     27     29957.94    17037.50     9451.39     2519.16      689.35      260.55
2013     28     33646.02    18478.17    11016.23     2998.98      820.19      332.45
2013     29     36540.53    19607.42    12198.26     3430.65      908.12      396.06
2013     30     40122.91    20671.74    13944.52     3993.27     1030.48      482.92
2013     31     41831.43    20244.66    15298.72     4552.29     1182.54      553.21
2013     32     40815.38    18307.10    15670.21     4847.78     1318.46      671.83
2013     33     37645.19    15507.27    15149.28     4870.65     1397.18      720.81
2013     34     33486.38    12888.75    13809.87     4750.41     1372.67      664.67
2013     35     29475.33    10604.33    12130.56     4739.44     1329.09      671.92
2013     36     24832.71     8341.20    10158.16     4349.73     1293.49      690.14
2013     37     20217.64     6433.70     8222.37     3724.48     1175.77      661.32
2013     38     15915.25     4888.35     6289.22     3083.46     1034.10      620.12
2013     39     12140.56     3721.96     4596.53     2394.85      868.64      558.59
2013     40      8758.23     2677.98     3243.96     1727.85      656.90      451.52
2013     41      6053.73     1799.83     2209.29     1205.85      499.81      338.96
2013     42      3837.18     1149.84     1339.37      732.81      351.08      264.07
2013     43      2214.77      671.50      714.48      425.92      208.90      193.97
2013     44      1201.76      380.67      363.75      228.59      110.36      118.39
2013     45       597.84      197.77      177.04      111.05       50.45       61.53
2013     46       313.49       98.29       89.82       56.95       25.60       42.83
2013     47       149.39       55.27       41.78       21.79        9.03       21.52
2013     48        70.31       30.58       18.32       10.67        3.67        7.07
2013     49        47.51       19.23        8.97        7.39        6.45        5.47
2013     50        33.64       13.32        5.93        5.30        4.69        4.40
2013     51        21.55        8.43        5.24        3.61        1.63        2.64
2013     52        11.68        4.74        3.33        1.91        0.66        1.05
2013     53         5.33        2.28        1.69        0.81        0.24        0.31
2013     54         1.97        0.88        0.66        0.28        0.07        0.08
2013     55+        0.23        0.10        0.08        0.03        0.01        0.01
2014     12-        0.13        0.11        0.01        0.00        0.00        0.00
2014     13        12.35       12.00        0.35        0.00        0.00        0.00
2014     14       109.47      107.61        1.86        0.00        0.00        0.00
2014     15       356.25      349.36        6.73        0.16        0.00        0.00
2014     16       923.24      893.84       27.69        1.71        0.00        0.00
2014     17      1930.71     1798.34      125.51        6.86        0.00        0.00
2014     18      3368.46     2967.58      369.70       30.37        0.81        0.00
2014     19      5409.12     4577.12      731.22       89.70       10.69        0.39
2014     20      7566.82     5949.05     1371.97      213.68       25.28        6.84
2014     21      9840.39     7121.83     2261.51      377.85       68.52       10.68
2014     22     12371.29     8425.40     3188.92      615.46      122.70       18.81
2014     23     15755.50    10170.81     4357.95      971.41      216.91       38.42
2014     24     19265.67    12096.98     5455.17     1324.63      312.87       76.02
2014     25     23664.68    14538.92     6785.41     1780.48      422.67      137.19
2014     26     28051.31    16673.40     8337.79     2240.15      583.26      216.72
2014     27     32021.74    18521.96     9786.66     2692.63      733.48      287.02
2014     28     35358.37    19853.39    11159.75     3151.37      846.93      346.92
2014     29     38853.21    21038.33    12714.26     3628.92     1001.82      469.88
2014     30     41431.68    21666.03    14021.43     4119.85     1102.89      521.47
2014     31     43677.43    21515.03    15671.73     4706.14     1216.32      568.22
2014     32     43250.63    19692.64    16383.24     5156.03     1344.19      674.54
2014     33     40918.72    17135.82    16214.27     5393.43     1450.40      724.79
2014     34     36706.06    14104.65    15049.51     5333.42     1487.65      730.84
2014     35     31370.59    11384.03    12817.12     4988.71     1420.52      760.20
2014     36     26562.12     9137.79    10706.76     4565.20     1389.69      762.68
2014     37     21615.79     6946.74     8760.93     3947.95     1276.54      683.63
2014     38     16991.02     5241.68     6731.57     3268.59     1095.25      653.94
2014     39     12987.54     3980.76     4951.55     2526.91      917.58      610.73
2014     40      9216.20     2786.16     3397.43     1802.81      741.27      488.55
2014     41      6119.32     1789.57     2194.22     1247.43      510.88      377.20
2014     42      3964.40     1194.98     1386.76      773.96      325.58      283.11
2014     43      2282.37      673.67      752.17      429.95      217.68      208.91
2014     44      1187.43      349.47      366.93      228.43      121.74      120.86
2014     45       644.17      222.97      184.25      114.84       59.90       62.21
2014     46       329.86      118.66       92.02       60.02       24.18       34.97
2014     47       174.33       65.81       53.73       29.55        9.48       15.77
2014     48        89.01       37.29       26.02       12.66        5.86        7.18
2014     49        43.91       18.28       10.34        6.81        4.68        3.79
2014     50        34.50       14.53        9.28        5.07        2.44        3.20
2014     51        25.28       10.47        8.17        3.18        0.78        2.67
2014     52        13.95        5.90        4.86        1.65        0.34        1.19
2014     53         6.38        2.82        2.31        0.74        0.15        0.36
2014     54         2.32        1.07        0.84        0.27        0.06        0.10
2014     55+        0.27        0.13        0.10        0.03        0.01        0.01
2015     12-        0.16        0.14        0.02        0.00        0.00        0.00
2015     13        16.31       15.58        0.73        0.00        0.00        0.00
2015     14       133.10      129.97        2.96        0.16        0.00        0.00
2015     15       386.81      376.18        9.31        1.32        0.00        0.00
2015     16       923.30      879.58       41.56        2.02        0.14        0.00
2015     17      1851.19     1693.32      145.39       10.20        2.29        0.00
2015     18      3479.68     3017.98      416.87       41.92        2.92        0.00
2015     19      5541.75     4552.34      876.39      104.29        8.28        0.43
2015     20      7641.85     5872.60     1520.79      212.17       32.79        3.53
2015     21      9893.89     7028.57     2383.56      403.72       71.30        6.72
2015     22     12456.70     8282.53     3331.71      692.93      121.68       27.85
2015     23     15458.67     9835.02     4290.48     1053.07      225.68       54.41
2015     24     19763.31    12380.16     5505.40     1424.88      359.82       93.05
2015     25     24021.86    14700.53     6912.89     1803.10      457.28      148.08
2015     26     28821.74    16960.66     8652.13     2371.71      614.74      222.49
2015     27     33684.26    19314.70    10365.47     2930.25      769.36      304.48
2015     28     37753.37    21157.49    11947.48     3355.44      920.61      372.34
2015     29     40392.35    21928.28    13170.52     3800.61     1025.14      467.81
2015     30     43107.70    22404.57    14562.20     4347.91     1203.16      589.85
2015     31     43910.82    21695.17    15628.62     4633.16     1326.02      627.86
2015     32     44429.14    20162.22    16949.83     5209.05     1438.97      669.06
2015     33     42679.50    17634.14    17146.01     5596.32     1569.97      733.07
2015     34     39063.09    15056.33    16069.41     5565.73     1548.46      823.16
2015     35     33975.27    12216.46    13966.50     5403.40     1535.73      853.18
2015     36     27767.69     9270.22    11393.54     4805.94     1471.40      826.59
2015     37     22487.82     7189.74     9023.84     4149.74     1359.40      765.10
2015     38     17696.03     5486.74     6948.96     3421.26     1149.11      689.97
2015     39     13480.31     4086.86     5181.34     2651.36      954.65      606.09
2015     40      9754.00     2966.99     3594.36     1925.37      762.42      504.86
2015     41      6212.92     1834.08     2233.27     1218.28      529.46      397.82
2015     42      3659.62     1073.87     1258.53      704.83      349.05      273.35
2015     43      2229.00      686.56      725.88      433.01      193.50      190.07
2015     44      1254.64      399.59      377.65      247.05      101.82      128.51
2015     45       637.91      210.11      188.11      114.33       53.34       72.02
2015     46       341.18      122.56      107.92       45.21       28.90       36.59
2015     47       177.24       76.34       49.76       18.21       15.81       17.12
2015     48        94.57       45.78       20.93       10.46        9.72        7.68
2015     49        58.24       28.53       13.91        5.17        5.70        4.92
2015     50        37.03       18.47        9.81        2.78        2.49        3.47
2015     51        24.36       12.14        6.12        2.29        1.64        2.17
2015     52        13.16        6.61        3.44        1.38        0.81        0.91
2015     53         5.98        3.02        1.67        0.67        0.32        0.29
2015     54         2.24        1.13        0.66        0.26        0.10        0.08
2015     55+        0.26        0.13        0.08        0.03        0.01        0.01
2016     12-        0.14        0.13        0.02        0.00        0.00        0.00
2016     13        13.93       13.53        0.42        0.00        0.00        0.00
2016     14       121.86      120.86        1.00        0.00        0.00        0.00
2016     15       415.00      407.88        6.99        0.14        0.00        0.00
2016     16      1060.95      994.43       62.62        3.88        0.00        0.00
2016     17      2168.36     1934.82      212.80       20.44        0.13        0.17
2016     18      4131.57     3490.96      563.10       71.03        5.64        0.84
2016     19      6694.26     5343.01     1156.51      170.70       24.03        0.00
2016     20      8806.99     6553.16     1862.29      336.20       51.50        3.83
2016     21     11200.58     7712.76     2809.43      563.56       96.46       18.36
2016     22     13533.22     8764.77     3693.39      863.06      180.71       31.29
2016     23     16489.28    10194.84     4671.93     1249.22      303.92       69.36
2016     24     20250.23    12179.49     5845.89     1688.18      416.23      120.44
2016     25     25686.72    15178.13     7536.08     2201.75      572.31      198.45
2016     26     30752.73    17925.67     9076.92     2702.55      747.67      299.93
2016     27     35819.48    20347.82    10874.11     3269.50      919.51      408.53
2016     28     40757.59    22478.88    12843.03     3821.48     1103.71      510.49
2016     29     44468.48    23791.73    14487.55     4348.13     1251.75      589.31
2016     30     46357.51    23824.80    15682.91     4759.07     1393.62      697.11
2016     31     47445.23    22924.09    17028.45     5158.85     1519.73      814.12
2016     32     46030.26    20492.15    17718.51     5383.38     1580.65      855.56
2016     33     44706.36    18230.19    18058.35     5809.49     1705.52      902.81
2016     34     41705.95    15796.68    17133.16     6033.76     1818.81      923.53
2016     35     37454.29    13335.61    15304.51     6025.32     1817.18      971.69
2016     36     31186.97    10369.31    12667.77     5521.64     1686.96      941.30
2016     37     24320.00     7576.13     9842.02     4548.54     1489.49      863.80
2016     38     19347.28     5858.42     7615.83     3710.86     1321.04      841.13
2016     39     14777.98     4421.39     5610.50     2941.37     1077.99      726.75
2016     40     10378.59     3104.71     3794.21     2082.05      797.75      599.86
2016     41      6713.88     1951.14     2374.88     1334.97      589.05      463.84
2016     42      4086.17     1174.19     1431.44      805.60      368.64      306.30
2016     43      2348.00      674.39      808.51      440.05      213.86      211.19
2016     44      1292.64      397.44      407.04      232.02      129.04      127.10
2016     45       718.99      237.01      204.28      129.72       72.18       75.80
2016     46       386.10      142.08      107.07       59.78       30.07       47.11
2016     47       206.36       87.08       64.05       25.61       11.67       17.95
2016     48       126.51       54.85       41.50       17.38        6.25        6.54
2016     49        80.34       37.77       21.99       11.89        3.35        5.33
2016     50        54.97       23.17       13.41        8.59        3.23        6.57
2016     51        36.01       14.00        8.03        5.64        2.92        5.41
2016     52        18.93        7.59        4.48        2.93        1.58        2.36
2016     53         8.16        3.51        2.16        1.23        0.60        0.67
2016     54         2.84        1.28        0.82        0.41        0.17        0.15
2016     55+        0.33        0.15        0.10        0.05        0.02        0.01
2017     12-        0.13        0.13        0.00        0.00        0.00        0.00
2017     13        11.81       11.81        0.00        0.00        0.00        0.00
2017     14        98.00       97.72        0.27        0.00        0.00        0.00
2017     15       329.78      316.31       13.17        0.30        0.00        0.00
2017     16       873.16      808.85       60.70        3.48        0.14        0.00
2017     17      1815.67     1606.39      195.33       11.75        2.20        0.00
2017     18      3505.21     2906.43      532.53       60.97        5.28        0.00
2017     19      5764.43     4539.19     1054.24      152.06       18.43        0.51
2017     20      8244.08     5990.79     1893.52      306.71       43.92        9.14
2017     21     10397.03     6959.53     2772.67      570.14       78.66       16.03
2017     22     12601.09     7997.24     3520.58      867.84      178.55       36.89
2017     23     15498.96     9474.69     4417.38     1221.28      302.18       83.43
2017     24     19406.35    11667.72     5610.31     1573.37      423.39      131.56
2017     25     24209.57    14343.41     7016.02     2059.45      600.65      190.03
2017     26     30305.81    17537.01     8977.12     2742.60      775.34      273.75
2017     27     35195.72    19977.19    10795.32     3172.78      894.86      355.57
2017     28     40368.29    22283.60    12710.37     3805.83     1085.67      482.82
2017     29     45184.43    24026.59    14759.10     4465.60     1311.55      621.60
2017     30     47937.24    24429.71    16433.48     4906.77     1445.72      721.56
2017     31     48040.68    23058.70    17266.31     5312.48     1578.75      824.45
2017     32     46894.04    20663.18    17941.12     5733.50     1660.38      895.87
2017     33     43873.16    17723.34    17738.00     5879.42     1652.92      879.48
2017     34     41294.66    15336.11    17110.15     6118.30     1789.94      940.15
2017     35     37508.72    12970.15    15553.85     6132.20     1855.33      997.17
2017     36     32195.30    10451.12    13290.13     5645.45     1772.60     1036.01
2017     37     25546.46     7768.85    10416.44     4785.59     1587.85      987.72
2017     38     19527.29     5716.68     7721.08     3882.27     1325.20      882.07
2017     39     15072.01     4377.14     5761.12     3004.22     1139.59      789.92
2017     40     10635.63     3065.10     3983.06     2093.55      867.19      626.71
2017     41      6796.68     1948.73     2444.04     1364.53      586.89      452.50
2017     42      4161.81     1185.57     1414.62      835.59      399.91      326.11
2017     43      2351.41      675.82      760.18      448.54      241.25      225.61
2017     44      1293.52      395.03      398.54      247.72      122.65      129.58
2017     45       723.57      248.22      213.78      127.50       64.74       69.34
2017     46       362.48      136.97      105.18       62.99       29.56       27.78
2017     47       185.22       72.33       54.39       35.47       13.77        9.27
2017     48       105.94       42.47       31.19       18.64        7.27        6.37
2017     49        70.45       34.55       20.63        7.61        2.20        5.47
2017     50        52.56       27.75       13.27        4.40        1.65        5.49
2017     51        35.38       15.30        7.23        5.97        2.44        4.45
2017     52        18.75        7.65        3.81        3.83        1.56        1.91
2017     53         8.29        3.50        1.90        1.67        0.63        0.58
2017     54         2.93        1.30        0.76        0.55        0.20        0.14
2017     55+        0.33        0.15        0.09        0.06        0.02        0.01
