Germany, Live births by calendar year, age reached during the year (ARDY) and birth cohort (vertical parallelograms)
Last modified: 04/02/2019
Year  ARDY   Cohort       Total
1956    12-   1944+        0.00
1956    13    1943         0.31
1956    14    1942        15.37
1956    15    1941       284.38
1956    16    1940      1586.32
1956    17    1939      6941.38
1956    18    1938     19154.81
1956    19    1937     35864.13
1956    20    1936     52729.48
1956    21    1935     66287.17
1956    22    1934     73959.70
1956    23    1933     65310.98
1956    24    1932     67931.50
1956    25    1931     70005.91
1956    26    1930     73352.58
1956    27    1929     69375.78
1956    28    1928     67078.34
1956    29    1927     60934.11
1956    30    1926     58467.62
1956    31    1925     54857.90
1956    32    1924     49812.90
1956    33    1923     44680.88
1956    34    1922     41600.26
1956    35    1921     38953.74
1956    36    1920     34131.78
1956    37    1919     22458.46
1956    38    1918     12418.47
1956    39    1917      9952.98
1956    40    1916      8751.74
1956    41    1915      8946.78
1956    42    1914      8353.66
1956    43    1913      5699.13
1956    44    1912      3691.73
1956    45    1911      1934.38
1956    46    1910       819.93
1956    47    1909       431.55
1956    48    1908       210.14
1956    49    1907        97.49
1956    50    1906        45.90
1956    51    1905        21.16
1956    52    1904        10.30
1956    53    1903         4.87
1956    54    1902         2.32
1956    55+   1901-        0.67
1957    12-   1945+        0.00
1957    13    1944         0.31
1957    14    1943        18.81
1957    15    1942       273.91
1957    16    1941      1496.16
1957    17    1940      7672.78
1957    18    1939     20791.13
1957    19    1938     38020.88
1957    20    1937     53595.47
1957    21    1936     67195.86
1957    22    1935     77634.93
1957    23    1934     80921.27
1957    24    1933     68521.00
1957    25    1932     70267.18
1957    26    1931     70663.21
1957    27    1930     71880.34
1957    28    1929     67131.86
1957    29    1928     63207.45
1957    30    1927     56547.78
1957    31    1926     53446.46
1957    32    1925     50008.11
1957    33    1924     44581.55
1957    34    1923     39905.08
1957    35    1922     36819.76
1957    36    1921     33997.47
1957    37    1920     28960.96
1957    38    1919     18838.92
1957    39    1918     10007.03
1957    40    1917      7809.79
1957    41    1916      6514.66
1957    42    1915      6219.64
1957    43    1914      5492.56
1957    44    1913      3450.35
1957    45    1912      1930.20
1957    46    1911       828.03
1957    47    1910       461.58
1957    48    1909       234.45
1957    49    1908       111.89
1957    50    1907        51.59
1957    51    1906        24.45
1957    52    1905        11.40
1957    53    1904         5.57
1957    54    1903         2.48
1957    55+   1902-        0.76
1958    12-   1946+        0.00
1958    13    1945         0.25
1958    14    1944        17.85
1958    15    1943       274.93
1958    16    1942      1335.11
1958    17    1941      6818.60
1958    18    1940     21215.84
1958    19    1939     39841.45
1958    20    1938     55801.84
1958    21    1937     66538.77
1958    22    1936     78344.80
1958    23    1935     84432.32
1958    24    1934     84062.30
1958    25    1933     69185.01
1958    26    1932     68153.91
1958    27    1931     67829.89
1958    28    1930     67669.87
1958    29    1929     62643.44
1958    30    1928     57770.01
1958    31    1927     51117.44
1958    32    1926     48168.18
1958    33    1925     44327.85
1958    34    1924     39071.39
1958    35    1923     34761.01
1958    36    1922     31356.72
1958    37    1921     28219.44
1958    38    1920     23654.06
1958    39    1919     15004.30
1958    40    1918      7783.67
1958    41    1917      5623.49
1958    42    1916      4515.40
1958    43    1915      3879.34
1958    44    1914      3075.26
1958    45    1913      1803.16
1958    46    1912       786.81
1958    47    1911       391.89
1958    48    1910       204.26
1958    49    1909       100.51
1958    50    1908        47.83
1958    51    1907        22.48
1958    52    1906        10.98
1958    53    1905         5.24
1958    54    1904         2.45
1958    55+   1903-        0.70
1959    12-   1947+        0.00
1959    13    1946         0.37
1959    14    1945        17.57
1959    15    1944       345.07
1959    16    1943      1539.04
1959    17    1942      6625.15
1959    18    1941     21376.48
1959    19    1940     44266.00
1959    20    1939     63680.43
1959    21    1938     74886.68
1959    22    1937     82516.86
1959    23    1936     89161.01
1959    24    1935     91942.07
1959    25    1934     88284.99
1959    26    1933     70838.59
1959    27    1932     68395.54
1959    28    1931     65914.48
1959    29    1930     64932.46
1959    30    1929     58078.30
1959    31    1928     53741.21
1959    32    1927     46797.05
1959    33    1926     43197.97
1959    34    1925     39897.89
1959    35    1924     34525.78
1959    36    1923     30681.69
1959    37    1922     27489.62
1959    38    1921     24397.55
1959    39    1920     19648.45
1959    40    1919     12070.27
1959    41    1918      5995.14
1959    42    1917      3999.09
1959    43    1916      3020.06
1959    44    1915      2333.06
1959    45    1914      1789.04
1959    46    1913       756.28
1959    47    1912       403.51
1959    48    1911       190.24
1959    49    1910        96.66
1959    50    1909        47.49
1959    51    1908        23.00
1959    52    1907        11.10
1959    53    1906         5.52
1959    54    1905         2.50
1959    55+   1904-        0.74
1960    12-   1948+        0.00
1960    13    1947         0.44
1960    14    1946        21.32
1960    15    1945       327.25
1960    16    1944      1927.08
1960    17    1943      7604.32
1960    18    1942     18681.77
1960    19    1941     42500.75
1960    20    1940     65767.71
1960    21    1939     80266.31
1960    22    1938     86610.57
1960    23    1937     89975.71
1960    24    1936     93230.85
1960    25    1935     93104.83
1960    26    1934     86075.55
1960    27    1933     67216.77
1960    28    1932     63457.61
1960    29    1931     60547.49
1960    30    1930     58788.42
1960    31    1929     52788.17
1960    32    1928     47853.97
1960    33    1927     40846.69
1960    34    1926     37590.55
1960    35    1925     34245.41
1960    36    1924     29673.22
1960    37    1923     25666.06
1960    38    1922     22490.93
1960    39    1921     19235.80
1960    40    1920     14872.62
1960    41    1919      9086.38
1960    42    1918      4108.17
1960    43    1917      2575.11
1960    44    1916      1775.08
1960    45    1915      1246.05
1960    46    1914       700.63
1960    47    1913       377.87
1960    48    1912       195.40
1960    49    1911        91.02
1960    50    1910        46.46
1960    51    1909        23.21
1960    52    1908        11.49
1960    53    1907         5.60
1960    54    1906         2.63
1960    55+   1905-        0.76
1961    12-   1949+        0.00
1961    13    1948         0.48
1961    14    1947        25.03
1961    15    1946       408.54
1961    16    1945      1806.25
1961    17    1944      8788.19
1961    18    1943     21166.87
1961    19    1942     36718.97
1961    20    1941     64629.75
1961    21    1940     85787.62
1961    22    1939     96630.10
1961    23    1938     98738.39
1961    24    1937     96495.08
1961    25    1936     96459.07
1961    26    1935     93306.64
1961    27    1934     84174.41
1961    28    1933     64367.72
1961    29    1932     60012.13
1961    30    1931     56200.62
1961    31    1930     53714.28
1961    32    1929     47576.45
1961    33    1928     42487.75
1961    34    1927     36571.95
1961    35    1926     33203.49
1961    36    1925     30055.07
1961    37    1924     25389.44
1961    38    1923     21395.90
1961    39    1922     18470.50
1961    40    1921     15051.04
1961    41    1920     11337.53
1961    42    1919      6225.84
1961    43    1918      2707.36
1961    44    1917      1467.20
1961    45    1916       980.13
1961    46    1915       507.48
1961    47    1914       324.92
1961    48    1913       162.53
1961    49    1912        81.69
1961    50    1911        38.56
1961    51    1910        20.37
1961    52    1909        10.71
1961    53    1908         5.51
1961    54    1907         2.59
1961    55+   1906-        0.78
1962    12-   1950+        0.00
1962    13    1949         0.52
1962    14    1948        28.57
1962    15    1947       477.96
1962    16    1946      2002.26
1962    17    1945      7043.92
1962    18    1944     22290.91
1962    19    1943     39285.14
1962    20    1942     53439.98
1962    21    1941     79664.41
1962    22    1940     99108.95
1962    23    1939    106091.86
1962    24    1938    102948.45
1962    25    1937     96734.64
1962    26    1936     94633.37
1962    27    1935     87482.43
1962    28    1934     77823.17
1962    29    1933     58344.62
1962    30    1932     53947.05
1962    31    1931     49904.52
1962    32    1930     46873.13
1962    33    1929     41297.39
1962    34    1928     36557.78
1962    35    1927     30947.04
1962    36    1926     27837.64
1962    37    1925     24809.24
1962    38    1924     20338.65
1962    39    1923     16739.18
1962    40    1922     13800.81
1962    41    1921     10891.42
1962    42    1920      7844.02
1962    43    1919      4128.54
1962    44    1918      1562.21
1962    45    1917       799.10
1962    46    1916       343.24
1962    47    1915       224.51
1962    48    1914       141.22
1962    49    1913        71.43
1962    50    1912        37.08
1962    51    1911        18.40
1962    52    1910        10.19
1962    53    1909         5.53
1962    54    1908         2.71
1962    55+   1907-        0.81
1963    12-   1951+        0.00
1963    13    1950         0.50
1963    14    1949        27.79
1963    15    1948       474.74
1963    16    1947      2345.08
1963    17    1946      8427.28
1963    18    1945     18345.61
1963    19    1944     42197.40
1963    20    1943     57963.92
1963    21    1942     67295.23
1963    22    1941     95182.16
1963    23    1940    109174.63
1963    24    1939    112328.73
1963    25    1938    105811.51
1963    26    1937     97013.22
1963    27    1936     91827.05
1963    28    1935     83636.78
1963    29    1934     73148.42
1963    30    1933     54546.81
1963    31    1932     49475.65
1963    32    1931     45334.50
1963    33    1930     42562.41
1963    34    1929     36588.22
1963    35    1928     32400.07
1963    36    1927     27249.90
1963    37    1926     24013.80
1963    38    1925     20821.69
1963    39    1924     16674.55
1963    40    1923     13317.44
1963    41    1922     10595.35
1963    42    1921      7709.25
1963    43    1920      5027.17
1963    44    1919      2505.08
1963    45    1918       876.03
1963    46    1917       298.32
1963    47    1916       158.43
1963    48    1915       102.85
1963    49    1914        65.72
1963    50    1913        34.36
1963    51    1912        18.63
1963    52    1911         9.64
1963    53    1910         5.45
1963    54    1909         2.78
1963    55+   1908-        0.85
1964    12-   1952+        0.00
1964    13    1951         0.49
1964    14    1950        28.00
1964    15    1949       489.52
1964    16    1948      2405.04
1964    17    1947      9734.15
1964    18    1946     20993.34
1964    19    1945     33454.54
1964    20    1944     60169.98
1964    21    1943     71399.15
1964    22    1942     77226.26
1964    23    1941    102055.66
1964    24    1940    113186.84
1964    25    1939    111934.81
1964    26    1938    102958.66
1964    27    1937     92122.49
1964    28    1936     84986.38
1964    29    1935     76817.24
1964    30    1934     66403.08
1964    31    1933     49001.80
1964    32    1932     44056.72
1964    33    1931     40324.66
1964    34    1930     37344.60
1964    35    1929     31941.52
1964    36    1928     27890.45
1964    37    1927     23094.38
1964    38    1926     20040.32
1964    39    1925     16574.26
1964    40    1924     13012.21
1964    41    1923      9904.16
1964    42    1922      7395.12
1964    43    1921      5240.08
1964    44    1920      3057.05
1964    45    1919      1360.02
1964    46    1918       335.69
1964    47    1917       152.73
1964    48    1916        82.60
1964    49    1915        54.85
1964    50    1914        35.98
1964    51    1913        19.29
1964    52    1912        10.65
1964    53    1911         5.48
1964    54    1910         2.85
1964    55+   1909-        0.89
1965    12-   1953+        0.00
1965    13    1952         0.46
1965    14    1951        26.19
1965    15    1950       487.36
1965    16    1949      2682.00
1965    17    1948     10204.01
1965    18    1947     24573.02
1965    19    1946     37773.02
1965    20    1945     46179.04
1965    21    1944     72364.05
1965    22    1943     80915.06
1965    23    1942     81281.06
1965    24    1941    102969.08
1965    25    1940    110840.08
1965    26    1939    107430.09
1965    27    1938     95488.07
1965    28    1937     83888.07
1965    29    1936     75765.06
1965    30    1935     68093.05
1965    31    1934     57637.05
1965    32    1933     42143.03
1965    33    1932     37587.03
1965    34    1931     33920.02
1965    35    1930     31205.02
1965    36    1929     26564.02
1965    37    1928     22635.02
1965    38    1927     18362.02
1965    39    1926     15499.01
1965    40    1925     12759.01
1965    41    1924      9526.01
1965    42    1923      6595.01
1965    43    1922      4609.00
1965    44    1921      2893.00
1965    45    1920      1620.00
1965    46    1919       508.05
1965    47    1918       169.76
1965    48    1917        80.79
1965    49    1916        44.82
1965    50    1915        30.13
1965    51    1914        19.83
1965    52    1913        10.54
1965    53    1912         5.64
1965    54    1911         2.62
1965    55+   1910-        0.83
1966    12-   1954+        0.00
1966    13    1953         0.45
1966    14    1952        25.10
1966    15    1951       463.47
1966    16    1950      2706.00
1966    17    1949     11288.02
1966    18    1948     25932.04
1966    19    1947     44615.06
1966    20    1946     54168.08
1966    21    1945     55874.08
1966    22    1944     82055.12
1966    23    1943     86172.14
1966    24    1942     84577.12
1966    25    1941    103105.16
1966    26    1940    107760.16
1966    27    1939    101650.16
1966    28    1938     88694.14
1966    29    1937     76010.12
1966    30    1936     68518.11
1966    31    1935     59923.09
1966    32    1934     50296.08
1966    33    1933     36736.06
1966    34    1932     32279.05
1966    35    1931     28700.05
1966    36    1930     26588.04
1966    37    1929     21810.03
1966    38    1928     18396.03
1966    39    1927     14246.02
1966    40    1926     11507.02
1966    41    1925      8778.02
1966    42    1924      6235.01
1966    43    1923      4057.01
1966    44    1922      2612.00
1966    45    1921      1513.00
1966    46    1920       599.93
1966    47    1919       239.86
1966    48    1918        80.56
1966    49    1917        38.42
1966    50    1916        21.34
1966    51    1915        14.38
1966    52    1914         9.45
1966    53    1913         4.94
1966    54    1912         2.42
1966    55+   1911-        0.70
1967    12-   1955+        0.00
1967    13    1954         0.46
1967    14    1953        25.71
1967    15    1952       465.82
1967    16    1951      2509.00
1967    17    1950     11112.00
1967    18    1949     27903.00
1967    19    1948     46535.00
1967    20    1947     61217.00
1967    21    1946     64054.00
1967    22    1945     61629.00
1967    23    1944     84134.00
1967    24    1943     85338.00
1967    25    1942     81078.00
1967    26    1941     96369.00
1967    27    1940     97762.00
1967    28    1939     90548.00
1967    29    1938     77906.00
1967    30    1937     66193.00
1967    31    1936     58430.00
1967    32    1935     50398.00
1967    33    1934     42361.00
1967    34    1933     30715.00
1967    35    1932     26860.00
1967    36    1931     23759.00
1967    37    1930     21052.00
1967    38    1929     17273.00
1967    39    1928     13968.00
1967    40    1927     10462.00
1967    41    1926      8026.00
1967    42    1925      5587.00
1967    43    1924      3814.00
1967    44    1923      2321.00
1967    45    1922      1419.00
1967    46    1921       557.14
1967    47    1920       299.66
1967    48    1919       115.31
1967    49    1918        37.88
1967    50    1917        17.94
1967    51    1916        10.00
1967    52    1915         6.79
1967    53    1914         4.45
1967    54    1913         2.16
1967    55+   1912-        0.67
1968    12-   1956+        0.00
1968    13    1955         0.50
1968    14    1954        28.72
1968    15    1953       501.78
1968    16    1952      2568.01
1968    17    1951     11247.03
1968    18    1950     28686.07
1968    19    1949     49733.12
1968    20    1948     63347.15
1968    21    1947     71211.17
1968    22    1946     67663.17
1968    23    1945     59963.15
1968    24    1944     79641.20
1968    25    1943     78987.19
1968    26    1942     74136.19
1968    27    1941     86359.22
1968    28    1940     85929.21
1968    29    1939     78618.19
1968    30    1938     66343.17
1968    31    1937     55658.14
1968    32    1936     48938.12
1968    33    1935     41686.11
1968    34    1934     35344.09
1968    35    1933     25540.07
1968    36    1932     22256.06
1968    37    1931     19170.05
1968    38    1930     16802.04
1968    39    1929     13452.03
1968    40    1928     10388.03
1968    41    1927      7360.02
1968    42    1926      5330.01
1968    43    1925      3619.01
1968    44    1924      2208.01
1968    45    1923      1239.00
1968    46    1922       492.04
1968    47    1921       281.92
1968    48    1920       146.27
1968    49    1919        55.23
1968    50    1918        18.07
1968    51    1917         8.63
1968    52    1916         4.87
1968    53    1915         3.31
1968    54    1914         2.04
1968    55+   1913-        0.62
1969    12-   1957+        0.00
1969    13    1956         0.49
1969    14    1955        28.58
1969    15    1954       524.93
1969    16    1953      2710.00
1969    17    1952     12052.00
1969    18    1951     29685.00
1969    19    1950     51766.00
1969    20    1949     67024.00
1969    21    1948     70512.00
1969    22    1947     70902.00
1969    23    1946     62841.00
1969    24    1945     53920.00
1969    25    1944     71886.00
1969    26    1943     70924.00
1969    27    1942     64433.00
1969    28    1941     74005.00
1969    29    1940     72891.00
1969    30    1939     66094.00
1969    31    1938     55369.00
1969    32    1937     46136.00
1969    33    1936     40393.00
1969    34    1935     34482.00
1969    35    1934     29010.00
1969    36    1933     20673.00
1969    37    1932     17570.00
1969    38    1931     15166.00
1969    39    1930     12736.00
1969    40    1929      9388.00
1969    41    1928      7114.00
1969    42    1927      4819.00
1969    43    1926      3244.00
1969    44    1925      2024.00
1969    45    1924      1117.00
1969    46    1923       432.37
1969    47    1922       247.09
1969    48    1921       135.27
1969    49    1920        68.53
1969    50    1919        25.73
1969    51    1918         8.49
1969    52    1917         4.12
1969    53    1916         2.34
1969    54    1915         1.49
1969    55+   1914-        0.58
1970    12-   1958+        0.00
1970    13    1957         0.52
1970    14    1956        33.05
1970    15    1955       608.44
1970    16    1954      3141.01
1970    17    1953     12636.03
1970    18    1952     29779.08
1970    19    1951     51122.15
1970    20    1950     65912.19
1970    21    1949     70633.21
1970    22    1948     68145.20
1970    23    1947     64629.19
1970    24    1946     55870.16
1970    25    1945     47895.13
1970    26    1944     62054.18
1970    27    1943     59905.17
1970    28    1942     54045.15
1970    29    1941     61103.18
1970    30    1940     59385.17
1970    31    1939     52964.15
1970    32    1938     43768.13
1970    33    1937     36041.10
1970    34    1936     31559.09
1970    35    1935     27118.08
1970    36    1934     22379.06
1970    37    1933     16105.04
1970    38    1932     13508.03
1970    39    1931     10949.03
1970    40    1930      8862.02
1970    41    1929      6468.02
1970    42    1928      4573.01
1970    43    1927      2878.01
1970    44    1926      1740.01
1970    45    1925      1011.00
1970    46    1924       422.28
1970    47    1923       236.74
1970    48    1922       130.60
1970    49    1921        69.69
1970    50    1920        34.81
1970    51    1919        12.99
1970    52    1918         4.28
1970    53    1917         2.06
1970    54    1916         1.08
1970    55+   1915-        0.43
1971    12-   1959+        0.00
1971    13    1958         0.58
1971    14    1957        39.05
1971    15    1956       732.37
1971    16    1955      3556.01
1971    17    1954     13903.03
1971    18    1953     30828.06
1971    19    1952     50446.10
1971    20    1951     63549.12
1971    21    1950     71566.14
1971    22    1949     71867.15
1971    23    1948     65968.13
1971    24    1947     61709.12
1971    25    1946     53367.11
1971    26    1945     45143.09
1971    27    1944     56395.11
1971    28    1943     53474.11
1971    29    1942     47329.09
1971    30    1941     52410.10
1971    31    1940     49675.10
1971    32    1939     43181.09
1971    33    1938     36094.07
1971    34    1937     29561.05
1971    35    1936     25510.05
1971    36    1935     21788.04
1971    37    1934     17769.04
1971    38    1933     12447.03
1971    39    1932     10251.02
1971    40    1931      7928.01
1971    41    1930      6318.02
1971    42    1929      4305.01
1971    43    1928      2942.01
1971    44    1927      1625.01
1971    45    1926       917.01
1971    46    1925       382.34
1971    47    1924       203.48
1971    48    1923       105.51
1971    49    1922        56.02
1971    50    1921        29.67
1971    51    1920        15.05
1971    52    1919         5.78
1971    53    1918         1.94
1971    54    1917         0.89
1971    55+   1916-        0.30
1972    12-   1960+        0.00
1972    13    1959         0.59
1972    14    1958        40.83
1972    15    1957       776.59
1972    16    1956      3648.03
1972    17    1955     13103.10
1972    18    1954     28209.22
1972    19    1953     44203.34
1972    20    1952     56878.44
1972    21    1951     62096.48
1972    22    1950     66269.52
1972    23    1949     64481.50
1972    24    1948     59182.46
1972    25    1947     54371.42
1972    26    1946     45854.35
1972    27    1945     38106.30
1972    28    1944     46626.37
1972    29    1943     43787.34
1972    30    1942     37650.30
1972    31    1941     40214.31
1972    32    1940     37803.29
1972    33    1939     32963.26
1972    34    1938     26828.21
1972    35    1937     21876.17
1972    36    1936     18647.15
1972    37    1935     15710.12
1972    38    1934     12330.10
1972    39    1933      8747.07
1972    40    1932      6835.05
1972    41    1931      5201.04
1972    42    1930      3782.03
1972    43    1929      2487.01
1972    44    1928      1419.01
1972    45    1927       787.00
1972    46    1926       345.84
1972    47    1925       195.52
1972    48    1924        98.48
1972    49    1923        49.47
1972    50    1922        25.96
1972    51    1921        13.81
1972    52    1920         7.09
1972    53    1919         2.72
1972    54    1918         0.86
1972    55+   1917-        0.25
1973    12-   1961+        0.00
1973    13    1960         0.59
1973    14    1959        43.01
1973    15    1958       780.40
1973    16    1957      3483.00
1973    17    1956     11563.00
1973    18    1955     24549.00
1973    19    1954     39832.00
1973    20    1953     49937.00
1973    21    1952     56773.00
1973    22    1951     59347.00
1973    23    1950     62251.00
1973    24    1949     59071.00
1973    25    1948     53856.00
1973    26    1947     48198.00
1973    27    1946     40233.00
1973    28    1945     32251.00
1973    29    1944     38402.00
1973    30    1943     35002.00
1973    31    1942     29722.00
1973    32    1941     30793.00
1973    33    1940     28221.00
1973    34    1939     24545.00
1973    35    1938     19953.00
1973    36    1937     16046.00
1973    37    1936     13598.00
1973    38    1935     10760.00
1973    39    1934      8750.00
1973    40    1933      5743.00
1973    41    1932      4352.00
1973    42    1931      3116.00
1973    43    1930      2213.00
1973    44    1929      1288.00
1973    45    1928       690.00
1973    46    1927       281.72
1973    47    1926       157.26
1973    48    1925        84.03
1973    49    1924        41.33
1973    50    1923        20.80
1973    51    1922        11.15
1973    52    1921         6.10
1973    53    1920         3.19
1973    54    1919         1.16
1973    55+   1918-        0.23
1974    12-   1962+        0.00
1974    13    1961         0.49
1974    14    1960        34.27
1974    15    1959       657.24
1974    16    1958      3227.01
1974    17    1957     11076.03
1974    18    1956     23220.06
1974    19    1955     37728.09
1974    20    1954     48837.12
1974    21    1953     55035.14
1974    22    1952     59051.15
1974    23    1951     61014.15
1974    24    1950     63190.16
1974    25    1949     58926.15
1974    26    1948     52305.13
1974    27    1947     45622.12
1974    28    1946     37403.09
1974    29    1945     29204.08
1974    30    1944     33714.09
1974    31    1943     30113.08
1974    32    1942     24893.06
1974    33    1941     25378.07
1974    34    1940     23384.05
1974    35    1939     19330.05
1974    36    1938     15418.03
1974    37    1937     12124.03
1974    38    1936      9856.02
1974    39    1935      7854.02
1974    40    1934      6044.01
1974    41    1933      3859.01
1974    42    1932      2783.01
1974    43    1931      1864.00
1974    44    1930      1171.01
1974    45    1929       611.00
1974    46    1928       271.78
1974    47    1927       142.06
1974    48    1926        76.72
1974    49    1925        40.51
1974    50    1924        20.05
1974    51    1923        10.27
1974    52    1922         5.63
1974    53    1921         3.11
1974    54    1920         1.53
1974    55+   1919-        0.35
1975    12-   1963+        0.00
1975    13    1962         0.48
1975    14    1961        33.11
1975    15    1960       613.40
1975    16    1959      2979.00
1975    17    1958      9328.00
1975    18    1957     20770.00
1975    19    1956     34884.00
1975    20    1955     45851.00
1975    21    1954     52197.00
1975    22    1953     57254.00
1975    23    1952     60437.00
1975    24    1951     60580.00
1975    25    1950     61879.00
1975    26    1949     56257.00
1975    27    1948     48266.00
1975    28    1947     41523.00
1975    29    1946     32916.00
1975    30    1945     25926.00
1975    31    1944     28850.00
1975    32    1943     24740.00
1975    33    1942     20672.00
1975    34    1941     20447.00
1975    35    1940     18113.00
1975    36    1939     14949.00
1975    37    1938     11575.00
1975    38    1937      8772.00
1975    39    1936      7135.00
1975    40    1935      5396.00
1975    41    1934      3915.00
1975    42    1933      2416.00
1975    43    1932      1604.00
1975    44    1931       975.00
1975    45    1930       561.00
1975    46    1929       233.90
1975    47    1928       127.14
1975    48    1927        64.02
1975    49    1926        34.16
1975    50    1925        18.19
1975    51    1924         9.21
1975    52    1923         4.85
1975    53    1922         2.69
1975    54    1921         1.40
1975    55+   1920-        0.43
1976    12-   1964+        0.00
1976    13    1963         0.46
1976    14    1962        29.79
1976    15    1961       564.74
1976    16    1960      2833.00
1976    17    1959      9180.00
1976    18    1958     19435.00
1976    19    1957     34300.00
1976    20    1956     45993.00
1976    21    1955     53112.00
1976    22    1954     58565.00
1976    23    1953     61495.00
1976    24    1952     64273.00
1976    25    1951     61873.00
1976    26    1950     60773.00
1976    27    1949     54320.00
1976    28    1948     45462.00
1976    29    1947     38352.00
1976    30    1946     29876.00
1976    31    1945     22436.00
1976    32    1944     24843.00
1976    33    1943     21263.00
1976    34    1942     17034.00
1976    35    1941     16523.00
1976    36    1940     14382.00
1976    37    1939     11467.00
1976    38    1938      8865.00
1976    39    1937      6710.00
1976    40    1936      4939.00
1976    41    1935      3648.00
1976    42    1934      2473.00
1976    43    1933      1434.00
1976    44    1932       924.00
1976    45    1931       489.00
1976    46    1930       221.16
1976    47    1929       117.36
1976    48    1928        62.39
1976    49    1927        31.25
1976    50    1926        16.82
1976    51    1925         9.12
1976    52    1924         4.71
1976    53    1923         2.49
1976    54    1922         1.29
1976    55+   1921-        0.42
1977    12-   1965+        0.00
1977    13    1964         0.43
1977    14    1963        27.77
1977    15    1962       498.79
1977    16    1961      2548.00
1977    17    1960      8806.00
1977    18    1959     19407.00
1977    19    1958     32938.00
1977    20    1957     44739.00
1977    21    1956     53479.00
1977    22    1955     58767.00
1977    23    1954     62737.00
1977    24    1953     64672.00
1977    25    1952     64467.00
1977    26    1951     60890.00
1977    27    1950     58026.00
1977    28    1949     50175.00
1977    29    1948     41675.00
1977    30    1947     33690.00
1977    31    1946     25754.00
1977    32    1945     18973.00
1977    33    1944     20270.00
1977    34    1943     17156.00
1977    35    1942     13719.00
1977    36    1941     12757.00
1977    37    1940     11108.00
1977    38    1939      8634.00
1977    39    1938      6344.00
1977    40    1937      4521.00
1977    41    1936      3280.00
1977    42    1935      2229.00
1977    43    1934      1486.00
1977    44    1933       799.00
1977    45    1932       468.00
1977    46    1931       206.28
1977    47    1930       120.10
1977    48    1929        61.93
1977    49    1928        32.50
1977    50    1927        16.30
1977    51    1926         8.87
1977    52    1925         4.87
1977    53    1924         2.51
1977    54    1923         1.23
1977    55+   1922-        0.40
1978    12-   1966+        0.00
1978    13    1965         0.40
1978    14    1964        26.01
1978    15    1963       471.59
1978    16    1962      2372.00
1978    17    1961      8156.00
1978    18    1960     19489.00
1978    19    1959     33997.00
1978    20    1958     44547.00
1978    21    1957     52518.00
1978    22    1956     58892.00
1978    23    1955     62663.00
1978    24    1954     64224.00
1978    25    1953     63723.00
1978    26    1952     62536.00
1978    27    1951     56814.00
1978    28    1950     52828.00
1978    29    1949     45480.00
1978    30    1948     36780.00
1978    31    1947     28901.00
1978    32    1946     21496.00
1978    33    1945     16003.00
1978    34    1944     16524.00
1978    35    1943     13698.00
1978    36    1942     10529.00
1978    37    1941      9762.00
1978    38    1940      8052.00
1978    39    1939      6150.00
1978    40    1938      4338.00
1978    41    1937      2829.00
1978    42    1936      2007.00
1978    43    1935      1315.00
1978    44    1934       710.00
1978    45    1933       397.00
1978    46    1932       174.67
1978    47    1931        98.71
1978    48    1930        56.47
1978    49    1929        29.14
1978    50    1928        15.53
1978    51    1927         7.99
1978    52    1926         4.46
1978    53    1925         2.47
1978    54    1924         1.19
1978    55+   1923-        0.36
1979    12-   1967+        0.00
1979    13    1966         0.46
1979    14    1965        31.68
1979    15    1964       535.86
1979    16    1963      2276.00
1979    17    1962      7978.00
1979    18    1961     18217.00
1979    19    1960     34207.00
1979    20    1959     46670.00
1979    21    1958     52502.00
1979    22    1957     58031.00
1979    23    1956     62577.00
1979    24    1955     63907.00
1979    25    1954     64444.00
1979    26    1953     61528.00
1979    27    1952     58297.00
1979    28    1951     52561.00
1979    29    1950     47780.00
1979    30    1949     40512.00
1979    31    1948     31738.00
1979    32    1947     24700.00
1979    33    1946     17985.00
1979    34    1945     13201.00
1979    35    1944     13500.00
1979    36    1943     10784.00
1979    37    1942      8255.00
1979    38    1941      7327.00
1979    39    1940      6054.00
1979    40    1939      4297.00
1979    41    1938      2936.00
1979    42    1937      1787.00
1979    43    1936      1130.00
1979    44    1935       686.00
1979    45    1934       376.00
1979    46    1933       171.59
1979    47    1932       103.34
1979    48    1931        59.64
1979    49    1930        34.53
1979    50    1929        17.94
1979    51    1928         9.59
1979    52    1927         4.92
1979    53    1926         2.69
1979    54    1925         1.36
1979    55+   1924-        0.41
1980    12-   1968+        0.00
1980    13    1967         0.44
1980    14    1966        30.54
1980    15    1965       527.01
1980    16    1964      2481.00
1980    17    1963      7959.00
1980    18    1962     18625.00
1980    19    1961     35710.00
1980    20    1960     50383.00
1980    21    1959     58555.00
1980    22    1958     61333.00
1980    23    1957     65008.00
1980    24    1956     67391.00
1980    25    1955     66920.00
1980    26    1954     65630.00
1980    27    1953     60213.00
1980    28    1952     56155.00
1980    29    1951     48740.00
1980    30    1950     43939.00
1980    31    1949     35833.00
1980    32    1948     28020.00
1980    33    1947     21268.00
1980    34    1946     15473.00
1980    35    1945     11284.00
1980    36    1944     11303.00
1980    37    1943      8831.00
1980    38    1942      6662.00
1980    39    1941      5563.00
1980    40    1940      4417.00
1980    41    1939      2958.00
1980    42    1938      1937.00
1980    43    1937      1160.00
1980    44    1936       676.00
1980    45    1935       378.00
1980    46    1934       199.06
1980    47    1933        99.78
1980    48    1932        57.52
1980    49    1931        32.27
1980    50    1930        18.43
1980    51    1929         9.53
1980    52    1928         5.10
1980    53    1927         2.59
1980    54    1926         1.31
1980    55+   1925-        0.42
1981    12-   1969+        0.00
1981    13    1968         0.36
1981    14    1967        24.15
1981    15    1966       431.49
1981    16    1965      2162.00
1981    17    1964      7128.02
1981    18    1963     17136.04
1981    19    1962     33369.08
1981    20    1961     48646.12
1981    21    1960     57642.14
1981    22    1959     63122.15
1981    23    1958     64090.15
1981    24    1957     65968.15
1981    25    1956     67096.16
1981    26    1955     64644.15
1981    27    1954     60565.14
1981    28    1953     54879.13
1981    29    1952     49938.12
1981    30    1951     42905.10
1981    31    1950     37496.08
1981    32    1949     30682.07
1981    33    1948     23154.06
1981    34    1947     17514.04
1981    35    1946     12774.03
1981    36    1945      8866.02
1981    37    1944      8717.03
1981    38    1943      6588.01
1981    39    1942      4827.01
1981    40    1941      4069.01
1981    41    1940      3035.01
1981    42    1939      1988.01
1981    43    1938      1191.01
1981    44    1937       639.00
1981    45    1936       383.00
1981    46    1935       198.49
1981    47    1934       114.34
1981    48    1933        53.24
1981    49    1932        29.24
1981    50    1931        15.98
1981    51    1930         9.04
1981    52    1929         4.67
1981    53    1928         2.48
1981    54    1927         1.16
1981    55+   1926-        0.37
1982    12-   1970+        0.00
1982    13    1969         0.36
1982    14    1968        25.25
1982    15    1967       420.40
1982    16    1966      1923.00
1982    17    1965      6263.00
1982    18    1964     16086.00
1982    19    1963     31369.00
1982    20    1962     46294.00
1982    21    1961     56441.00
1982    22    1960     63102.00
1982    23    1959     66241.00
1982    24    1958     66247.00
1982    25    1957     66975.00
1982    26    1956     65212.00
1982    27    1955     60567.00
1982    28    1954     56039.00
1982    29    1953     49440.00
1982    30    1952     44319.00
1982    31    1951     36438.00
1982    32    1950     31550.00
1982    33    1949     24793.00
1982    34    1948     18664.00
1982    35    1947     14152.00
1982    36    1946      9833.00
1982    37    1945      6845.00
1982    38    1944      6592.00
1982    39    1943      4861.00
1982    40    1942      3447.00
1982    41    1941      2645.00
1982    42    1940      1935.00
1982    43    1939      1171.00
1982    44    1938       654.00
1982    45    1937       367.00
1982    46    1936       166.68
1982    47    1935        96.75
1982    48    1934        51.16
1982    49    1933        22.80
1982    50    1932        12.37
1982    51    1931         6.85
1982    52    1930         3.96
1982    53    1929         2.08
1982    54    1928         1.04
1982    55+   1927-        0.31
1983    12-   1971+        0.00
1983    13    1970         0.33
1983    14    1969        23.79
1983    15    1968       372.87
1983    16    1967      1503.00
1983    17    1966      5167.01
1983    18    1965     13141.03
1983    19    1964     27693.07
1983    20    1963     42337.11
1983    21    1962     51416.12
1983    22    1961     59518.14
1983    23    1960     64665.16
1983    24    1959     66892.16
1983    25    1958     65275.16
1983    26    1957     63739.15
1983    27    1956     59431.14
1983    28    1955     53787.13
1983    29    1954     48437.12
1983    30    1953     42093.11
1983    31    1952     36179.09
1983    32    1951     29631.07
1983    33    1950     25159.06
1983    34    1949     19492.05
1983    35    1948     14653.03
1983    36    1947     10655.02
1983    37    1946      7443.02
1983    38    1945      4998.01
1983    39    1944      4524.01
1983    40    1943      3311.01
1983    41    1942      2239.00
1983    42    1941      1695.00
1983    43    1940      1122.01
1983    44    1939       641.01
1983    45    1938       354.00
1983    46    1937       153.26
1983    47    1936        90.62
1983    48    1935        50.13
1983    49    1934        25.77
1983    50    1933        11.36
1983    51    1932         6.18
1983    52    1931         3.43
1983    53    1930         1.98
1983    54    1929         0.96
1983    55+   1928-        0.30
1984    12-   1972+        0.00
1984    13    1971         0.30
1984    14    1970        20.68
1984    15    1969       342.03
1984    16    1968      1475.01
1984    17    1967      4576.01
1984    18    1966     11489.04
1984    19    1965     24592.09
1984    20    1964     38581.14
1984    21    1963     48269.18
1984    22    1962     55273.20
1984    23    1961     61892.23
1984    24    1960     65262.24
1984    25    1959     66713.24
1984    26    1958     63452.24
1984    27    1957     59751.22
1984    28    1956     54737.20
1984    29    1955     48233.18
1984    30    1954     42695.16
1984    31    1953     36368.13
1984    32    1952     30261.11
1984    33    1951     24312.09
1984    34    1950     20276.08
1984    35    1949     15838.05
1984    36    1948     11555.05
1984    37    1947      8284.03
1984    38    1946      5448.02
1984    39    1945      3591.02
1984    40    1944      3170.01
1984    41    1943      2250.00
1984    42    1942      1353.00
1984    43    1941       989.00
1984    44    1940       595.00
1984    45    1939       338.00
1984    46    1938       139.43
1984    47    1937        77.96
1984    48    1936        43.78
1984    49    1935        23.61
1984    50    1934        12.08
1984    51    1933         5.37
1984    52    1932         2.97
1984    53    1931         1.65
1984    54    1930         0.89
1984    55+   1929-        0.27
1985    12-   1973+        0.00
1985    13    1972         0.28
1985    14    1971        22.66
1985    15    1970       343.06
1985    16    1969      1389.00
1985    17    1968      4209.00
1985    18    1967     10509.02
1985    19    1966     22249.02
1985    20    1965     34591.04
1985    21    1964     45092.06
1985    22    1963     53404.07
1985    23    1962     59507.07
1985    24    1961     65365.09
1985    25    1960     67677.08
1985    26    1959     66690.09
1985    27    1958     61351.08
1985    28    1957     55922.07
1985    29    1956     50126.06
1985    30    1955     43665.05
1985    31    1954     37782.04
1985    32    1953     30863.04
1985    33    1952     25741.03
1985    34    1951     20378.03
1985    35    1950     16958.03
1985    36    1949     12690.01
1985    37    1948      8934.01
1985    38    1947      6128.01
1985    39    1946      3981.00
1985    40    1945      2532.00
1985    41    1944      2197.00
1985    42    1943      1448.01
1985    43    1942       847.00
1985    44    1941       574.00
1985    45    1940       330.00
1985    46    1939       140.21
1985    47    1938        78.29
1985    48    1937        41.79
1985    49    1936        22.86
1985    50    1935        12.21
1985    51    1934         6.26
1985    52    1933         2.80
1985    53    1932         1.54
1985    54    1931         0.79
1985    55+   1930-        0.27
1986    12-   1974+        0.00
1986    13    1973         0.26
1986    14    1972        19.26
1986    15    1971       315.48
1986    16    1970      1266.01
1986    17    1969      4023.02
1986    18    1968      9715.05
1986    19    1967     20518.09
1986    20    1966     32896.15
1986    21    1965     42479.20
1986    22    1964     52543.24
1986    23    1963     60518.29
1986    24    1962     65514.31
1986    25    1961     71532.34
1986    26    1960     70922.34
1986    27    1959     67327.32
1986    28    1958     60663.28
1986    29    1957     54239.26
1986    30    1956     47924.22
1986    31    1955     40370.19
1986    32    1954     34184.16
1986    33    1953     27315.13
1986    34    1952     22163.11
1986    35    1951     17516.08
1986    36    1950     13895.06
1986    37    1949     10408.05
1986    38    1948      7017.04
1986    39    1947      4747.02
1986    40    1946      3038.02
1986    41    1945      1737.01
1986    42    1944      1505.01
1986    43    1943       837.00
1986    44    1942       508.00
1986    45    1941       267.00
1986    46    1940       133.05
1986    47    1939        80.82
1986    48    1938        44.11
1986    49    1937        23.30
1986    50    1936        12.73
1986    51    1935         6.84
1986    52    1934         3.53
1986    53    1933         1.56
1986    54    1932         0.79
1986    55+   1931-        0.26
1987    12-   1975+        0.00
1987    13    1974         0.26
1987    14    1973        17.72
1987    15    1972       292.02
1987    16    1971      1265.00
1987    17    1970      3861.01
1987    18    1969      9318.03
1987    19    1968     19446.05
1987    20    1967     30657.07
1987    21    1966     40966.10
1987    22    1965     49661.11
1987    23    1964     59379.13
1987    24    1963     67176.15
1987    25    1962     70824.17
1987    26    1961     72716.17
1987    27    1960     70569.17
1987    28    1959     65352.15
1987    29    1958     57039.13
1987    30    1957     50343.11
1987    31    1956     43084.10
1987    32    1955     35765.08
1987    33    1954     29316.07
1987    34    1953     23717.05
1987    35    1952     19128.05
1987    36    1951     14463.03
1987    37    1950     11358.03
1987    38    1949      8028.02
1987    39    1948      5342.01
1987    40    1947      3521.01
1987    41    1946      2181.00
1987    42    1945      1222.01
1987    43    1944       900.00
1987    44    1943       464.00
1987    45    1942       268.00
1987    46    1941       139.82
1987    47    1940        87.61
1987    48    1939        48.73
1987    49    1938        25.18
1987    50    1937        12.93
1987    51    1936         7.00
1987    52    1935         3.77
1987    53    1934         1.93
1987    54    1933         0.79
1987    55+   1932-        0.24
1988    12-   1976+        0.00
1988    13    1975         0.32
1988    14    1974        22.36
1988    15    1973       338.33
1988    16    1972      1286.00
1988    17    1971      3865.00
1988    18    1970      8984.00
1988    19    1969     18922.00
1988    20    1968     29426.00
1988    21    1967     38207.00
1988    22    1966     48118.00
1988    23    1965     56848.00
1988    24    1964     66607.00
1988    25    1963     73265.00
1988    26    1962     75321.00
1988    27    1961     73843.00
1988    28    1960     68932.00
1988    29    1959     62043.00
1988    30    1958     53995.00
1988    31    1957     46258.00
1988    32    1956     38807.00
1988    33    1955     31058.00
1988    34    1954     25325.00
1988    35    1953     19993.00
1988    36    1952     15565.00
1988    37    1951     11413.00
1988    38    1950      8862.00
1988    39    1949      6100.00
1988    40    1948      3954.00
1988    41    1947      2406.00
1988    42    1946      1427.00
1988    43    1945       740.00
1988    44    1944       500.00
1988    45    1943       271.00
1988    46    1942       112.48
1988    47    1941        78.72
1988    48    1940        46.86
1988    49    1939        25.58
1988    50    1938        13.27
1988    51    1937         6.94
1988    52    1936         3.84
1988    53    1935         2.08
1988    54    1934         0.99
1988    55+   1933-        0.26
1989    12-   1977+        0.00
1989    13    1976         0.29
1989    14    1975        18.85
1989    15    1974       300.86
1989    16    1973      1152.00
1989    17    1972      3133.00
1989    18    1971      7285.00
1989    19    1970     15302.00
1989    20    1969     25640.00
1989    21    1968     34782.00
1989    22    1967     42446.00
1989    23    1966     52631.00
1989    24    1965     62013.00
1989    25    1964     70918.00
1989    26    1963     76236.00
1989    27    1962     73758.00
1989    28    1961     70944.00
1989    29    1960     64740.00
1989    30    1959     56799.00
1989    31    1958     47871.00
1989    32    1957     39764.00
1989    33    1956     33017.00
1989    34    1955     25856.00
1989    35    1954     20858.00
1989    36    1953     16281.00
1989    37    1952     12533.00
1989    38    1951      9028.00
1989    39    1950      6408.00
1989    40    1949      4527.00
1989    41    1948      2743.00
1989    42    1947      1554.00
1989    43    1946       885.00
1989    44    1945       448.00
1989    45    1944       270.00
1989    46    1943       130.91
1989    47    1942        73.85
1989    48    1941        50.43
1989    49    1940        29.51
1989    50    1939        15.97
1989    51    1938         8.24
1989    52    1937         4.29
1989    53    1936         2.31
1989    54    1935         1.14
1989    55+   1934-        0.34
1990    12-   1978+        0.00
1990    13    1977         2.60
1990    14    1976       145.18
1990    15    1975       301.00
1990    16    1974      1277.00
1990    17    1973      3404.00
1990    18    1972      8407.00
1990    19    1971     17447.00
1990    20    1970     27106.00
1990    21    1969     35654.00
1990    22    1968     42889.00
1990    23    1967     50873.00
1990    24    1966     61092.00
1990    25    1965     68944.00
1990    26    1964     75512.00
1990    27    1963     75917.00
1990    28    1962     72763.00
1990    29    1961     67703.00
1990    30    1960     60169.00
1990    31    1959     51751.00
1990    32    1958     42202.00
1990    33    1957     34973.00
1990    34    1956     27984.00
1990    35    1955     22189.00
1990    36    1954     16910.00
1990    37    1953     12297.00
1990    38    1952      9592.00
1990    39    1951      6483.00
1990    40    1950      4906.00
1990    41    1949      2998.00
1990    42    1948      1770.00
1990    43    1947       952.00
1990    44    1946       516.00
1990    45    1945       244.00
1990    46    1944       136.00
1990    47    1943        69.00
1990    48    1942        51.00
1990    49    1941        31.00
1990    50    1940         6.83
1990    51    1939         4.01
1990    52    1938         2.27
1990    53    1937         1.25
1990    54    1936         0.65
1990    55+   1935-        0.20
1991    12-   1979+        0.00
1991    13    1978        16.01
1991    14    1977        59.01
1991    15    1976       341.04
1991    16    1975      1318.18
1991    17    1974      3519.48
1991    18    1973      7648.04
1991    19    1972     15028.05
1991    20    1971     23755.24
1991    21    1970     30208.12
1991    22    1969     36469.97
1991    23    1968     42592.80
1991    24    1967     49621.75
1991    25    1966     58382.95
1991    26    1965     65173.87
1991    27    1964     69370.45
1991    28    1963     68588.34
1991    29    1962     63503.65
1991    30    1961     58900.02
1991    31    1960     50882.92
1991    32    1959     42605.80
1991    33    1958     34380.69
1991    34    1957     27722.77
1991    35    1956     22147.01
1991    36    1955     16894.30
1991    37    1954     13017.77
1991    38    1953      9233.25
1991    39    1952      6773.92
1991    40    1951      4608.63
1991    41    1950      3281.44
1991    42    1949      1874.26
1991    43    1948      1058.15
1991    44    1947       526.07
1991    45    1946       239.03
1991    46    1945       111.02
1991    47    1944        58.00
1991    48    1943        35.01
1991    49    1942        29.00
1991    50    1941        18.50
1991    51    1940        12.07
1991    52    1939         6.83
1991    53    1938         3.49
1991    54    1937         1.62
1991    55+   1936-        0.50
1992    12-   1980+        0.00
1992    13    1979        16.01
1992    14    1978        79.00
1992    15    1977       338.02
1992    16    1976      1333.07
1992    17    1975      3292.18
1992    18    1974      7325.42
1992    19    1973     13005.74
1992    20    1972     19929.13
1992    21    1971     27191.55
1992    22    1970     32636.86
1992    23    1969     39229.23
1992    24    1968     45938.61
1992    25    1967     53133.02
1992    26    1966     61356.49
1992    27    1965     65676.73
1992    28    1964     68095.87
1992    29    1963     65002.70
1992    30    1962     59245.37
1992    31    1961     52829.01
1992    32    1960     45071.56
1992    33    1959     36043.05
1992    34    1958     29134.65
1992    35    1957     23029.31
1992    36    1956     17865.02
1992    37    1955     13139.75
1992    38    1954      9817.55
1992    39    1953      6889.39
1992    40    1952      5020.28
1992    41    1951      3116.17
1992    42    1950      2053.12
1992    43    1949      1160.06
1992    44    1948       585.03
1992    45    1947       259.02
1992    46    1946       114.01
1992    47    1945        55.00
1992    48    1944        33.00
1992    49    1943        25.00
1992    50    1942        17.89
1992    51    1941        14.54
1992    52    1940         9.02
1992    53    1939         4.78
1992    54    1938         2.17
1992    55+   1937-        0.62
1993    12-   1981+        0.00
1993    13    1980         5.00
1993    14    1979        84.00
1993    15    1978       365.00
1993    16    1977      1165.02
1993    17    1976      3050.05
1993    18    1975      6356.08
1993    19    1974     11578.16
1993    20    1973     17242.24
1993    21    1972     23370.32
1993    22    1971     29780.41
1993    23    1970     35359.48
1993    24    1969     42855.59
1993    25    1968     51187.70
1993    26    1967     57989.80
1993    27    1966     64670.89
1993    28    1965     67174.93
1993    29    1964     66289.92
1993    30    1963     63274.87
1993    31    1962     54782.75
1993    32    1961     46443.64
1993    33    1960     38534.53
1993    34    1959     31000.42
1993    35    1958     24052.33
1993    36    1957     18548.26
1993    37    1956     13867.19
1993    38    1955      9841.14
1993    39    1954      7122.10
1993    40    1953      4870.07
1993    41    1952      3201.04
1993    42    1951      1953.02
1993    43    1950      1241.01
1993    44    1949       603.01
1993    45    1948       320.00
1993    46    1947       120.00
1993    47    1946        64.00
1993    48    1945        18.00
1993    49    1944        22.00
1993    50    1943        16.77
1993    51    1942        10.92
1993    52    1941         7.88
1993    53    1940         4.57
1993    54    1939         2.22
1993    55+   1938-        0.64
1994    12-   1982+        0.00
1994    13    1981        10.00
1994    14    1980        64.00
1994    15    1979       361.00
1994    16    1978      1206.02
1994    17    1977      2926.03
1994    18    1976      5794.06
1994    19    1975     10302.11
1994    20    1974     15654.16
1994    21    1973     20669.22
1994    22    1972     26257.27
1994    23    1971     32831.34
1994    24    1970     38414.39
1994    25    1969     46274.48
1994    26    1968     53551.56
1994    27    1967     59302.61
1994    28    1966     64216.66
1994    29    1965     64673.67
1994    30    1964     62952.66
1994    31    1963     55779.58
1994    32    1962     47294.49
1994    33    1961     39836.41
1994    34    1960     32095.34
1994    35    1959     25081.26
1994    36    1958     18975.19
1994    37    1957     14351.15
1994    38    1956     10422.11
1994    39    1955      7374.08
1994    40    1954      5134.05
1994    41    1953      3259.03
1994    42    1952      2101.02
1994    43    1951      1141.01
1994    44    1950       702.00
1994    45    1949       306.00
1994    46    1948       161.00
1994    47    1947        50.00
1994    48    1946        22.00
1994    49    1945        14.00
1994    50    1944        16.13
1994    51    1943        11.54
1994    52    1942         6.78
1994    53    1941         4.51
1994    54    1940         2.34
1994    55+   1939-        0.71
1995    12-   1983+        0.00
1995    13    1982        14.00
1995    14    1981        67.00
1995    15    1980       327.00
1995    16    1979      1183.01
1995    17    1978      2837.03
1995    18    1977      5572.06
1995    19    1976      9984.11
1995    20    1975     14500.15
1995    21    1974     19526.20
1995    22    1973     24004.25
1995    23    1972     29302.31
1995    24    1971     36398.38
1995    25    1970     42777.44
1995    26    1969     50984.54
1995    27    1968     57130.60
1995    28    1967     62328.65
1995    29    1966     65003.68
1995    30    1965     62673.66
1995    31    1964     58051.60
1995    32    1963     50812.53
1995    33    1962     41807.44
1995    34    1961     34305.36
1995    35    1960     27396.29
1995    36    1959     20885.22
1995    37    1958     14994.16
1995    38    1957     11203.12
1995    39    1956      7953.09
1995    40    1955      5216.06
1995    41    1954      3428.04
1995    42    1953      2071.02
1995    43    1952      1223.01
1995    44    1951       626.01
1995    45    1950       374.00
1995    46    1949       135.00
1995    47    1948        56.00
1995    48    1947        20.00
1995    49    1946        14.00
1995    50    1945        11.27
1995    51    1944        10.63
1995    52    1943         6.62
1995    53    1942         3.60
1995    54    1941         2.17
1995    55+   1940-        0.72
1996    12-   1984+        0.00
1996    13    1983        14.00
1996    14    1982        95.00
1996    15    1981       382.00
1996    16    1980      1312.01
1996    17    1979      2963.03
1996    18    1978      5827.05
1996    19    1977     10267.09
1996    20    1976     15082.13
1996    21    1975     19643.17
1996    22    1974     24686.21
1996    23    1973     29038.25
1996    24    1972     34917.31
1996    25    1971     42955.37
1996    26    1970     49987.44
1996    27    1969     57179.50
1996    28    1968     62814.56
1996    29    1967     66239.58
1996    30    1966     66254.58
1996    31    1965     61642.55
1996    32    1964     55203.48
1996    33    1963     46383.40
1996    34    1962     37111.33
1996    35    1961     30073.27
1996    36    1960     23416.20
1996    37    1959     17108.15
1996    38    1958     12165.11
1996    39    1957      8661.08
1996    40    1956      6031.06
1996    41    1955      3719.03
1996    42    1954      2300.02
1996    43    1953      1236.01
1996    44    1952       716.01
1996    45    1951       316.00
1996    46    1950       149.00
1996    47    1949        68.00
1996    48    1948        19.00
1996    49    1947        15.00
1996    50    1946         8.21
1996    51    1945         4.78
1996    52    1944         3.95
1996    53    1943         2.37
1996    54    1942         1.22
1996    55+   1941-        0.47
1997    12-   1985+        0.00
1997    13    1984         9.00
1997    14    1983        70.00
1997    15    1982       347.01
1997    16    1981      1197.00
1997    17    1980      3148.01
1997    18    1979      5992.02
1997    19    1978     10426.04
1997    20    1977     15047.05
1997    21    1976     19727.07
1997    22    1975     24178.09
1997    23    1974     28530.10
1997    24    1973     33076.13
1997    25    1972     40114.15
1997    26    1971     48443.18
1997    27    1970     54805.20
1997    28    1969     61874.22
1997    29    1968     65763.24
1997    30    1967     67038.25
1997    31    1966     64923.23
1997    32    1965     57938.21
1997    33    1964     49755.19
1997    34    1963     41352.15
1997    35    1962     33139.12
1997    36    1961     26032.10
1997    37    1960     19375.07
1997    38    1959     13954.05
1997    39    1958      9704.04
1997    40    1957      6539.03
1997    41    1956      4275.02
1997    42    1955      2536.01
1997    43    1954      1473.00
1997    44    1953       693.00
1997    45    1952       370.00
1997    46    1951       146.00
1997    47    1950       100.00
1997    48    1949        35.00
1997    49    1948        11.00
1997    50    1947        13.10
1997    51    1946         9.89
1997    52    1945         5.82
1997    53    1944         4.36
1997    54    1943         2.18
1997    55+   1942-        0.65
1998    12-   1986+        0.00
1998    13    1985         0.39
1998    14    1984        27.97
1998    15    1983       396.64
1998    16    1982      1202.01
1998    17    1981      3056.03
1998    18    1980      6380.07
1998    19    1979     10605.12
1998    20    1978     15439.17
1998    21    1977     19824.23
1998    22    1976     23702.27
1998    23    1975     27446.31
1998    24    1974     31684.36
1998    25    1973     36347.42
1998    26    1972     42896.49
1998    27    1971     50551.58
1998    28    1970     55220.63
1998    29    1969     61353.71
1998    30    1968     63655.73
1998    31    1967     61672.71
1998    32    1966     57452.66
1998    33    1965     50048.57
1998    34    1964     42460.49
1998    35    1963     34782.40
1998    36    1962     26813.31
1998    37    1961     20319.23
1998    38    1960     14629.17
1998    39    1959     10211.11
1998    40    1958      6898.08
1998    41    1957      4408.05
1998    42    1956      2611.03
1998    43    1955      1452.01
1998    44    1954       777.01
1998    45    1953       388.01
1998    46    1952       154.00
1998    47    1951        66.00
1998    48    1950        52.00
1998    49    1949        16.00
1998    50    1948        12.94
1998    51    1947         9.14
1998    52    1946         5.08
1998    53    1945         2.57
1998    54    1944         1.71
1998    55+   1943-        0.54
1999    12-   1987+        0.00
1999    13    1986         0.40
1999    14    1985        27.07
1999    15    1984       393.53
1999    16    1983      1234.00
1999    17    1982      3085.00
1999    18    1981      6332.00
1999    19    1980     11158.00
1999    20    1979     15558.00
1999    21    1978     19693.00
1999    22    1977     24009.00
1999    23    1976     27326.00
1999    24    1975     30436.00
1999    25    1974     35493.00
1999    26    1973     39850.00
1999    27    1972     45348.00
1999    28    1971     52632.00
1999    29    1970     56566.00
1999    30    1969     60007.00
1999    31    1968     60093.00
1999    32    1967     56767.00
1999    33    1966     50623.00
1999    34    1965     43428.00
1999    35    1964     36185.00
1999    36    1963     28680.00
1999    37    1962     21055.00
1999    38    1961     15398.00
1999    39    1960     11165.00
1999    40    1959      7540.00
1999    41    1958      4627.00
1999    42    1957      2963.00
1999    43    1956      1619.00
1999    44    1955       789.00
1999    45    1954       342.00
1999    46    1953       163.00
1999    47    1952        58.00
1999    48    1951        48.00
1999    49    1950        25.00
1999    50    1949        12.82
1999    51    1948         7.50
1999    52    1947         4.23
1999    53    1946         2.10
1999    54    1945         0.96
1999    55+   1944-        0.40
2000    12-   1988+        0.00
2000    13    1987         1.02
2000    14    1986        63.98
2000    15    1985       401.00
2000    16    1984      1237.00
2000    17    1983      3093.00
2000    18    1982      6377.00
2000    19    1981     11495.00
2000    20    1980     16529.00
2000    21    1979     20284.00
2000    22    1978     24039.00
2000    23    1977     27844.00
2000    24    1976     30948.00
2000    25    1975     34736.00
2000    26    1974     39265.00
2000    27    1973     42418.00
2000    28    1972     48124.00
2000    29    1971     54345.00
2000    30    1970     56419.00
2000    31    1969     57828.00
2000    32    1968     56175.00
2000    33    1967     51021.00
2000    34    1966     45149.00
2000    35    1965     37216.00
2000    36    1964     30092.00
2000    37    1963     22928.00
2000    38    1962     16709.00
2000    39    1961     12224.00
2000    40    1960      8415.00
2000    41    1959      5215.00
2000    42    1958      3020.00
2000    43    1957      1808.00
2000    44    1956       874.00
2000    45    1955       398.00
2000    46    1954       181.00
2000    47    1953        55.00
2000    48    1952        31.00
2000    49    1951        18.00
2000    50    1950        14.00
2000    51    1949         4.44
2000    52    1948         2.42
2000    53    1947         1.34
2000    54    1946         0.62
2000    55+   1945-        0.18
2001    12-   1989+        0.00
2001    13    1988         1.43
2001    14    1987        93.56
2001    15    1986       454.00
2001    16    1985      1385.00
2001    17    1984      3306.00
2001    18    1983      6289.00
2001    19    1982     11397.00
2001    20    1981     16067.00
2001    21    1980     20731.00
2001    22    1979     23696.00
2001    23    1978     27012.00
2001    24    1977     30496.00
2001    25    1976     33849.00
2001    26    1975     36594.00
2001    27    1974     40071.00
2001    28    1973     42596.00
2001    29    1972     47743.00
2001    30    1971     52545.00
2001    31    1970     52401.00
2001    32    1969     52371.00
2001    33    1968     49086.00
2001    34    1967     43912.00
2001    35    1966     37494.00
2001    36    1965     30362.00
2001    37    1964     23671.00
2001    38    1963     17704.00
2001    39    1962     12293.00
2001    40    1961      8666.00
2001    41    1960      5508.00
2001    42    1959      3167.00
2001    43    1958      1811.00
2001    44    1957       882.00
2001    45    1956       462.00
2001    46    1955       197.00
2001    47    1954        92.00
2001    48    1953        18.00
2001    49    1952        11.00
2001    50    1951        12.00
2001    51    1950        12.23
2001    52    1949         9.05
2001    53    1948         4.87
2001    54    1947         2.25
2001    55+   1946-        0.60
2002    12-   1990+        0.00
2002    13    1989         1.50
2002    14    1988        99.50
2002    15    1987       455.00
2002    16    1986      1458.00
2002    17    1985      3406.00
2002    18    1984      6064.00
2002    19    1983     10467.00
2002    20    1982     15165.00
2002    21    1981     19911.00
2002    22    1980     23701.00
2002    23    1979     26686.00
2002    24    1978     29905.00
2002    25    1977     33578.00
2002    26    1976     36493.00
2002    27    1975     38509.00
2002    28    1974     41762.00
2002    29    1973     43985.00
2002    30    1972     47463.00
2002    31    1971     51041.00
2002    32    1970     48936.00
2002    33    1969     47649.00
2002    34    1968     43498.00
2002    35    1967     38216.00
2002    36    1966     31644.00
2002    37    1965     24752.00
2002    38    1964     18379.00
2002    39    1963     13390.00
2002    40    1962      9271.00
2002    41    1961      6017.00
2002    42    1960      3509.00
2002    43    1959      1959.00
2002    44    1958      1045.00
2002    45    1957       487.00
2002    46    1956       186.00
2002    47    1955        81.00
2002    48    1954        36.00
2002    49    1953        25.00
2002    50    1952         6.00
2002    51    1951         5.46
2002    52    1950         4.13
2002    53    1949         2.63
2002    54    1948         1.36
2002    55+   1947-        0.42
2003    12-   1991+        0.00
2003    13    1990         1.29
2003    14    1989        82.71
2003    15    1988       406.00
2003    16    1987      1378.00
2003    17    1986      3263.00
2003    18    1985      5875.00
2003    19    1984      9938.00
2003    20    1983     14069.00
2003    21    1982     18735.00
2003    22    1981     23207.00
2003    23    1980     26835.00
2003    24    1979     29339.00
2003    25    1978     33480.00
2003    26    1977     36918.00
2003    27    1976     39242.00
2003    28    1975     40741.00
2003    29    1974     43250.00
2003    30    1973     44117.00
2003    31    1972     46635.00
2003    32    1971     47736.00
2003    33    1970     45312.00
2003    34    1969     42349.00
2003    35    1968     38557.00
2003    36    1967     32169.00
2003    37    1966     25604.00
2003    38    1965     19163.00
2003    39    1964     14278.00
2003    40    1963      9846.00
2003    41    1962      6306.00
2003    42    1961      3754.00
2003    43    1960      2163.00
2003    44    1959      1067.00
2003    45    1958       491.00
2003    46    1957       231.00
2003    47    1956       101.00
2003    48    1955        40.00
2003    49    1954        24.00
2003    50    1953         5.00
2003    51    1952         4.94
2003    52    1951         3.72
2003    53    1950         2.51
2003    54    1949         1.39
2003    55+   1948-        0.43
2004    12-   1992+        0.00
2004    13    1991         1.27
2004    14    1990        86.74
2004    15    1989       381.00
2004    16    1988      1323.00
2004    17    1987      3024.00
2004    18    1986      5693.00
2004    19    1985      9472.00
2004    20    1984     13382.00
2004    21    1983     17561.00
2004    22    1982     22212.00
2004    23    1981     26075.00
2004    24    1980     30876.00
2004    25    1979     33571.00
2004    26    1978     37067.00
2004    27    1977     40053.00
2004    28    1976     41859.00
2004    29    1975     42954.00
2004    30    1974     44021.00
2004    31    1973     44041.00
2004    32    1972     45012.00
2004    33    1971     45485.00
2004    34    1970     41583.00
2004    35    1969     38220.00
2004    36    1968     33024.00
2004    37    1967     26665.00
2004    38    1966     20496.00
2004    39    1965     15290.00
2004    40    1964     10904.00
2004    41    1963      6784.00
2004    42    1962      4048.00
2004    43    1961      2292.00
2004    44    1960      1169.00
2004    45    1959       562.00
2004    46    1958       245.00
2004    47    1957        92.00
2004    48    1956        54.00
2004    49    1955        20.00
2004    50    1954         7.00
2004    51    1953         6.55
2004    52    1952         4.97
2004    53    1951         3.17
2004    54    1950         1.76
2004    55+   1949-        0.56
2005    12-   1993+        0.00
2005    13    1992         1.10
2005    14    1991        70.90
2005    15    1990       384.00
2005    16    1989      1209.00
2005    17    1988      2990.00
2005    18    1987      5267.00
2005    19    1986      9455.00
2005    20    1985     13322.00
2005    21    1984     16955.00
2005    22    1983     20376.00
2005    23    1982     24990.00
2005    24    1981     28996.00
2005    25    1980     33822.00
2005    26    1979     36418.00
2005    27    1978     39495.00
2005    28    1977     41293.00
2005    29    1976     42764.00
2005    30    1975     42544.00
2005    31    1974     43354.00
2005    32    1973     41354.00
2005    33    1972     41270.00
2005    34    1971     40462.00
2005    35    1970     35867.00
2005    36    1969     32155.00
2005    37    1968     26252.00
2005    38    1967     20979.00
2005    39    1966     15949.00
2005    40    1965     11272.00
2005    41    1964      7212.00
2005    42    1963      4388.00
2005    43    1962      2527.00
2005    44    1961      1301.00
2005    45    1960       581.00
2005    46    1959       272.00
2005    47    1958       115.00
2005    48    1957        75.00
2005    49    1956        33.00
2005    50    1955         6.00
2005    51    1954         7.03
2005    52    1953         5.62
2005    53    1952         3.71
2005    54    1951         2.00
2005    55+   1950-        0.66
2006    12-   1994+        0.00
2006    13    1993         1.13
2006    14    1992        70.87
2006    15    1991       323.00
2006    16    1990      1216.00
2006    17    1989      2701.00
2006    18    1988      5078.00
2006    19    1987      9039.00
2006    20    1986     13071.00
2006    21    1985     16181.00
2006    22    1984     19502.00
2006    23    1983     23141.00
2006    24    1982     27831.00
2006    25    1981     32461.00
2006    26    1980     37180.00
2006    27    1979     38772.00
2006    28    1978     41342.00
2006    29    1977     43063.00
2006    30    1976     43704.00
2006    31    1975     42269.00
2006    32    1974     40949.00
2006    33    1973     38267.00
2006    34    1972     36775.00
2006    35    1971     35463.00
2006    36    1970     30728.00
2006    37    1969     26045.00
2006    38    1968     21165.00
2006    39    1967     16462.00
2006    40    1966     11921.00
2006    41    1965      7811.00
2006    42    1964      4759.00
2006    43    1963      2796.00
2006    44    1962      1392.00
2006    45    1961       712.00
2006    46    1960       309.00
2006    47    1959       115.00
2006    48    1958        38.00
2006    49    1957        33.00
2006    50    1956        13.00
2006    51    1955        10.55
2006    52    1954         7.35
2006    53    1953         4.25
2006    54    1952         2.17
2006    55+   1951-        0.67
2007    12-   1995+        0.00
2007    13    1994         1.09
2007    14    1993        69.91
2007    15    1992       339.00
2007    16    1991      1059.00
2007    17    1990      2586.00
2007    18    1989      4835.00
2007    19    1988      8829.00
2007    20    1987     12650.00
2007    21    1986     16077.00
2007    22    1985     19007.00
2007    23    1984     22535.00
2007    24    1983     26164.00
2007    25    1982     31858.00
2007    26    1981     36678.00
2007    27    1980     41219.00
2007    28    1979     42367.00
2007    29    1978     44547.00
2007    30    1977     45726.00
2007    31    1976     44958.00
2007    32    1975     41822.00
2007    33    1974     40345.00
2007    34    1973     36465.00
2007    35    1972     34790.00
2007    36    1971     32094.00
2007    37    1970     26711.00
2007    38    1969     21672.00
2007    39    1968     17188.00
2007    40    1967     12633.00
2007    41    1966      8586.00
2007    42    1965      5170.00
2007    43    1964      2923.00
2007    44    1963      1575.00
2007    45    1962       742.00
2007    46    1961       321.00
2007    47    1960       155.00
2007    48    1959        85.00
2007    49    1958        33.00
2007    50    1957        22.00
2007    51    1956        11.68
2007    52    1955         6.95
2007    53    1954         3.87
2007    54    1953         1.89
2007    55+   1952-        0.59
2008    12-   1996+        0.00
2008    13    1995         0.98
2008    14    1994        60.01
2008    15    1993       317.00
2008    16    1992      1056.00
2008    17    1991      2467.00
2008    18    1990      4675.00
2008    19    1989      8104.00
2008    20    1988     12370.00
2008    21    1987     15469.00
2008    22    1986     18522.00
2008    23    1985     21416.00
2008    24    1984     25253.00
2008    25    1983     29882.00
2008    26    1982     35633.00
2008    27    1981     40030.00
2008    28    1980     44137.00
2008    29    1979     44732.00
2008    30    1978     46201.00
2008    31    1977     46181.00
2008    32    1976     44135.00
2008    33    1975     40219.00
2008    34    1974     37241.00
2008    35    1973     33336.00
2008    36    1972     30753.00
2008    37    1971     26650.00
2008    38    1970     21831.00
2008    39    1969     17410.00
2008    40    1968     13421.00
2008    41    1967      9002.00
2008    42    1966      5602.00
2008    43    1965      3162.00
2008    44    1964      1705.00
2008    45    1963       839.00
2008    46    1962       376.00
2008    47    1961       160.00
2008    48    1960        79.00
2008    49    1959        40.00
2008    50    1958        22.00
2008    51    1957        11.68
2008    52    1956         6.98
2008    53    1955         3.84
2008    54    1954         1.92
2008    55+   1953-        0.59
2009    12-   1997+        0.00
2009    13    1996         0.96
2009    14    1995        52.03
2009    15    1994       244.00
2009    16    1993       917.00
2009    17    1992      2142.00
2009    18    1991      4009.00
2009    19    1990      7704.00
2009    20    1989     10976.00
2009    21    1988     14690.00
2009    22    1987     17610.00
2009    23    1986     20809.00
2009    24    1985     23986.00
2009    25    1984     28564.00
2009    26    1983     33230.00
2009    27    1982     38506.00
2009    28    1981     42258.00
2009    29    1980     45767.00
2009    30    1979     45855.00
2009    31    1978     45873.00
2009    32    1977     44249.00
2009    33    1976     41179.00
2009    34    1975     36915.00
2009    35    1974     32905.00
2009    36    1973     28660.00
2009    37    1972     25023.00
2009    38    1971     21485.00
2009    39    1970     16872.00
2009    40    1969     13056.00
2009    41    1968      9157.00
2009    42    1967      5618.00
2009    43    1966      3327.00
2009    44    1965      1796.00
2009    45    1964       907.00
2009    46    1963       393.00
2009    47    1962       168.00
2009    48    1961       100.00
2009    49    1960        51.00
2009    50    1959        31.00
2009    51    1958        19.43
2009    52    1957        11.85
2009    53    1956         6.12
2009    54    1955         2.78
2009    55+   1954-        0.82
2010    12-   1998+        0.00
2010    13    1997         0.98
2010    14    1996        54.02
2010    15    1995       230.00
2010    16    1994       870.00
2010    17    1993      2039.00
2010    18    1992      3850.00
2010    19    1991      7009.00
2010    20    1990     10741.00
2010    21    1989     13836.00
2010    22    1988     17497.00
2010    23    1987     20572.00
2010    24    1986     24330.00
2010    25    1985     28493.00
2010    26    1984     33129.00
2010    27    1983     37641.00
2010    28    1982     42972.00
2010    29    1981     46445.00
2010    30    1980     49114.00
2010    31    1979     47942.00
2010    32    1978     46036.00
2010    33    1977     43480.00
2010    34    1976     39299.00
2010    35    1975     34287.00
2010    36    1974     29866.00
2010    37    1973     24677.00
2010    38    1972     20745.00
2010    39    1971     17363.00
2010    40    1970     13238.00
2010    41    1969      9319.00
2010    42    1968      5837.00
2010    43    1967      3367.00
2010    44    1966      1800.00
2010    45    1965       977.00
2010    46    1964       444.00
2010    47    1963       211.00
2010    48    1962        83.00
2010    49    1961        62.00
2010    50    1960        37.00
2010    51    1959        26.18
2010    52    1958        15.61
2010    53    1957         7.85
2010    54    1956         3.41
2010    55+   1955-        0.95
2011    12-   1999+        0.00
2011    13    1998         0.85
2011    14    1997        51.16
2011    15    1996       267.00
2011    16    1995       794.00
2011    17    1994      1823.00
2011    18    1993      3447.00
2011    19    1992      6382.00
2011    20    1991      9290.00
2011    21    1990     13225.00
2011    22    1989     15729.00
2011    23    1988     19480.00
2011    24    1987     23117.00
2011    25    1986     27805.00
2011    26    1985     31660.00
2011    27    1984     35822.00
2011    28    1983     40703.00
2011    29    1982     45359.00
2011    30    1981     47953.00
2011    31    1980     49576.00
2011    32    1979     46594.00
2011    33    1978     43114.00
2011    34    1977     39792.00
2011    35    1976     35251.00
2011    36    1975     29771.00
2011    37    1974     24930.00
2011    38    1973     19512.00
2011    39    1972     16314.00
2011    40    1971     13049.00
2011    41    1970      8998.00
2011    42    1969      5702.00
2011    43    1968      3452.00
2011    44    1967      1840.00
2011    45    1966       989.00
2011    46    1965       426.00
2011    47    1964       192.00
2011    48    1963       104.00
2011    49    1962        64.00
2011    50    1961        40.00
2011    51    1960        32.04
2011    52    1959        20.31
2011    53    1958         9.58
2011    54    1957         3.98
2011    55+   1956-        1.09
2012    12-   2000+        0.00
2012    13    1999         0.88
2012    14    1998        51.11
2012    15    1997       253.00
2012    16    1996       797.00
2012    17    1995      1818.00
2012    18    1994      3294.00
2012    19    1993      5973.01
2012    20    1992      9204.01
2012    21    1991     11976.02
2012    22    1990     15697.02
2012    23    1989     18710.03
2012    24    1988     23363.03
2012    25    1987     27678.04
2012    26    1986     33059.04
2012    27    1985     36334.05
2012    28    1984     40723.06
2012    29    1983     44226.07
2012    30    1982     49427.08
2012    31    1981     50623.08
2012    32    1980     49793.08
2012    33    1979     45069.07
2012    34    1978     41191.06
2012    35    1977     36655.06
2012    36    1976     31652.04
2012    37    1975     25248.03
2012    38    1974     20330.03
2012    39    1973     15758.02
2012    40    1972     12593.02
2012    41    1971      8901.01
2012    42    1970      5761.01
2012    43    1969      3473.01
2012    44    1968      1901.00
2012    45    1967       983.00
2012    46    1966       510.00
2012    47    1965       218.00
2012    48    1964       137.00
2012    49    1963        71.00
2012    50    1962        24.00
2012    51    1961        29.11
2012    52    1960        21.88
2012    53    1959        11.24
2012    54    1958         4.53
2012    55+   1957-        1.24
2013    12-   2001+        0.00
2013    13    2000         0.76
2013    14    1999        45.24
2013    15    1998       265.00
2013    16    1997       786.00
2013    17    1996      1726.00
2013    18    1995      3394.00
2013    19    1994      5716.00
2013    20    1993      8391.00
2013    21    1992     11102.00
2013    22    1991     13933.00
2013    23    1990     18626.00
2013    24    1989     22182.00
2013    25    1988     28047.00
2013    26    1987     32977.00
2013    27    1986     37331.00
2013    28    1985     40965.00
2013    29    1984     44709.00
2013    30    1983     47866.00
2013    31    1982     51553.00
2013    32    1981     50880.00
2013    33    1980     48371.00
2013    34    1979     43096.00
2013    35    1978     38461.00
2013    36    1977     32793.00
2013    37    1976     27034.00
2013    38    1975     21159.00
2013    39    1974     16457.00
2013    40    1973     12271.00
2013    41    1972      8667.00
2013    42    1971      5784.00
2013    43    1970      3449.00
2013    44    1969      1972.00
2013    45    1968       998.00
2013    46    1967       487.00
2013    47    1966       276.00
2013    48    1965       109.00
2013    49    1964        73.00
2013    50    1963        50.00
2013    51    1962        32.93
2013    52    1961        19.67
2013    53    1960         9.39
2013    54    1959         3.94
2013    55+   1958-        1.06
2014    12-   2002+        0.00
2014    13    2001         1.07
2014    14    2000        64.93
2014    15    1999       278.00
2014    16    1998       812.00
2014    17    1997      1915.00
2014    18    1996      3371.00
2014    19    1995      5647.00
2014    20    1994      8201.00
2014    21    1993     10724.00
2014    22    1992     13687.00
2014    23    1991     17130.00
2014    24    1990     22777.00
2014    25    1989     27692.00
2014    26    1988     34383.00
2014    27    1987     38900.00
2014    28    1986     43795.00
2014    29    1985     47138.00
2014    30    1984     50617.00
2014    31    1983     52905.00
2014    32    1982     54074.00
2014    33    1981     51327.00
2014    34    1980     47707.00
2014    35    1979     41286.00
2014    36    1978     35199.00
2014    37    1977     29002.00
2014    38    1976     23113.00
2014    39    1975     17622.00
2014    40    1974     13176.00
2014    41    1973      8771.00
2014    42    1972      5902.00
2014    43    1971      3649.00
2014    44    1970      1935.00
2014    45    1969       999.00
2014    46    1968       545.00
2014    47    1967       250.00
2014    48    1966       148.00
2014    49    1965        66.00
2014    50    1964        45.00
2014    51    1963        34.97
2014    52    1962        21.64
2014    53    1961        10.72
2014    54    1960         4.46
2014    55+   1959-        1.23
2015    12-   2003+        0.00
2015    13    2002         1.14
2015    14    2001        68.85
2015    15    2000       305.00
2015    16    1999       831.00
2015    17    1998      1835.00
2015    18    1997      3411.00
2015    19    1996      5881.00
2015    20    1995      8375.00
2015    21    1994     10817.00
2015    22    1993     13623.00
2015    23    1992     16889.00
2015    24    1991     21273.00
2015    25    1990     28437.00
2015    26    1989     34216.00
2015    27    1988     40720.00
2015    28    1987     45771.00
2015    29    1986     50091.00
2015    30    1985     52244.00
2015    31    1984     54241.00
2015    32    1983     54164.00
2015    33    1982     53627.00
2015    34    1981     49409.00
2015    35    1980     44904.00
2015    36    1979     37380.00
2015    37    1978     30138.00
2015    38    1977     24005.00
2015    39    1976     18627.00
2015    40    1975     13692.00
2015    41    1974      9433.00
2015    42    1973      5547.00
2015    43    1972      3344.00
2015    44    1971      2007.00
2015    45    1970      1074.00
2015    46    1969       541.00
2015    47    1968       286.00
2015    48    1967       138.00
2015    49    1966        95.00
2015    50    1965        51.00
2015    51    1964        40.06
2015    52    1963        24.86
2015    53    1962        11.82
2015    54    1961         4.93
2015    55+   1960-        1.33
2016    12-   2004+        0.00
2016    13    2003         1.28
2016    14    2002        75.75
2016    15    2001       316.06
2016    16    2000       949.19
2016    17    1999      2073.42
2016    18    1998      3912.78
2016    19    1997      7103.41
2016    20    1996      9720.93
2016    21    1995     12440.48
2016    22    1994     15101.01
2016    23    1993     17982.59
2016    24    1992     22312.45
2016    25    1991     27586.50
2016    26    1990     36459.27
2016    27    1989     42401.46
2016    28    1988     49474.87
2016    29    1987     53910.76
2016    30    1986     57132.40
2016    31    1985     58168.60
2016    32    1984     57408.45
2016    33    1983     55221.02
2016    34    1982     52768.53
2016    35    1981     47872.54
2016    36    1980     42148.41
2016    37    1979     33351.65
2016    38    1978     26168.22
2016    39    1977     20470.08
2016    40    1976     15141.02
2016    41    1975      9931.98
2016    42    1974      6264.25
2016    43    1973      3670.73
2016    44    1972      2068.41
2016    45    1971      1090.22
2016    46    1970       640.13
2016    47    1969       311.06
2016    48    1968       180.04
2016    49    1967       108.02
2016    50    1966        89.02
2016    51    1965        53.47
2016    52    1964        30.04
2016    53    1963        13.65
2016    54    1962         5.39
2016    55+   1961-        1.46
2017    12-   2005+        0.00
2017    13    2004         0.98
2017    14    2003        55.02
2017    15    2002       252.03
2017    16    2001       787.09
2017    17    2000      1747.21
2017    18    1999      3342.40
2017    19    1998      6065.73
2017    20    1997      8798.05
2017    21    1996     11627.39
2017    22    1995     13997.67
2017    23    1994     16885.03
2017    24    1993     20833.50
2017    25    1992     26244.14
2017    26    1991     32741.92
2017    27    1990     42154.04
2017    28    1989     47463.69
2017    29    1988     54849.57
2017    30    1987     58146.96
2017    31    1986     60171.21
2017    32    1985     58130.96
2017    33    1984     55544.66
2017    34    1983     51494.16
2017    35    1982     47851.74
2017    36    1981     42227.06
2017    37    1980     35194.21
2017    38    1979     26958.23
2017    39    1978     20877.50
2017    40    1977     15579.86
2017    41    1976     10296.24
2017    42    1975      6308.76
2017    43    1974      3755.45
2017    44    1973      1970.23
2017    45    1972      1182.14
2017    46    1971       601.07
2017    47    1970       309.04
2017    48    1969       156.02
2017    49    1968        98.01
2017    50    1967        77.01
2017    51    1966        54.44
2017    52    1965        31.41
2017    53    1964        14.73
2017    54    1963         5.89
2017    55+   1962-        1.55
